0 	0 	0 	0
0.000446734 	8.71946e-05 	0.00260028 	2.61564e-26
0.000893467 	0.000173888 	0.00518213 	5.22084e-26
0.0013402 	0.000222177 	0.00712239 	5.80409e-26
0.00178693 	0.000235048 	0.00846575 	4.51232e-26
0.00223367 	0.000244834 	0.0097836 	3.20488e-26
0.0026804 	0.000201238 	0.0104536 	1.89145e-26
0.00312714 	0.000157642 	0.0111236 	5.78026e-27
0.00357387 	0.000108104 	0.0116607 	6.01524e-27
0.0040206 	5.52049e-05 	0.012088 	1.76933e-26
0.00446734 	1.90737e-06 	0.0125085 	2.97049e-26
0.00491407 	-4.60064e-05 	0.0127975 	5.02298e-26
0.0053608 	-9.39202e-05 	0.0130865 	7.07547e-26
0.00580754 	-0.000138175 	0.0132973 	7.77471e-26
0.00625427 	-0.000178701 	0.0134469 	7.48544e-26
0.00670101 	-0.000219108 	0.0135863 	7.05161e-26
0.00714774 	-0.000252867 	0.0136017 	4.99912e-26
0.00759447 	-0.000286626 	0.013617 	2.94663e-26
0.00804121 	-0.000317062 	0.0135658 	1.64952e-26
0.00848794 	-0.000344672 	0.0134682 	7.70992e-27
0.00893467 	-0.000371907 	0.0133618 	0
0.00938141 	-0.000393767 	0.0131777 	0
0.00982814 	-0.000415627 	0.0129936 	0
0.0102749 	-0.000434267 	0.0127708 	0
0.0107216 	-0.000450668 	0.0125238 	0
0.0111683 	-0.000466483 	0.0122712 	0
0.0116151 	-0.000477738 	0.01198 	0
0.0120618 	-0.000488992 	0.0116889 	0
0.0125085 	-0.000497232 	0.011379 	0
0.0129553 	-0.000503758 	0.0110585 	0
0.013402 	-0.000509605 	0.0107354 	0
0.0138487 	-0.000511922 	0.0103977 	0
0.0142955 	-0.000514239 	0.01006 	0
0.0147422 	-0.000514055 	0.00971751 	0
0.0151889 	-0.000512729 	0.00937269 	0
0.0156357 	-0.000510746 	0.00902807 	0
0.0160824 	-0.000506343 	0.00868449 	0
0.0165291 	-0.000501941 	0.00834092 	0
0.0169759 	-0.000495651 	0.00800279 	0
0.0174226 	-0.000488711 	0.00766716 	0
0.0178693 	-0.000481204 	0.00733414 	0
0.0183161 	-0.00047223 	0.00701162 	0
0.0187628 	-0.000463257 	0.00668909 	0
0.0192095 	-0.000452992 	0.0063786 	0
0.0196563 	-0.000442447 	0.00607298 	0
0.020103 	-0.000431463 	0.00577175 	0
0.0205497 	-0.000419764 	0.00548565 	0
0.0209965 	-0.000408065 	0.00519954 	0
0.0214432 	-0.000395603 	0.00492903 	0
0.0218899 	-0.000383118 	0.00466405 	0
0.0223367 	-0.000370334 	0.00440456 	0
0.0227834 	-0.00035738 	0.00416147 	0
0.0232302 	-0.000344426 	0.00391838 	0
0.0236769 	-0.000331142 	0.00369201 	0
0.0241236 	-0.000317986 	0.00347085 	0
0.0245704 	-0.000304667 	0.00325556 	0
0.0250171 	-0.000291526 	0.00305576 	0
0.0254638 	-0.000278385 	0.00285595 	0
0.0259106 	-0.000265232 	0.00267216 	0
0.0263573 	-0.000252275 	0.00249266 	0
0.026804 	-0.000239264 	0.00231884 	0
0.0272508 	-0.000226613 	0.00215821 	0
0.0276975 	-0.000213962 	0.00199759 	0
0.0281442 	-0.000201491 	0.00185088 	0
0.028591 	-0.000189224 	0.00170736 	0
0.0290377 	-0.000176979 	0.00156877 	0
0.0294844 	-0.000165135 	0.00144037 	0
0.0299312 	-0.000153291 	0.00131197 	0
0.0303779 	-0.000141707 	0.00119441 	0
0.0308246 	-0.000130291 	0.00107894 	0
0.0312714 	-0.000118935 	0.000967198 	0
0.0317181 	-0.00010792 	0.000862341 	0
0.0321648 	-9.6905e-05 	0.000757484 	0
0.0326116 	-8.61307e-05 	0.000659727 	0
0.0330583 	-7.54665e-05 	0.000563079 	0
0.033505 	-6.48646e-05 	0.000468607 	0
0.0339518 	-5.44806e-05 	0.000377701 	0
0.0343985 	-4.40966e-05 	0.000286796 	0
0.0348452 	-3.38624e-05 	0.000198793 	0
0.035292 	-2.36734e-05 	0.00011113 	0
0.0357387 	-1.35207e-05 	2.37828e-05 	0
0.0361854 	-3.43178e-06 	-6.31579e-05 	0
0.0366322 	6.65716e-06 	-0.000150099 	0
0.0370789 	1.67216e-05 	-0.000238655 	0
0.0375256 	2.68009e-05 	-0.000327398 	0
0.0379724 	3.68761e-05 	-0.000417942 	-1.59255e-26
0.0384191 	4.70287e-05 	-0.000510993 	-5.5483e-26
0.0388658 	5.71813e-05 	-0.000604044 	-9.50405e-26
0.0393126 	6.74154e-05 	-0.000703426 	-1.32748e-25
0.0397593 	7.77128e-05 	-0.000803263 	-1.72221e-25
0.040206 	8.80235e-05 	-0.000907216 	-1.68209e-25
0.0406528 	9.85123e-05 	-0.00101627 	-1.10121e-25
0.0410995 	0.000109001 	-0.00112532 	-5.20332e-26
0.0415462 	0.000119605 	-0.00124547 	6.6009e-27
0.041993 	0.000130308 	-0.00136609 	6.45054e-26
0.0424397 	0.000141003 	-0.00149324 	8.52033e-26
0.0428864 	0.000151913 	-0.00162767 	6.6673e-26
0.0433332 	0.000162797 	-0.00176219 	4.77283e-26
0.0437799 	0.000173772 	-0.00191218 	2.7234e-26
0.0442266 	0.000184846 	-0.0020625 	8.80264e-27
0.0446734 	0.000195822 	-0.00222168 	-8.5979e-27
0.0451201 	0.000206976 	-0.00238977 	-2.66006e-26
0.0455668 	0.000218013 	-0.00255821 	-4.6291e-26
0.0460136 	0.000229083 	-0.00274554 	-6.4865e-26
0.0464603 	0.000240187 	-0.002933 	-8.27045e-26
0.046907 	0.000251013 	-0.00313128 	-8.17013e-26
0.0473538 	0.000261893 	-0.00333936 	-6.36987e-26
0.0478005 	0.000272587 	-0.00354826 	-4.33071e-26
0.0482472 	0.000283017 	-0.0037778 	-2.54675e-26
0.048694 	0.000293447 	-0.00400734 	-7.62801e-27
0.0491407 	0.000303301 	-0.00424886 	0
0.0495874 	0.000313004 	-0.00450014 	0
0.0500342 	0.000322461 	-0.00475279 	1.38233e-27
0.0504809 	0.000331104 	-0.00502547 	3.58629e-26
0.0509276 	0.000339746 	-0.00529814 	7.03434e-26
0.0513744 	0.000347379 	-0.00558253 	1.09354e-25
0.0518211 	0.000354576 	-0.00587547 	1.43644e-25
0.0522678 	0.000361435 	-0.00617009 	1.71885e-25
0.0527146 	0.000366747 	-0.00648128 	1.37405e-25
0.0531613 	0.000372059 	-0.00679248 	1.02924e-25
0.053608 	0.000375784 	-0.00711286 	6.39524e-26
0.0540548 	0.000378723 	-0.00743921 	2.96632e-26
0.0545015 	0.000381187 	-0.0077669 	0
0.0549482 	0.000381216 	-0.00810408 	0
0.055395 	0.000381246 	-0.00844125 	0
0.0558417 	0.000378968 	-0.00878174 	0
0.0562884 	0.000375509 	-0.00912397 	0
0.0567352 	0.000371385 	-0.00946608 	0
0.0571819 	0.000363818 	-0.00980602 	0
0.0576286 	0.00035625 	-0.010146 	0
0.0580754 	0.000345525 	-0.0104787 	0
0.0585221 	0.000333199 	-0.0108073 	0
0.0589688 	0.000319972 	-0.0111326 	0
0.0594156 	0.000302233 	-0.0114391 	0
0.0598623 	0.000284495 	-0.0117456 	0
0.060309 	0.00026272 	-0.0120287 	0
0.0607558 	0.00023896 	-0.0123003 	0
0.0612025 	0.000214062 	-0.0125627 	0
0.0616492 	0.000183768 	-0.0127836 	0
0.062096 	0.000153473 	-0.0130046 	0
0.0625427 	0.000118475 	-0.0131766 	0
0.0629894 	8.12323e-05 	-0.0133272 	0
0.0634362 	4.26695e-05 	-0.0134581 	0
0.0638829 	-1.94727e-06 	-0.0135143 	0
0.0643296 	-4.6564e-05 	-0.0135704 	0
0.0647764 	-9.66763e-05 	-0.0135406 	0
0.0652231 	-0.000149361 	-0.0134777 	0
0.0656698 	-0.000203865 	-0.0133832 	0
0.0661166 	-0.000266236 	-0.0131861 	0
0.0665633 	-0.000328607 	-0.0129891 	0
0.0670101 	-0.000398535 	-0.0126968 	0
0.0674568 	-0.000471717 	-0.0123727 	0
0.0679035 	-0.000548368 	-0.0120137 	0
0.0683503 	-0.000637563 	-0.0115536 	0
0.068797 	-0.000726757 	-0.0110936 	0
0.0692437 	-0.000798464 	-0.0103405 	0
0.0696905 	-0.000864855 	-0.00949679 	0
0.0701372 	-0.00086898 	-0.0083945 	0
0.0705839 	-0.000710657 	-0.00664073 	0
0.0710307 	-0.000552333 	-0.00488697 	0
0.0714774 	-0.000359388 	-0.00330075 	0
0.0719241 	-0.000168284 	-0.00180185 	0
0.0723709 	-3.51084e-05 	-0.000689364 	0
0.0728176 	-1.88367e-05 	-0.000369301 	0
0.0732643 	-2.56494e-06 	-4.9239e-05 	0
0.0737111 	-1.02523e-07 	-3.83454e-07 	0
0.0741578 	-1.24944e-07 	-3.63718e-07 	0
0.0746045 	-1.36447e-07 	-3.50303e-07 	-2.10138e-29
0.0750513 	-1.28358e-07 	-3.48368e-07 	-8.77053e-29
0.075498 	-1.2027e-07 	-3.46433e-07 	-1.54397e-28
0.0759447 	-1.12544e-07 	-3.47458e-07 	-2.21171e-28
0.0763915 	-1.04951e-07 	-3.48981e-07 	-2.77126e-28
0.0768382 	-9.76417e-08 	-3.51586e-07 	-2.86938e-28
0.0772849 	-9.10013e-08 	-3.56006e-07 	-2.20246e-28
0.0777317 	-8.43608e-08 	-3.60425e-07 	-1.53555e-28
0.0781784 	-7.85364e-08 	-3.66787e-07 	-8.89741e-29
0.0786251 	-7.28834e-08 	-3.73393e-07 	-3.30187e-29
0.0790719 	-6.75284e-08 	-3.80659e-07 	0
0.0795186 	-6.2737e-08 	-3.88904e-07 	0
0.0799653 	-5.79457e-08 	-3.97148e-07 	0
0.0804121 	-5.37594e-08 	-4.06546e-07 	0
0.0808588 	-4.96709e-08 	-4.16051e-07 	0
0.0813055 	-4.57889e-08 	-4.25985e-07 	-2.30633e-29
0.0817523 	-4.2254e-08 	-4.36497e-07 	-8.21863e-29
0.082199 	-3.8719e-08 	-4.47008e-07 	-1.41309e-28
0.0826457 	-3.556e-08 	-4.58304e-07 	-1.97558e-28
0.0830925 	-3.24511e-08 	-4.69652e-07 	-2.50864e-28
0.0835392 	-2.94665e-08 	-4.81325e-07 	-2.34357e-28
0.0839859 	-2.66775e-08 	-4.93397e-07 	-1.2642e-28
0.0844327 	-2.38885e-08 	-5.0547e-07 	-1.84822e-29
0.0848794 	-2.13061e-08 	-5.18165e-07 	8.486e-29
0.0853261 	-1.87492e-08 	-5.30886e-07 	1.83696e-28
0.0857729 	-1.62525e-08 	-5.43889e-07 	2.12843e-28
0.0862196 	-1.38538e-08 	-5.57212e-07 	1.64029e-28
0.0866663 	-1.14551e-08 	-5.70534e-07 	1.15214e-28
0.0871131 	-9.13563e-09 	-5.84404e-07 	6.7844e-29
0.0875598 	-6.83082e-09 	-5.98286e-07 	2.23139e-29
0.0880065 	-4.53386e-09 	-4.92521e-07 	0
0.0884533 	-2.26995e-09 	-2.49121e-07 	0
0.0889 	0 	0 	0
