0 	0 	0 	0
0.000446734 	-1.58208e-05 	-8.80503e-05 	7.03748e-26
0.000893467 	-3.16416e-05 	-0.000176101 	1.4075e-25
0.0013402 	-5.18829e-05 	-0.00025291 	2.46904e-25
0.00178693 	-7.63292e-05 	-0.000319026 	3.87092e-25
0.00223367 	-0.000100608 	-0.000384253 	5.22028e-25
0.0026804 	-0.00011835 	-0.000414826 	4.52109e-25
0.00312714 	-0.000136091 	-0.000445399 	3.82189e-25
0.00357387 	-0.000141186 	-0.000450464 	2.37246e-25
0.0040206 	-0.000135398 	-0.000433581 	2.77483e-26
0.00446734 	-0.000127514 	-0.000413795 	-1.7301e-25
0.00491407 	-7.98205e-05 	-0.00033886 	-2.07719e-25
0.0053608 	-3.21269e-05 	-0.000263924 	-2.42428e-25
0.00580754 	4.99889e-05 	-0.000151816 	-1.62596e-25
0.00625427 	0.000158877 	-1.07946e-05 	6.32163e-27
0.00670101 	0.00027377 	0.000135404 	1.74925e-25
0.00714774 	0.000462712 	0.000345453 	3.39652e-25
0.00759447 	0.000651653 	0.000555502 	5.04379e-25
0.00804121 	0.000895193 	0.000802115 	5.13809e-25
0.00848794 	0.00117707 	0.0010744 	4.14201e-25
0.00893467 	0.00146823 	0.00135089 	3.21431e-25
0.00938141 	0.00184293 	0.00166524 	2.90201e-25
0.00982814 	0.00221763 	0.00197958 	2.58972e-25
0.0102749 	0.00263961 	0.00230051 	3.82429e-25
0.0107216 	0.0030915 	0.0026256 	6.03748e-25
0.0111683 	0.00354962 	0.00294766 	7.80936e-25
0.0116151 	0.00405138 	0.0032486 	6.49197e-25
0.0120618 	0.00455313 	0.00354953 	5.17457e-25
0.0125085 	0.00506658 	0.00381591 	2.07368e-25
0.0129553 	0.00558666 	0.00406264 	-2.04136e-25
0.013402 	0.00610518 	0.00429827 	-5.81685e-25
0.0138487 	0.00661481 	0.00447097 	-7.66827e-25
0.0142955 	0.00712444 	0.00464368 	-9.51968e-25
0.0147422 	0.00761268 	0.00476186 	-8.81389e-25
0.0151889 	0.00809003 	0.00485227 	-6.80537e-25
0.0156357 	0.00855933 	0.00492853 	-4.26899e-25
0.0160824 	0.0089907 	0.00493811 	7.55889e-26
0.0165291 	0.00942207 	0.00494769 	5.78077e-25
0.0169759 	0.00981739 	0.00490727 	7.27771e-25
0.0174226 	0.0101963 	0.00484413 	7.17103e-25
0.0178693 	0.0105645 	0.00476875 	6.51599e-25
0.0183161 	0.0108898 	0.00464442 	3.66747e-25
0.0187628 	0.0112152 	0.00452009 	8.18949e-26
0.0192095 	0.0115037 	0.00436105 	0
0.0196563 	0.0117775 	0.00418801 	0
0.020103 	0.0120404 	0.00400667 	-7.8986e-26
0.0205497 	0.0122662 	0.00379675 	-4.30035e-25
0.0209965 	0.012492 	0.00358683 	-7.81083e-25
0.0214432 	0.0126854 	0.00335736 	-1.26449e-24
0.0218899 	0.0128671 	0.00312093 	-1.795e-24
0.0223367 	0.0130388 	0.00288004 	-2.16716e-24
0.0227834 	0.0131802 	0.00262577 	-2.06423e-24
0.0232302 	0.0133216 	0.00237149 	-1.9613e-24
0.0236769 	0.0134345 	0.00210899 	-1.29789e-24
0.0241236 	0.0135385 	0.00184393 	-4.59895e-25
0.0245704 	0.0136328 	0.00157748 	3.22002e-25
0.0250171 	0.0137015 	0.00130736 	9.56012e-25
0.0254638 	0.0137702 	0.00103724 	1.59002e-24
0.0259106 	0.0138122 	0.000766861 	1.63905e-24
0.0263573 	0.013847 	0.000496409 	1.53023e-24
0.026804 	0.0138718 	0.00022708 	1.39604e-24
0.0272508 	0.0138731 	-3.96284e-05 	1.20268e-24
0.0276975 	0.0138745 	-0.000306337 	1.00932e-24
0.0281442 	0.0138485 	-0.00056693 	1.03816e-24
0.028591 	0.0138162 	-0.000826113 	1.11828e-24
0.0290377 	0.0137728 	-0.00108162 	1.08802e-24
0.0294844 	0.0137062 	-0.00132951 	8.28514e-25
0.0299312 	0.0136397 	-0.0015774 	5.6901e-25
0.0303779 	0.0135436 	-0.00181256 	-4.55721e-26
0.0308246 	0.0134418 	-0.00204525 	-7.29049e-25
0.0312714 	0.0133272 	-0.00227117 	-1.14987e-24
0.0317181 	0.013189 	-0.0024845 	-1.08289e-24
0.0321648 	0.0130508 	-0.00269783 	-1.01592e-24
0.0326116 	0.0128802 	-0.00289058 	-3.46968e-25
0.0330583 	0.0127045 	-0.00308004 	4.17951e-25
0.033505 	0.0125143 	-0.0032587 	9.45445e-25
0.0339518 	0.0123 	-0.00341938 	1.07723e-24
0.0343985 	0.0120857 	-0.00358005 	1.20901e-24
0.0348452 	0.0118365 	-0.00371041 	7.97013e-25
0.035292 	0.0115829 	-0.00383692 	3.16085e-25
0.0357387 	0.0113134 	-0.00394746 	3.40876e-26
0.0361854 	0.01102 	-0.00403403 	5.0487e-26
0.0366322 	0.0107265 	-0.0041206 	6.68863e-26
0.0370789 	0.0103967 	-0.00416531 	4.23929e-25
0.0375256 	0.0100633 	-0.00420599 	8.13637e-25
0.0379724 	0.00971353 	-0.0042249 	9.55257e-25
0.0384191 	0.00934152 	-0.00421434 	7.61228e-25
0.0388658 	0.00896951 	-0.00420378 	5.672e-25
0.0393126 	0.00856479 	-0.00414194 	7.90302e-26
0.0397593 	0.00815789 	-0.00407669 	-4.28749e-25
0.040206 	0.00773885 	-0.00398695 	-7.23934e-25
0.0406528 	0.00730497 	-0.00386727 	-7.59282e-25
0.0410995 	0.00687109 	-0.0037476 	-7.9463e-25
0.0415462 	0.00642376 	-0.00358091 	-5.84896e-25
0.041993 	0.00597591 	-0.00341238 	-3.65614e-25
0.0424397 	0.00552985 	-0.00322609 	-2.19134e-25
0.0428864 	0.00508577 	-0.00302016 	-1.53121e-25
0.0433332 	0.00464169 	-0.00281423 	-8.71086e-26
0.0437799 	0.00422115 	-0.00258741 	-6.70215e-26
0.0442266 	0.00380091 	-0.00236034 	-4.75158e-26
0.0446734 	0.00340196 	-0.00213211 	-3.01724e-26
0.0451201 	0.00302429 	-0.00190274 	-1.49913e-26
0.0455668 	0.00264733 	-0.00167359 	3.00643e-28
0.0460136 	0.00232618 	-0.00146173 	2.43521e-26
0.0464603 	0.00200504 	-0.00124987 	4.84035e-26
0.046907 	0.00171765 	-0.00105834 	8.80595e-26
0.0473538 	0.00146081 	-0.000885202 	1.41834e-25
0.0478005 	0.00120645 	-0.000714373 	1.9313e-25
0.0482472 	0.00101591 	-0.000602728 	1.80805e-25
0.048694 	0.000825361 	-0.000491084 	1.68479e-25
0.0491407 	0.00066899 	-0.000421826 	1.30602e-25
0.0495874 	0.000540578 	-0.000387248 	7.18177e-26
0.0500342 	0.000415264 	-0.000356583 	1.66335e-26
0.0504809 	0.000336414 	-0.000384595 	1.54468e-26
0.0509276 	0.000257563 	-0.000412607 	1.426e-26
0.0513744 	0.000196602 	-0.00043877 	1.66362e-26
0.0518211 	0.000148864 	-0.000463568 	2.16457e-26
0.0522678 	0.000102659 	-0.000478421 	2.52946e-26
0.0527146 	7.24409e-05 	-0.000389568 	1.47552e-26
0.0531613 	4.22227e-05 	-0.000300715 	4.21577e-27
0.053608 	2.30185e-05 	-0.000206616 	0
0.0540548 	1.1157e-05 	-0.000109018 	0
0.0545015 	6.17074e-07 	-2.13888e-05 	0
0.0549482 	5.02684e-07 	-1.24057e-05 	0
0.055395 	3.88294e-07 	-3.42262e-06 	0
0.0558417 	3.73709e-07 	-5.49928e-08 	-1.45224e-30
0.0562884 	4.19007e-07 	-5.66285e-08 	-3.77581e-30
0.0567352 	4.57739e-07 	-5.82808e-08 	-7.79817e-30
0.0571819 	4.55283e-07 	-6.00382e-08 	-2.24766e-29
0.0576286 	4.52828e-07 	-6.17955e-08 	-3.71549e-29
0.0580754 	4.49763e-07 	-6.33878e-08 	-4.70789e-29
0.0585221 	4.4637e-07 	-6.48912e-08 	-5.44427e-29
0.0589688 	4.4287e-07 	-6.63603e-08 	-5.24478e-29
0.0594156 	4.38817e-07 	-6.76529e-08 	-2.21896e-30
0.0598623 	4.34765e-07 	-6.89455e-08 	4.80098e-29
0.060309 	4.30404e-07 	-7.01198e-08 	8.55534e-29
0.0607558 	4.25896e-07 	-7.1237e-08 	1.16989e-28
0.0612025 	4.21329e-07 	-7.23275e-08 	1.24454e-28
0.0616492 	4.16509e-07 	-7.33025e-08 	2.80419e-29
0.062096 	4.11689e-07 	-7.42775e-08 	-6.83701e-29
0.0625427 	4.06718e-07 	-7.51758e-08 	-1.6761e-28
0.0629894 	4.01683e-07 	-7.60412e-08 	-2.68061e-28
0.0634362 	3.96616e-07 	-7.68902e-08 	-3.53743e-28
0.0638829 	3.91429e-07 	-7.76785e-08 	-3.84692e-28
0.0643296 	3.86242e-07 	-7.84667e-08 	-4.1564e-28
0.0647764 	3.80972e-07 	-7.92217e-08 	-5.11829e-28
0.0652231 	3.75671e-07 	-7.9964e-08 	-6.32764e-28
0.0656698 	3.70348e-07 	-8.07026e-08 	-7.43983e-28
0.0661166 	3.64953e-07 	-8.14288e-08 	-8.2401e-28
0.0665633 	3.59559e-07 	-8.21551e-08 	-9.04038e-28
0.0670101 	3.541e-07 	-8.28901e-08 	-6.76043e-28
0.0674568 	3.4862e-07 	-8.3628e-08 	-3.45375e-28
0.0679035 	3.43117e-07 	-8.43757e-08 	-1.72116e-29
0.0683503 	3.37551e-07 	-8.51509e-08 	3.03912e-28
0.068797 	3.31984e-07 	-8.5926e-08 	6.25036e-28
0.0692437 	3.26345e-07 	-8.67485e-08 	7.12928e-28
0.0696905 	3.20686e-07 	-8.75846e-08 	7.33108e-28
0.0701372 	3.14996e-07 	-8.84447e-08 	7.97058e-28
0.0705839 	3.09231e-07 	-8.93639e-08 	9.69482e-28
0.0710307 	3.03466e-07 	-9.02832e-08 	1.14191e-27
0.0714774 	2.97605e-07 	-9.12859e-08 	1.05085e-27
0.0719241 	2.9172e-07 	-9.23093e-08 	8.93931e-28
0.0723709 	2.85792e-07 	-9.33718e-08 	5.96596e-28
0.0728176 	2.79769e-07 	-9.45201e-08 	-9.64683e-30
0.0732643 	2.73745e-07 	-9.56683e-08 	-6.1589e-28
0.0737111 	2.67592e-07 	-9.69367e-08 	-1.04613e-27
0.0741578 	2.61411e-07 	-9.82306e-08 	-1.43904e-27
0.0746045 	2.55169e-07 	-9.9581e-08 	-1.81858e-27
0.0750513 	2.48808e-07 	-1.01042e-07 	-2.17186e-27
0.075498 	2.42447e-07 	-1.02504e-07 	-2.52514e-27
0.0759447 	2.35914e-07 	-1.04127e-07 	-2.43292e-27
0.0763915 	2.29351e-07 	-1.0578e-07 	-2.26209e-27
0.0768382 	2.22706e-07 	-1.07511e-07 	-1.79722e-27
0.0772849 	2.15916e-07 	-1.09381e-07 	-8.15269e-28
0.0777317 	2.09126e-07 	-1.1125e-07 	1.66684e-28
0.0781784 	2.02117e-07 	-1.13337e-07 	9.11321e-28
0.0786251 	1.95077e-07 	-1.15455e-07 	1.62206e-27
0.0790719 	1.8793e-07 	-1.17682e-07 	2.11831e-27
0.0795186 	1.80615e-07 	-1.20083e-07 	2.27555e-27
0.0799653 	1.733e-07 	-1.22484e-07 	2.43279e-27
0.0804121 	1.65718e-07 	-1.25177e-07 	2.24034e-27
0.0808588 	1.58105e-07 	-1.27904e-07 	2.00903e-27
0.0813055 	1.50363e-07 	-1.30785e-07 	1.5562e-27
0.0817523 	1.42434e-07 	-1.33888e-07 	7.87857e-28
0.082199 	1.34506e-07 	-1.3699e-07 	1.95167e-29
0.0826457 	1.26273e-07 	-1.40496e-07 	-6.54571e-28
0.0830925 	1.18016e-07 	-1.44035e-07 	-1.32102e-27
0.0835392 	1.09614e-07 	-1.47795e-07 	-1.71262e-27
0.0839859 	1.01026e-07 	-1.51841e-07 	-1.75085e-27
0.0844327 	9.24373e-08 	-1.55887e-07 	-1.78909e-27
0.0848794 	8.35483e-08 	-1.60492e-07 	-1.1354e-27
0.0853261 	7.46435e-08 	-1.65126e-07 	-4.45302e-28
0.0857729 	6.56101e-08 	-1.70072e-07 	-6.19091e-29
0.0862196 	5.64271e-08 	-1.7538e-07 	-3.49618e-29
0.0866663 	4.72442e-08 	-1.80689e-07 	-8.01452e-30
0.0871131 	3.78559e-08 	-1.86733e-07 	-8.39118e-28
0.0875598 	2.84624e-08 	-1.92796e-07 	-1.69222e-27
0.0880065 	1.90137e-08 	-1.5751e-07 	-1.71211e-27
0.0884533 	9.50683e-09 	-7.87549e-08 	-8.56056e-28
0.0889 	2.83248e-22 	-5.38956e-21 	-6.95225e-41
