0 	0 	0 	0
0.000446734 	6.99647e-05 	0.00246922 	2.67173e-26
0.000893467 	0.000139382 	0.00492072 	5.32607e-26
0.0013402 	0.00017055 	0.00675626 	5.91003e-26
0.00178693 	0.000166631 	0.00802033 	4.58007e-26
0.00223367 	0.000159836 	0.00926085 	3.23161e-26
0.0026804 	0.000104446 	0.0099088 	1.90723e-26
0.00312714 	4.90563e-05 	0.0105568 	5.82847e-27
0.00357387 	-1.09065e-05 	0.0110877 	5.8758e-27
0.0040206 	-7.31073e-05 	0.0115221 	1.72831e-26
0.00446734 	-0.000135628 	0.0119504 	2.90273e-26
0.00491407 	-0.000191144 	0.0122599 	4.87458e-26
0.0053608 	-0.000246661 	0.0125694 	6.84643e-26
0.00580754 	-0.000297422 	0.012804 	7.50242e-26
0.00625427 	-0.00034358 	0.0129798 	7.19794e-26
0.00670101 	-0.000389475 	0.0131456 	6.75562e-26
0.00714774 	-0.000426816 	0.0131876 	4.78377e-26
0.00759447 	-0.000464156 	0.0132296 	2.81192e-26
0.00804121 	-0.000497132 	0.0132038 	1.57015e-26
0.00848794 	-0.000526543 	0.0131306 	7.33894e-27
0.00893467 	-0.000555443 	0.0130483 	0
0.00938141 	-0.00057771 	0.0128859 	0
0.00982814 	-0.000599978 	0.0127235 	0
0.0102749 	-0.000618379 	0.0125212 	0
0.0107216 	-0.000634126 	0.0122938 	0
0.0111683 	-0.000649188 	0.0120606 	0
0.0116151 	-0.000658949 	0.0117875 	0
0.0120618 	-0.000668711 	0.0115143 	0
0.0125085 	-0.00067502 	0.0112215 	0
0.0129553 	-0.000679358 	0.0109176 	0
0.013402 	-0.000682935 	0.0106107 	0
0.0138487 	-0.000682491 	0.0102878 	0
0.0142955 	-0.000682047 	0.00996492 	0
0.0147422 	-0.000678811 	0.00963604 	0
0.0151889 	-0.000674278 	0.00930413 	0
0.0156357 	-0.000669035 	0.0089721 	0
0.0160824 	-0.000661103 	0.00863956 	0
0.0165291 	-0.000653172 	0.00830701 	0
0.0169759 	-0.000643213 	0.00797869 	0
0.0174226 	-0.000632535 	0.00765231 	0
0.0178693 	-0.000621269 	0.00732822 	0
0.0183161 	-0.000608442 	0.00701332 	0
0.0187628 	-0.000595614 	0.00669843 	0
0.0192095 	-0.000581468 	0.00639456 	0
0.0196563 	-0.00056703 	0.00609513 	0
0.020103 	-0.000552158 	0.00579982 	0
0.0205497 	-0.00053659 	0.00551866 	0
0.0209965 	-0.000521021 	0.00523751 	0
0.0214432 	-0.000504747 	0.00497117 	0
0.0218899 	-0.000488469 	0.0047101 	0
0.0223367 	-0.000471922 	0.00445428 	0
0.0227834 	-0.000455297 	0.00421424 	0
0.0232302 	-0.000438671 	0.0039742 	0
0.0236769 	-0.000421831 	0.00375039 	0
0.0241236 	-0.000405158 	0.00353162 	0
0.0245704 	-0.000388367 	0.00331861 	0
0.0250171 	-0.000371888 	0.00312077 	0
0.0254638 	-0.00035541 	0.00292293 	0
0.0259106 	-0.000339068 	0.0027409 	0
0.0263573 	-0.000322969 	0.00256314 	0
0.026804 	-0.000306872 	0.00239103 	0
0.0272508 	-0.000291283 	0.0022321 	0
0.0276975 	-0.000275694 	0.00207317 	0
0.0281442 	-0.000260446 	0.00192829 	0
0.028591 	-0.000245446 	0.00178665 	0
0.0290377 	-0.000230526 	0.00165005 	0
0.0294844 	-0.000216149 	0.0015239 	0
0.0299312 	-0.000201772 	0.00139775 	0
0.0303779 	-0.000187802 	0.00128294 	0
0.0308246 	-0.000174039 	0.00117031 	0
0.0312714 	-0.000160385 	0.00106169 	0
0.0317181 	-0.000147191 	0.000960475 	0
0.0321648 	-0.000133998 	0.000859264 	0
0.0326116 	-0.000121159 	0.000766025 	0
0.0330583 	-0.000108461 	0.00067404 	0
0.033505 	-9.58569e-05 	0.000584687 	0
0.0339518 	-8.35556e-05 	0.000499677 	0
0.0343985 	-7.12543e-05 	0.000414667 	0
0.0348452 	-5.91629e-05 	0.000333842 	0
0.035292 	-4.71388e-05 	0.000253524 	0
0.0357387 	-3.51563e-05 	0.000174187 	0
0.0361854 	-2.32795e-05 	9.62625e-05 	0
0.0366322 	-1.14027e-05 	1.83383e-05 	0
0.0370789 	4.64787e-07 	-5.94845e-05 	0
0.0375256 	1.23332e-05 	-0.000137326 	0
0.0379724 	2.42361e-05 	-0.000216084 	-1.60644e-26
0.0384191 	3.62332e-05 	-0.000296152 	-5.59668e-26
0.0388658 	4.82304e-05 	-0.000376219 	-9.58693e-26
0.0393126 	6.04273e-05 	-0.000460494 	-1.33916e-25
0.0397593 	7.26791e-05 	-0.000545082 	-1.73744e-25
0.040206 	8.50399e-05 	-0.000632694 	-1.69616e-25
0.0406528 	9.76608e-05 	-0.000724076 	-1.10818e-25
0.0410995 	0.000110282 	-0.000815458 	-5.20208e-26
0.0415462 	0.000123272 	-0.000915495 	7.38441e-27
0.041993 	0.000136355 	-0.00101591 	6.60282e-26
0.0424397 	0.000149596 	-0.0011216 	8.69359e-26
0.0428864 	0.000163207 	-0.00123322 	6.80408e-26
0.0433332 	0.000176797 	-0.00134491 	4.87308e-26
0.0437799 	0.000190876 	-0.00146953 	2.78013e-26
0.0442266 	0.00020505 	-0.00159444 	8.986e-27
0.0446734 	0.000219381 	-0.00172693 	-8.81418e-27
0.0451201 	0.000234116 	-0.00186707 	-2.72697e-26
0.0455668 	0.000248757 	-0.00200751 	-4.74594e-26
0.0460136 	0.000263975 	-0.00216454 	-6.6522e-26
0.0464603 	0.000279229 	-0.00232169 	-8.48359e-26
0.046907 	0.000294559 	-0.00248855 	-8.38236e-26
0.0473538 	0.000310242 	-0.00266425 	-6.5368e-26
0.0478005 	0.000325777 	-0.00284067 	-4.44585e-26
0.0482472 	0.000341751 	-0.00303614 	-2.61447e-26
0.048694 	0.000357724 	-0.00323161 	-7.83082e-27
0.0491407 	0.000373584 	-0.00343841 	0
0.0495874 	0.000389655 	-0.00365451 	0
0.0500342 	0.000405543 	-0.00387191 	1.4214e-27
0.0504809 	0.000421464 	-0.00410899 	3.68766e-26
0.0509276 	0.000437385 	-0.00434607 	7.23319e-26
0.0513744 	0.000452866 	-0.00459511 	1.12415e-25
0.0518211 	0.000468332 	-0.00485297 	1.47619e-25
0.0522678 	0.000483548 	-0.00511259 	1.76601e-25
0.0527146 	0.000498193 	-0.00539032 	1.41146e-25
0.0531613 	0.000512839 	-0.00566804 	1.0569e-25
0.053608 	0.000526566 	-0.00595671 	6.56582e-26
0.0540548 	0.00053997 	-0.00625257 	3.04544e-26
0.0545015 	0.000553015 	-0.00655025 	0
0.0549482 	0.000564702 	-0.00686155 	0
0.055395 	0.000576388 	-0.00717285 	0
0.0558417 	0.000586516 	-0.00749149 	0
0.0562884 	0.000595955 	-0.00781437 	0
0.0567352 	0.000604869 	-0.00813826 	0
0.0571819 	0.000611481 	-0.00846752 	0
0.0576286 	0.000618092 	-0.00879679 	0
0.0580754 	0.000622346 	-0.00912601 	0
0.0585221 	0.000625504 	-0.00945496 	0
0.0589688 	0.000627911 	-0.00978271 	0
0.0594156 	0.000626958 	-0.0101031 	0
0.0598623 	0.000626005 	-0.0104234 	0
0.060309 	0.000621791 	-0.0107315 	0
0.0607558 	0.000616075 	-0.0110334 	0
0.0612025 	0.000609354 	-0.0113298 	0
0.0616492 	0.000598291 	-0.0116015 	0
0.062096 	0.000587227 	-0.0118731 	0
0.0625427 	0.000572144 	-0.0121139 	0
0.0629894 	0.000555268 	-0.0123411 	0
0.0634362 	0.000537193 	-0.0125554 	0
0.0638829 	0.000514162 	-0.0127201 	0
0.0643296 	0.000491131 	-0.0128849 	0
0.0647764 	0.000463596 	-0.0129885 	0
0.0652231 	0.000434103 	-0.0130683 	0
0.0656698 	0.000403269 	-0.0131224 	0
0.0661166 	0.000367001 	-0.0130925 	0
0.0665633 	0.000330734 	-0.0130626 	0
0.0670101 	0.000289429 	-0.0129359 	0
0.0674568 	0.000245951 	-0.0127766 	0
0.0679035 	0.0002011 	-0.0125825 	0
0.0683503 	0.000150666 	-0.0122908 	0
0.068797 	0.000100232 	-0.0119991 	0
0.0692437 	4.51558e-05 	-0.0116166 	0
0.0696905 	-1.19915e-05 	-0.0112079 	0
0.0701372 	-6.75371e-05 	-0.0107575 	0
0.0705839 	-0.000120384 	-0.0102006 	0
0.0710307 	-0.000173231 	-0.00964378 	0
0.0714774 	-0.000176945 	-0.00875863 	0
0.0719241 	-0.000167966 	-0.00778629 	0
0.0723709 	-0.000143967 	-0.00657304 	0
0.0728176 	-9.58387e-05 	-0.00482659 	0
0.0732643 	-4.77101e-05 	-0.00308013 	0
0.0737111 	-2.55261e-05 	-0.00182897 	0
0.0741578 	-9.33251e-06 	-0.000722959 	0
0.0746045 	8.62111e-07 	-1.27638e-05 	-1.36255e-29
0.0750513 	4.16664e-07 	-6.8627e-06 	-5.68688e-29
0.075498 	-2.87822e-08 	-9.61634e-07 	-1.00112e-28
0.0759447 	-9.10878e-08 	-2.22333e-07 	-1.47995e-28
0.0763915 	-9.6634e-08 	-2.3789e-07 	-1.89819e-28
0.0768382 	-9.72528e-08 	-2.53069e-07 	-2.00584e-28
0.0772849 	-9.00037e-08 	-2.67496e-07 	-1.5734e-28
0.0777317 	-8.27545e-08 	-2.81924e-07 	-1.14097e-28
0.0781784 	-7.67556e-08 	-2.95885e-07 	-6.65038e-29
0.0786251 	-7.09174e-08 	-3.09749e-07 	-2.46799e-29
0.0790719 	-6.55125e-08 	-3.23583e-07 	0
0.0795186 	-6.07768e-08 	-3.37314e-07 	0
0.0799653 	-5.60411e-08 	-3.51045e-07 	0
0.0804121 	-5.20224e-08 	-3.64887e-07 	0
0.0808588 	-4.80838e-08 	-3.78723e-07 	0
0.0813055 	-4.43765e-08 	-3.9267e-07 	-2.44684e-29
0.0817523 	-4.10086e-08 	-4.06748e-07 	-8.71933e-29
0.082199 	-3.76407e-08 	-4.20826e-07 	-1.49918e-28
0.0826457 	-3.46441e-08 	-4.3521e-07 	-2.11461e-28
0.0830925 	-3.16844e-08 	-4.4961e-07 	-2.70069e-28
0.0835392 	-2.88435e-08 	-4.64177e-07 	-2.524e-28
0.0839859 	-2.61728e-08 	-4.78945e-07 	-1.34398e-28
0.0844327 	-2.35021e-08 	-4.93713e-07 	-1.63947e-29
0.0848794 	-2.10109e-08 	-5.08862e-07 	9.99016e-29
0.0853261 	-1.85379e-08 	-5.24026e-07 	2.11272e-28
0.0857729 	-1.61137e-08 	-5.39384e-07 	2.441e-28
0.0862196 	-1.3765e-08 	-5.54962e-07 	1.88822e-28
0.0866663 	-1.14164e-08 	-5.70539e-07 	1.33544e-28
0.0871131 	-9.1188e-09 	-5.8652e-07 	7.86213e-29
0.0875598 	-6.83181e-09 	-6.0251e-07 	2.58585e-29
0.0880065 	-4.54388e-09 	-4.96878e-07 	0
0.0884533 	-2.27439e-09 	-2.51346e-07 	0
0.0889 	0 	0 	0
