0 	0 	0 	0
0.000446734 	-1.58142e-05 	-8.38041e-05 	6.98491e-26
0.000893467 	-3.16285e-05 	-0.000167608 	1.39698e-25
0.0013402 	-5.2199e-05 	-0.000242419 	2.45063e-25
0.00178693 	-7.72937e-05 	-0.000308676 	3.84212e-25
0.00223367 	-0.000102258 	-0.000374139 	5.18147e-25
0.0026804 	-0.000122126 	-0.00040862 	4.48731e-25
0.00312714 	-0.000141995 	-0.000443102 	3.79315e-25
0.00357387 	-0.000150483 	-0.000453927 	2.35431e-25
0.0040206 	-0.000149179 	-0.000444397 	2.74701e-26
0.00446734 	-0.000145944 	-0.000432126 	-1.71821e-25
0.00491407 	-0.000106027 	-0.000367793 	-2.06383e-25
0.0053608 	-6.61113e-05 	-0.00030346 	-2.40946e-25
0.00580754 	5.86741e-06 	-0.000203577 	-1.61409e-25
0.00625427 	0.000102784 	-7.60433e-05 	6.87005e-27
0.00670101 	0.000205366 	5.65308e-05 	1.74835e-25
0.00714774 	0.000377831 	0.000251274 	3.38916e-25
0.00759447 	0.000550296 	0.000446016 	5.02998e-25
0.00804121 	0.000775427 	0.00067767 	5.12245e-25
0.00848794 	0.00103754 	0.000935241 	4.12777e-25
0.00893467 	0.0013089 	0.00119742 	3.20054e-25
0.00938141 	0.00166349 	0.00150104 	2.88027e-25
0.00982814 	0.00201808 	0.00180466 	2.56e-25
0.0102749 	0.00242194 	0.00211911 	3.75099e-25
0.0107216 	0.00285696 	0.0024404 	5.89808e-25
0.0111683 	0.00329897 	0.00275969 	7.6146e-25
0.0116151 	0.00378987 	0.00306498 	6.31713e-25
0.0120618 	0.00428077 	0.00337027 	5.01967e-25
0.0125085 	0.00478792 	0.00364574 	2.01852e-25
0.0129553 	0.00530429 	0.00390426 	-1.9514e-25
0.013402 	0.00582011 	0.00415247 	-5.59097e-25
0.0138487 	0.00633275 	0.00434233 	-7.35862e-25
0.0142955 	0.00684539 	0.00453218 	-9.12626e-25
0.0147422 	0.00734013 	0.00466938 	-8.44672e-25
0.0151889 	0.00782576 	0.00477976 	-6.52049e-25
0.0156357 	0.00830395 	0.00487609 	-4.08523e-25
0.0160824 	0.0087471 	0.00490619 	7.49744e-26
0.0165291 	0.00919024 	0.00493629 	5.58471e-25
0.0169759 	0.0095986 	0.00491562 	7.02455e-25
0.0174226 	0.00999115 	0.00487187 	6.92115e-25
0.0178693 	0.0103731 	0.00481546 	6.2886e-25
0.0183161 	0.0107126 	0.00470842 	3.53949e-25
0.0187628 	0.0110521 	0.00460137 	7.90371e-26
0.0192095 	0.0113547 	0.00445782 	0
0.0196563 	0.0116425 	0.00429954 	0
0.020103 	0.0119193 	0.0041324 	-7.73456e-26
0.0205497 	0.0121585 	0.00393471 	-4.21104e-25
0.0209965 	0.0123977 	0.00373702 	-7.64862e-25
0.0214432 	0.0126039 	0.00351805 	-1.23916e-24
0.0218899 	0.0127984 	0.00329152 	-1.75992e-24
0.0223367 	0.0129826 	0.00306002 	-2.12554e-24
0.0227834 	0.0131361 	0.00281359 	-2.02575e-24
0.0232302 	0.0132896 	0.00256717 	-1.92595e-24
0.0236769 	0.0134143 	0.00231117 	-1.27401e-24
0.0241236 	0.01353 	0.0020522 	-4.50076e-25
0.0245704 	0.0136359 	0.00179141 	3.19137e-25
0.0250171 	0.0137162 	0.00152583 	9.44095e-25
0.0254638 	0.0137964 	0.00126025 	1.56905e-24
0.0259106 	0.01385 	0.000993301 	1.61797e-24
0.0263573 	0.0138963 	0.000725984 	1.51145e-24
0.026804 	0.0139328 	0.000459381 	1.38035e-24
0.0272508 	0.0139461 	0.000194443 	1.19191e-24
0.0276975 	0.0139595 	-7.04957e-05 	1.00346e-24
0.0281442 	0.013946 	-0.000330484 	1.0353e-24
0.028591 	0.0139262 	-0.00058933 	1.11797e-24
0.0290377 	0.0138956 	-0.000845022 	1.08926e-24
0.0294844 	0.0138424 	-0.00109416 	8.29237e-25
0.0299312 	0.0137891 	-0.0013433 	5.6921e-25
0.0303779 	0.0137071 	-0.00158123 	-4.85291e-26
0.0308246 	0.0136195 	-0.00181697 	-7.35675e-25
0.0312714 	0.0135194 	-0.00204665 	-1.1587e-24
0.0317181 	0.0133963 	-0.00226509 	-1.09122e-24
0.0321648 	0.0132732 	-0.00248352 	-1.02374e-24
0.0326116 	0.0131185 	-0.00268339 	-3.47091e-25
0.0330583 	0.0129588 	-0.00288029 	4.26675e-25
0.033505 	0.0127849 	-0.00306739 	9.60782e-25
0.0339518 	0.0125875 	-0.00323815 	1.09546e-24
0.0343985 	0.01239 	-0.00340891 	1.23013e-24
0.0348452 	0.0121583 	-0.00355201 	8.10258e-25
0.035292 	0.0119223 	-0.0036916 	3.20089e-25
0.0357387 	0.0116706 	-0.00381652 	3.38247e-26
0.0361854 	0.0113954 	-0.00391945 	5.34192e-26
0.0366322 	0.0111201 	-0.00402239 	7.30138e-26
0.0370789 	0.0108087 	-0.00408659 	4.46115e-25
0.0375256 	0.0104938 	-0.00414707 	8.53114e-25
0.0379724 	0.0101623 	-0.00418713 	1.00096e-24
0.0384191 	0.00980837 	-0.00419956 	7.98182e-25
0.0388658 	0.00945441 	-0.00421198 	5.95405e-25
0.0393126 	0.00906605 	-0.00417521 	7.65168e-26
0.0397593 	0.00867539 	-0.00413516 	-4.63445e-25
0.040206 	0.00827081 	-0.00407077 	-7.78539e-25
0.0406528 	0.0078492 	-0.00397661 	-8.18794e-25
0.0410995 	0.0074276 	-0.00388246 	-8.59049e-25
0.0415462 	0.00698625 	-0.00373898 	-6.33779e-25
0.041993 	0.00654412 	-0.00359357 	-3.98165e-25
0.0424397 	0.00609959 	-0.00342782 	-2.403e-25
0.0428864 	0.00565239 	-0.00323958 	-1.68369e-25
0.0433332 	0.0052052 	-0.00305134 	-9.64384e-26
0.0437799 	0.0047718 	-0.0028343 	-7.42331e-26
0.0442266 	0.00433857 	-0.0026169 	-5.26573e-26
0.0446734 	0.00392206 	-0.00239346 	-3.34535e-26
0.0451201 	0.00352228 	-0.002164 	-1.66215e-26
0.0455668 	0.00312312 	-0.00193461 	3.16322e-28
0.0460136 	0.00277296 	-0.00171137 	2.56221e-26
0.0464603 	0.00242281 	-0.00148812 	5.09278e-26
0.046907 	0.00210416 	-0.00127811 	9.14616e-26
0.0473538 	0.00181401 	-0.00108005 	1.45773e-25
0.0478005 	0.00152627 	-0.000883752 	1.97522e-25
0.0482472 	0.00130054 	-0.000732469 	1.83512e-25
0.048694 	0.00107481 	-0.000581185 	1.69502e-25
0.0491407 	0.000884145 	-0.000468662 	1.3098e-25
0.0495874 	0.000722177 	-0.000387853 	7.24027e-26
0.0500342 	0.000563779 	-0.000312225 	1.73685e-26
0.0504809 	0.000458925 	-0.000314323 	1.54833e-26
0.0509276 	0.00035407 	-0.000316421 	1.3598e-26
0.0513744 	0.000273322 	-0.00035123 	1.52496e-26
0.0518211 	0.000210391 	-0.000410217 	1.95155e-26
0.0522678 	0.00014931 	-0.000467057 	2.25847e-26
0.0527146 	0.000107521 	-0.000501519 	1.31744e-26
0.0531613 	6.57317e-05 	-0.000535981 	3.76412e-27
0.053608 	3.76386e-05 	-0.000482687 	0
0.0540548 	1.86761e-05 	-0.000370888 	0
0.0545015 	1.77686e-06 	-0.000259382 	0
0.0549482 	1.15346e-06 	-0.000150184 	0
0.055395 	5.30056e-07 	-4.09863e-05 	0
0.0558417 	3.25309e-07 	-3.07769e-08 	-1.51626e-29
0.0562884 	3.71755e-07 	-2.07074e-08 	-3.94228e-29
0.0567352 	4.12568e-07 	-1.24674e-08 	-6.50697e-29
0.0571819 	4.18047e-07 	-1.57036e-08 	-9.94157e-29
0.0576286 	4.23526e-07 	-1.89398e-08 	-1.33762e-28
0.0580754 	4.26367e-07 	-2.2836e-08 	-1.42901e-28
0.0585221 	4.27788e-07 	-2.70877e-08 	-1.38468e-28
0.0589688 	4.2878e-07 	-3.12899e-08 	-1.21212e-28
0.0594156 	4.27556e-07 	-3.52374e-08 	-3.78695e-29
0.0598623 	4.26332e-07 	-3.91848e-08 	4.54731e-29
0.060309 	4.24041e-07 	-4.27449e-08 	1.04137e-28
0.0607558 	4.21234e-07 	-4.61185e-08 	1.50919e-28
0.0612025 	4.1825e-07 	-4.93886e-08 	1.67085e-28
0.0616492 	4.14496e-07 	-5.22105e-08 	5.05869e-29
0.062096 	4.10742e-07 	-5.50323e-08 	-6.59113e-29
0.0625427 	4.06579e-07 	-5.75324e-08 	-1.77587e-28
0.0629894 	4.0224e-07 	-5.98946e-08 	-2.87196e-28
0.0634362 	3.97822e-07 	-6.218e-08 	-3.79139e-28
0.0638829 	3.93105e-07 	-6.4181e-08 	-4.05615e-28
0.0643296 	3.88389e-07 	-6.61819e-08 	-4.32091e-28
0.0647764 	3.83485e-07 	-6.79852e-08 	-5.25448e-28
0.0652231 	3.7851e-07 	-6.97134e-08 	-6.44174e-28
0.0656698 	3.73489e-07 	-7.1395e-08 	-7.53079e-28
0.0661166 	3.68321e-07 	-7.29263e-08 	-8.30457e-28
0.0665633 	3.63154e-07 	-7.44577e-08 	-9.07835e-28
0.0670101 	3.57869e-07 	-7.58895e-08 	-6.78804e-28
0.0674568 	3.52546e-07 	-7.72881e-08 	-3.47638e-28
0.0679035 	3.47186e-07 	-7.86661e-08 	-1.974e-29
0.0683503 	3.41723e-07 	-7.99861e-08 	2.98975e-28
0.068797 	3.3626e-07 	-8.13062e-08 	6.17689e-28
0.0692437 	3.30693e-07 	-8.26015e-08 	7.04106e-28
0.0696905 	3.25095e-07 	-8.38894e-08 	7.23082e-28
0.0701372 	3.19458e-07 	-8.51798e-08 	7.8508e-28
0.0705839 	3.13722e-07 	-8.64759e-08 	9.53698e-28
0.0710307 	3.07986e-07 	-8.7772e-08 	1.12232e-27
0.0714774 	3.02132e-07 	-8.91031e-08 	1.03242e-27
0.0719241 	2.96248e-07 	-9.0443e-08 	8.77896e-28
0.0723709 	2.90313e-07 	-9.18066e-08 	5.85559e-28
0.0728176 	2.84267e-07 	-9.32225e-08 	-9.96561e-30
0.0732643 	2.78222e-07 	-9.46384e-08 	-6.0549e-28
0.0737111 	2.72029e-07 	-9.61422e-08 	-1.02808e-27
0.0741578 	2.65805e-07 	-9.76646e-08 	-1.41398e-27
0.0746045 	2.59515e-07 	-9.9233e-08 	-1.78699e-27
0.0750513 	2.53093e-07 	-1.00892e-07 	-2.13469e-27
0.075498 	2.46672e-07 	-1.0255e-07 	-2.48238e-27
0.0759447 	2.40064e-07 	-1.0435e-07 	-2.39228e-27
0.0763915 	2.33424e-07 	-1.06175e-07 	-2.22491e-27
0.0768382 	2.26697e-07 	-1.08071e-07 	-1.76806e-27
0.0772849 	2.19816e-07 	-1.10094e-07 	-8.02106e-28
0.0777317 	2.12935e-07 	-1.12117e-07 	1.63849e-28
0.0781784 	2.05823e-07 	-1.14344e-07 	8.97226e-28
0.0786251 	1.98678e-07 	-1.166e-07 	1.59738e-27
0.0790719 	1.91422e-07 	-1.18962e-07 	2.08654e-27
0.0795186 	1.83989e-07 	-1.2149e-07 	2.2422e-27
0.0799653 	1.76557e-07 	-1.24019e-07 	2.39787e-27
0.0804121 	1.68846e-07 	-1.26834e-07 	2.20843e-27
0.0808588 	1.61105e-07 	-1.29681e-07 	1.98064e-27
0.0813055 	1.53228e-07 	-1.32681e-07 	1.53415e-27
0.0817523 	1.45159e-07 	-1.359e-07 	7.76186e-28
0.082199 	1.3709e-07 	-1.39119e-07 	1.82185e-29
0.0826457 	1.28707e-07 	-1.4274e-07 	-6.47271e-28
0.0830925 	1.20298e-07 	-1.46394e-07 	-1.30526e-27
0.0835392 	1.11741e-07 	-1.50271e-07 	-1.69239e-27
0.0839859 	1.02991e-07 	-1.54434e-07 	-1.73125e-27
0.0844327 	9.42409e-08 	-1.58596e-07 	-1.77012e-27
0.0848794 	8.51817e-08 	-1.63321e-07 	-1.12429e-27
0.0853261 	7.61063e-08 	-1.68076e-07 	-4.42421e-28
0.0857729 	6.68985e-08 	-1.73146e-07 	-6.31829e-29
0.0862196 	5.7537e-08 	-1.78583e-07 	-3.56483e-29
0.0866663 	4.81754e-08 	-1.84019e-07 	-8.11376e-30
0.0871131 	3.86027e-08 	-1.90199e-07 	-8.29832e-28
0.0875598 	2.90246e-08 	-1.96399e-07 	-1.67333e-27
0.0880065 	1.93896e-08 	-1.60463e-07 	-1.69296e-27
0.0884533 	9.69481e-09 	-8.02314e-08 	-8.46479e-28
0.0889 	2.88954e-22 	-5.49154e-21 	-6.87005e-41
