0 	0 	0 	0
0.000446734 	4.17471e-05 	0.00364753 	-9.82657e-26
0.000893467 	8.17819e-05 	0.00725829 	-1.93634e-25
0.0013402 	4.34365e-05 	0.00968243 	-2.13549e-25
0.00178693 	-6.45221e-05 	0.0110252 	-1.64234e-25
0.00223367 	-0.00017579 	0.0123347 	-1.12372e-25
0.0026804 	-0.000339127 	0.0128528 	-6.63197e-26
0.00312714 	-0.000502465 	0.013371 	-2.02672e-26
0.00357387 	-0.000668146 	0.013765 	-2.57668e-26
0.0040206 	-0.000833673 	0.0140557 	-7.57906e-26
0.00446734 	-0.000999469 	0.0143393 	-1.29318e-25
0.00491407 	-0.00115262 	0.0144799 	-2.02542e-25
0.0053608 	-0.00130577 	0.0146205 	-2.75766e-25
0.00580754 	-0.00145035 	0.0146754 	-2.91355e-25
0.00625427 	-0.00158695 	0.0146631 	-2.63727e-25
0.00670101 	-0.00172282 	0.0146407 	-2.29716e-25
0.00714774 	-0.0018422 	0.0144928 	-1.56492e-25
0.00759447 	-0.00196157 	0.0143449 	-8.32685e-26
0.00804121 	-0.00207199 	0.0141355 	-4.20493e-26
0.00848794 	-0.00217538 	0.0138829 	-1.96539e-26
0.00893467 	-0.00227768 	0.013623 	0
0.00938141 	-0.00236685 	0.0132966 	0
0.00982814 	-0.00245602 	0.0129702 	0
0.0102749 	-0.00253771 	0.0126136 	0
0.0107216 	-0.00261427 	0.0122377 	0
0.0111683 	-0.0026896 	0.0118579 	0
0.0116151 	-0.0027549 	0.0114501 	0
0.0120618 	-0.0028202 	0.0110423 	0
0.0125085 	-0.00287935 	0.0106226 	0
0.0129553 	-0.00293481 	0.0101959 	0
0.013402 	-0.00298912 	0.0097681 	0
0.0138487 	-0.00303635 	0.00933297 	0
0.0142955 	-0.00308358 	0.00889785 	0
0.0147422 	-0.00312656 	0.00846255 	0
0.0151889 	-0.00316731 	0.00802706 	0
0.0156357 	-0.00320724 	0.00759258 	0
0.0160824 	-0.00324325 	0.00716257 	0
0.0165291 	-0.00327926 	0.00673256 	0
0.0169759 	-0.00331312 	0.00630887 	0
0.0174226 	-0.00334599 	0.005888 	0
0.0178693 	-0.00337852 	0.00546934 	0
0.0183161 	-0.00340974 	0.00505939 	0
0.0187628 	-0.00344095 	0.00464943 	0
0.0192095 	-0.00347191 	0.00424747 	0
0.0196563 	-0.0035028 	0.00384872 	0
0.020103 	-0.00353387 	0.00345228 	0
0.0205497 	-0.00356565 	0.00306383 	0
0.0209965 	-0.00359743 	0.00267539 	0
0.0214432 	-0.0036306 	0.0022932 	0
0.0218899 	-0.00366428 	0.00191326 	0
0.0223367 	-0.00369863 	0.0015348 	0
0.0227834 	-0.00373496 	0.00116089 	0
0.0232302 	-0.0037713 	0.000786978 	0
0.0236769 	-0.00381023 	0.000415395 	0
0.0241236 	-0.00384996 	4.45955e-05 	0
0.0245704 	-0.00389084 	-0.000326236 	0
0.0250171 	-0.00393467 	-0.000696944 	0
0.0254638 	-0.00397849 	-0.00106765 	0
0.0259106 	-0.00402579 	-0.0014407 	0
0.0263573 	-0.00407398 	-0.00181429 	0
0.026804 	-0.00412352 	-0.00218963 	0
0.0272508 	-0.00417604 	-0.00256885 	0
0.0276975 	-0.00422856 	-0.00294806 	0
0.0281442 	-0.0042845 	-0.00333372 	0
0.028591 	-0.00434116 	-0.00372076 	0
0.0290377 	-0.00439908 	-0.00411091 	0
0.0294844 	-0.00445946 	-0.00450727 	0
0.0299312 	-0.00451984 	-0.00490364 	0
0.0303779 	-0.00458278 	-0.00530828 	0
0.0308246 	-0.00464616 	-0.00571446 	0
0.0312714 	-0.00471028 	-0.00612387 	0
0.0317181 	-0.00477564 	-0.00653911 	0
0.0321648 	-0.00484101 	-0.00695435 	0
0.0326116 	-0.00490694 	-0.00737552 	0
0.0330583 	-0.00497294 	-0.00779759 	0
0.033505 	-0.00503853 	-0.00822075 	0
0.0339518 	-0.00510345 	-0.00864564 	0
0.0343985 	-0.00516836 	-0.00907053 	0
0.0348452 	-0.00523042 	-0.00949255 	0
0.035292 	-0.00529215 	-0.0099142 	0
0.0357387 	-0.00535149 	-0.0103311 	0
0.0361854 	-0.00540743 	-0.010741 	0
0.0366322 	-0.00546337 	-0.0111509 	0
0.0370789 	-0.00551086 	-0.0115395 	0
0.0375256 	-0.00555768 	-0.011926 	0
0.0379724 	-0.00559859 	-0.012296 	1.1491e-26
0.0384191 	-0.00563196 	-0.0126437 	4.00336e-26
0.0388658 	-0.00566534 	-0.0129914 	6.85762e-26
0.0393126 	-0.00568078 	-0.013284 	9.1818e-26
0.0397593 	-0.00569536 	-0.0135731 	1.15966e-25
0.040206 	-0.00569864 	-0.0138252 	1.10046e-25
0.0406528 	-0.0056891 	-0.014033 	6.64073e-26
0.0410995 	-0.00567956 	-0.0142407 	2.27682e-26
0.0415462 	-0.00564358 	-0.0143497 	-1.38553e-26
0.041993 	-0.00560717 	-0.0144553 	-4.92333e-26
0.0424397 	-0.005558 	-0.0145055 	-5.94882e-26
0.0428864 	-0.00549609 	-0.0144954 	-4.43917e-26
0.0433332 	-0.00543377 	-0.0144845 	-2.92301e-26
0.0437799 	-0.0053458 	-0.0143408 	-1.65934e-26
0.0442266 	-0.00525772 	-0.0141947 	-5.36336e-27
0.0446734 	-0.00514037 	-0.0139349 	-1.89033e-27
0.0451201 	-0.00499463 	-0.0135606 	-5.84838e-27
0.0455668 	-0.00484522 	-0.0131774 	-1.01271e-26
0.0460136 	-0.00450737 	-0.012342 	-2.13927e-26
0.0464603 	-0.00416822 	-0.0115037 	-3.25178e-26
0.046907 	-0.00361047 	-0.0102937 	-3.68485e-26
0.0473538 	-0.00285937 	-0.00875557 	-3.28904e-26
0.0478005 	-0.00209249 	-0.00719036 	-2.70071e-26
0.0482472 	-0.00141021 	-0.00524571 	-1.5882e-26
0.048694 	-0.000727935 	-0.00330106 	-4.75697e-27
0.0491407 	-0.00033664 	-0.00188007 	0
0.0495874 	-0.000161007 	-0.000898514 	0
0.0500342 	-3.00805e-07 	-3.0535e-07 	2.02379e-30
0.0504809 	-3.82131e-07 	-2.59677e-07 	5.25048e-29
0.0509276 	-4.63456e-07 	-2.14004e-07 	1.02986e-28
0.0513744 	-4.53844e-07 	-1.92179e-07 	1.64319e-28
0.0518211 	-3.80279e-07 	-1.81942e-07 	2.22155e-28
0.0522678 	-3.11796e-07 	-1.73067e-07 	2.71668e-28
0.0527146 	-2.84104e-07 	-1.69578e-07 	2.21187e-28
0.0531613 	-2.56413e-07 	-1.66088e-07 	1.70706e-28
0.053608 	-2.3676e-07 	-1.64771e-07 	1.0787e-28
0.0540548 	-2.22138e-07 	-1.6452e-07 	5.00336e-29
0.0545015 	-2.07994e-07 	-1.64452e-07 	0
0.0549482 	-1.9735e-07 	-1.65121e-07 	0
0.055395 	-1.86707e-07 	-1.6579e-07 	0
0.0558417 	-1.77206e-07 	-1.66567e-07 	0
0.0562884 	-1.68381e-07 	-1.67347e-07 	0
0.0567352 	-1.59733e-07 	-1.68147e-07 	0
0.0571819 	-1.52173e-07 	-1.68873e-07 	0
0.0576286 	-1.44612e-07 	-1.696e-07 	0
0.0580754 	-1.37731e-07 	-1.70334e-07 	0
0.0585221 	-1.31213e-07 	-1.71038e-07 	0
0.0589688 	-1.24839e-07 	-1.71768e-07 	0
0.0594156 	-1.19204e-07 	-1.72513e-07 	0
0.0598623 	-1.13569e-07 	-1.73258e-07 	0
0.060309 	-1.08437e-07 	-1.74083e-07 	0
0.0607558 	-1.03549e-07 	-1.74921e-07 	0
0.0612025 	-9.87779e-08 	-1.75798e-07 	0
0.0616492 	-9.45204e-08 	-1.76767e-07 	0
0.062096 	-9.0263e-08 	-1.77735e-07 	0
0.0625427 	-8.63756e-08 	-1.78823e-07 	0
0.0629894 	-8.26505e-08 	-1.79945e-07 	0
0.0634362 	-7.90181e-08 	-1.81114e-07 	0
0.0638829 	-7.57439e-08 	-1.82406e-07 	0
0.0643296 	-7.24698e-08 	-1.83698e-07 	0
0.0647764 	-6.94703e-08 	-1.8513e-07 	0
0.0652231 	-6.65799e-08 	-1.86604e-07 	0
0.0656698 	-6.37636e-08 	-1.88129e-07 	0
0.0661166 	-6.1201e-08 	-1.89792e-07 	0
0.0665633 	-5.86385e-08 	-1.91455e-07 	0
0.0670101 	-5.62829e-08 	-1.93271e-07 	0
0.0674568 	-5.40016e-08 	-1.9513e-07 	0
0.0679035 	-5.17796e-08 	-1.97047e-07 	0
0.0683503 	-4.97402e-08 	-1.99108e-07 	0
0.068797 	-4.77008e-08 	-2.01168e-07 	0
0.0692437 	-4.58187e-08 	-2.03392e-07 	0
0.0696905 	-4.39879e-08 	-2.05659e-07 	0
0.0701372 	-4.22043e-08 	-2.0799e-07 	0
0.0705839 	-4.05536e-08 	-2.10467e-07 	0
0.0710307 	-3.89028e-08 	-2.12943e-07 	0
0.0714774 	-3.73717e-08 	-2.15595e-07 	0
0.0719241 	-3.58763e-08 	-2.18287e-07 	0
0.0723709 	-3.44182e-08 	-2.21049e-07 	0
0.0728176 	-3.30569e-08 	-2.23959e-07 	0
0.0732643 	-3.16957e-08 	-2.26869e-07 	0
0.0737111 	-3.04249e-08 	-2.29964e-07 	0
0.0741578 	-2.91791e-08 	-2.33096e-07 	0
0.0746045 	-2.79618e-08 	-2.36307e-07 	1.90418e-29
0.0750513 	-2.68151e-08 	-2.39665e-07 	7.94746e-29
0.075498 	-2.56684e-08 	-2.43023e-07 	1.39907e-28
0.0759447 	-2.45885e-08 	-2.46577e-07 	2.10611e-28
0.0763915 	-2.35263e-08 	-2.50165e-07 	2.73635e-28
0.0768382 	-2.24849e-08 	-2.53838e-07 	2.92312e-28
0.0772849 	-2.14942e-08 	-2.57659e-07 	2.31879e-28
0.0777317 	-2.05035e-08 	-2.61479e-07 	1.71446e-28
0.0781784 	-1.95598e-08 	-2.65508e-07 	1.00214e-28
0.0786251 	-1.86288e-08 	-2.69565e-07 	3.71899e-29
0.0790719 	-1.77116e-08 	-2.73716e-07 	0
0.0795186 	-1.68296e-08 	-2.78014e-07 	0
0.0799653 	-1.59476e-08 	-2.82311e-07 	0
0.0804121 	-1.50955e-08 	-2.86827e-07 	0
0.0808588 	-1.42527e-08 	-2.91367e-07 	0
0.0813055 	-1.34169e-08 	-2.96009e-07 	5.62792e-29
0.0817523 	-1.26041e-08 	-3.00796e-07 	2.00551e-28
0.082199 	-1.17912e-08 	-3.05582e-07 	3.44824e-28
0.0826457 	-1.09927e-08 	-3.10598e-07 	4.97863e-28
0.0830925 	-1.02012e-08 	-3.15633e-07 	6.44595e-28
0.0835392 	-9.40999e-09 	-3.20778e-07 	6.02448e-28
0.0839859 	-8.63169e-09 	-3.26064e-07 	3.09471e-28
0.0844327 	-7.85339e-09 	-3.3135e-07 	1.64931e-29
0.0848794 	-7.07447e-09 	-3.36877e-07 	-2.93645e-28
0.0853261 	-6.3014e-09 	-3.42416e-07 	-5.90566e-28
0.0857729 	-5.52156e-09 	-3.48073e-07 	-6.78194e-28
0.0862196 	-4.74602e-09 	-3.53867e-07 	-5.29488e-28
0.0866663 	-3.97048e-09 	-3.59661e-07 	-3.80783e-28
0.0871131 	-3.17945e-09 	-3.65698e-07 	-2.23795e-28
0.0875598 	-2.39382e-09 	-3.7174e-07 	-7.3606e-29
0.0880065 	-1.59686e-09 	-3.0489e-07 	0
0.0884533 	-7.99919e-10 	-1.54194e-07 	0
0.0889 	0 	0 	0
