0 	0 	0 	0
0.000446734 	-1.62896e-05 	0.000432371 	-6.38655e-27
0.000893467 	-3.25791e-05 	0.000864742 	-1.27731e-26
0.0013402 	-6.2199e-05 	0.00112557 	-1.42643e-26
0.00178693 	-0.000104499 	0.00122322 	-1.10988e-26
0.00223367 	-0.000146802 	0.00131622 	-7.932e-27
0.0026804 	-0.000189234 	0.00122784 	-4.71088e-27
0.00312714 	-0.000231666 	0.00113946 	-1.48977e-27
0.00357387 	-0.000261618 	0.00100522 	0
0.0040206 	-0.000280831 	0.000831501 	0
0.00446734 	-0.000298498 	0.000656632 	0
0.00491407 	-0.000286783 	0.000459828 	0
0.0053608 	-0.000275067 	0.000263024 	0
0.00580754 	-0.000249009 	7.794e-05 	0
0.00625427 	-0.000211795 	-9.80286e-05 	0
0.00670101 	-0.000173649 	-0.000270206 	-4.5834e-28
0.00714774 	-0.000124001 	-0.000395623 	-6.56954e-27
0.00759447 	-7.43536e-05 	-0.000521039 	-1.26807e-26
0.00804121 	-2.54912e-05 	-0.000610214 	-1.85398e-26
0.00848794 	2.28199e-05 	-0.000673942 	-2.42218e-26
0.00893467 	7.00757e-05 	-0.000732279 	-2.87244e-26
0.00938141 	0.000107834 	-0.000742101 	-2.26132e-26
0.00982814 	0.000145592 	-0.000751924 	-1.6502e-26
0.0102749 	0.000174974 	-0.000740104 	-1.06537e-26
0.0107216 	0.000199057 	-0.000714592 	-4.97174e-27
0.0111683 	0.000221607 	-0.000687067 	-2.85717e-28
0.0116151 	0.000233429 	-0.000645449 	-2.57145e-27
0.0120618 	0.00024525 	-0.000603831 	-4.85719e-27
0.0125085 	0.00025141 	-0.00056083 	-7.05081e-27
0.0129553 	0.00025435 	-0.000517041 	-9.19204e-27
0.013402 	0.000256488 	-0.000474053 	-1.06692e-26
0.0138487 	0.000254083 	-0.000435597 	-8.3835e-27
0.0142955 	0.000251679 	-0.000397141 	-6.09776e-27
0.0147422 	0.000247649 	-0.000363866 	-3.90776e-27
0.0151889 	0.000242791 	-0.00033323 	-1.76652e-27
0.0156357 	0.000237875 	-0.00030388 	0
0.0160824 	0.000232686 	-0.000280592 	0
0.0165291 	0.000227498 	-0.000257303 	0
0.0169759 	0.000223134 	-0.000237861 	0
0.0174226 	0.000219146 	-0.000220166 	0
0.0178693 	0.000215623 	-0.000203193 	0
0.0183161 	0.000213964 	-0.000189103 	0
0.0187628 	0.000212305 	-0.000175013 	0
0.0192095 	0.000212895 	-0.000162255 	0
0.0196563 	0.000214392 	-0.000150034 	0
0.020103 	0.000216716 	-0.000137934 	0
0.0205497 	0.000221883 	-0.000126249 	0
0.0209965 	0.000227051 	-0.000114565 	0
0.0214432 	0.000235031 	-0.000102587 	0
0.0218899 	0.000244013 	-9.05051e-05 	0
0.0223367 	0.000253881 	-7.81746e-05 	-2.74605e-28
0.0227834 	0.000266408 	-6.50993e-05 	-1.37302e-27
0.0232302 	0.000278936 	-5.20241e-05 	-2.47144e-27
0.0236769 	0.000293622 	-3.79553e-05 	-3.4959e-27
0.0241236 	0.000308982 	-2.35771e-05 	-4.49733e-27
0.0245704 	0.000324817 	-8.82612e-06 	-4.92129e-27
0.0250171 	0.000341907 	6.90755e-06 	-3.82287e-27
0.0254638 	0.000358997 	2.26412e-05 	-2.72445e-27
0.0259106 	0.000376361 	3.92682e-05 	-2.99262e-27
0.0263573 	0.000393799 	5.61363e-05 	-3.62955e-27
0.026804 	0.000410867 	7.31749e-05 	-4.51667e-27
0.0272508 	0.000427072 	9.06114e-05 	-5.98758e-27
0.0276975 	0.000443276 	0.000108048 	-7.45849e-27
0.0281442 	0.000457142 	0.000125153 	-6.40313e-27
0.028591 	0.000470469 	0.000142182 	-4.76478e-27
0.0290377 	0.00048237 	0.00015862 	-3.18084e-27
0.0294844 	0.000491308 	0.00017383 	-1.70993e-27
0.0299312 	0.000500247 	0.000189039 	-2.39023e-28
0.0303779 	0.000504476 	0.000201169 	0
0.0308246 	0.000507791 	0.000212701 	0
0.0312714 	0.000508833 	0.000222156 	0
0.0317181 	0.000505652 	0.000227757 	0
0.0321648 	0.000502471 	0.000233357 	0
0.0326116 	0.000493271 	0.000231704 	-1.33592e-27
0.0330583 	0.000483112 	0.000228896 	-2.88481e-27
0.033505 	0.000470293 	0.000222064 	-4.36296e-27
0.0339518 	0.000453041 	0.000208529 	-5.72319e-27
0.0343985 	0.000435789 	0.000194994 	-7.08342e-27
0.0348452 	0.000412489 	0.00017067 	-5.8618e-27
0.035292 	0.000388422 	0.000144979 	-4.31291e-27
0.0357387 	0.000361952 	0.000114697 	-2.83948e-27
0.0361854 	0.000331876 	7.753e-05 	-1.47925e-27
0.0366322 	0.0003018 	4.03627e-05 	-1.1902e-28
0.0370789 	0.000267786 	-2.97139e-06 	2.23064e-28
0.0375256 	0.000233395 	-4.68968e-05 	4.67517e-28
0.0379724 	0.000198339 	-8.88368e-05 	7.04183e-28
0.0384191 	0.000162387 	-0.000128091 	9.30313e-28
0.0388658 	0.000126434 	-0.000167345 	1.15644e-27
0.0393126 	9.24561e-05 	-0.000182712 	9.41401e-28
0.0397593 	5.86101e-05 	-0.000196487 	6.96947e-28
0.040206 	3.27819e-05 	-0.000185003 	4.60739e-28
0.0406528 	1.67531e-05 	-0.000142646 	2.3461e-28
0.0410995 	7.24391e-07 	-0.000100289 	8.47986e-30
0.0415462 	-7.3385e-09 	-6.05315e-05 	0
0.041993 	-1.43081e-07 	-2.08753e-05 	0
0.0424397 	-2.17664e-07 	-3.77923e-08 	0
0.0428864 	-2.24651e-07 	8.09162e-11 	0
0.0433332 	-2.31637e-07 	3.79542e-08 	0
0.0437799 	-2.46421e-07 	3.25943e-08 	-2.95506e-30
0.0442266 	-2.61303e-07 	2.66872e-08 	-5.94752e-30
0.0446734 	-2.6889e-07 	2.26025e-08 	-9.13376e-30
0.0451201 	-2.6918e-07 	2.03403e-08 	-1.25138e-29
0.0455668 	-2.69475e-07 	1.80937e-08 	-1.58142e-29
0.0460136 	-2.70093e-07 	1.70745e-08 	-1.28217e-29
0.0464603 	-2.7071e-07 	1.60553e-08 	-9.82923e-30
0.046907 	-2.71416e-07 	1.52346e-08 	-6.6333e-30
0.0473538 	-2.72201e-07 	1.45936e-08 	-3.25327e-30
0.0478005 	-2.72988e-07 	1.39544e-08 	1.82926e-31
0.0482472 	-2.73821e-07 	1.33646e-08 	5.06096e-30
0.048694 	-2.74653e-07 	1.27748e-08 	9.93899e-30
0.0491407 	-2.75465e-07 	1.21459e-08 	1.50992e-29
0.0495874 	-2.7626e-07 	1.1485e-08 	2.04904e-29
0.0500342 	-2.77048e-07 	1.08172e-08 	2.52397e-29
0.0504809 	-2.77745e-07 	1.00456e-08 	2.03617e-29
0.0509276 	-2.78441e-07 	9.27394e-09 	1.54836e-29
0.0513744 	-2.79057e-07 	8.43578e-09 	1.76772e-29
0.0518211 	-2.79613e-07 	7.54844e-09 	2.50976e-29
0.0522678 	-2.80154e-07 	6.65178e-09 	3.30754e-29
0.0527146 	-2.80539e-07 	5.658e-09 	4.68671e-29
0.0531613 	-2.80924e-07 	4.66422e-09 	6.06587e-29
0.053608 	-2.81193e-07 	3.6153e-09 	5.84884e-29
0.0540548 	-2.81386e-07 	2.52963e-09 	4.56769e-29
0.0545015 	-2.81556e-07 	1.43537e-09 	3.27551e-29
0.0549482 	-2.81542e-07 	2.73415e-10 	1.89635e-29
0.055395 	-2.81527e-07 	-8.88536e-10 	5.17186e-30
0.0558417 	-2.81378e-07 	-2.08895e-09 	0
0.0562884 	-2.81147e-07 	-3.31244e-09 	0
0.0567352 	-2.80885e-07 	-4.54262e-09 	0
0.0571819 	-2.80431e-07 	-5.81474e-09 	0
0.0576286 	-2.79977e-07 	-7.08686e-09 	0
0.0580754 	-2.79375e-07 	-8.38362e-09 	0
0.0585221 	-2.78694e-07 	-9.69365e-09 	0
0.0589688 	-2.77976e-07 	-1.10085e-08 	-3.21807e-30
0.0594156 	-2.77067e-07 	-1.2348e-08 	-2.30216e-29
0.0598623 	-2.76157e-07 	-1.36875e-08 	-4.28251e-29
0.060309 	-2.75093e-07 	-1.50428e-08 	-6.33119e-29
0.0607558 	-2.73954e-07 	-1.64057e-08 	-8.41276e-29
0.0612025 	-2.72773e-07 	-1.77722e-08 	-9.73273e-29
0.0616492 	-2.71405e-07 	-1.91544e-08 	-7.75237e-29
0.062096 	-2.70038e-07 	-2.05365e-08 	-5.77202e-29
0.0625427 	-2.68511e-07 	-2.19308e-08 	-3.72081e-29
0.0629894 	-2.66915e-07 	-2.33302e-08 	-1.63924e-29
0.0634362 	-2.6527e-07 	-2.47331e-08 	0
0.0638829 	-2.63446e-07 	-2.61495e-08 	0
0.0643296 	-2.61622e-07 	-2.75658e-08 	0
0.0647764 	-2.59633e-07 	-2.89953e-08 	0
0.0652231 	-2.57581e-07 	-3.04299e-08 	0
0.0656698 	-2.55474e-07 	-3.18694e-08 	-3.08178e-30
0.0661166 	-2.53194e-07 	-3.3325e-08 	-1.60577e-29
0.0665633 	-2.50913e-07 	-3.47805e-08 	-2.90336e-29
0.0670101 	-2.48461e-07 	-3.62549e-08 	-4.23979e-29
0.0674568 	-2.45951e-07 	-3.77357e-08 	-5.58917e-29
0.0679035 	-2.4338e-07 	-3.92244e-08 	-6.24371e-29
0.0683503 	-2.40638e-07 	-4.07357e-08 	-4.94612e-29
0.068797 	-2.37896e-07 	-4.2247e-08 	-3.64853e-29
0.0692437 	-2.34973e-07 	-4.37872e-08 	-2.31081e-29
0.0696905 	-2.31996e-07 	-4.53357e-08 	-9.61431e-30
0.0701372 	-2.28951e-07 	-4.68972e-08 	0
0.0705839 	-2.25736e-07 	-4.8491e-08 	0
0.0710307 	-2.22521e-07 	-5.00847e-08 	0
0.0714774 	-2.19111e-07 	-5.17221e-08 	-1.24403e-29
0.0719241 	-2.15653e-07 	-5.33703e-08 	-2.79906e-29
0.0723709 	-2.12116e-07 	-5.50389e-08 	-4.36984e-29
0.0728176 	-2.08408e-07 	-5.67524e-08 	-5.97528e-29
0.0732643 	-2.04699e-07 	-5.84658e-08 	-7.58071e-29
0.0737111 	-2.00778e-07 	-6.02434e-08 	-6.57876e-29
0.0741578 	-1.96812e-07 	-6.20345e-08 	-5.02373e-29
0.0746045 	-1.92757e-07 	-6.38568e-08 	-3.45169e-29
0.0750513 	-1.88525e-07 	-6.57401e-08 	-1.84625e-29
0.075498 	-1.84293e-07 	-6.76233e-08 	-2.40815e-30
0.0759447 	-1.79827e-07 	-6.95992e-08 	0
0.0763915 	-1.7532e-07 	-7.15915e-08 	0
0.0768382 	-1.70709e-07 	-7.36303e-08 	0
0.0772849 	-1.65916e-07 	-7.57513e-08 	0
0.0777317 	-1.61123e-07 	-7.78722e-08 	0
0.0781784 	-1.56071e-07 	-8.01263e-08 	0
0.0786251 	-1.50981e-07 	-8.23993e-08 	0
0.0790719 	-1.45773e-07 	-8.47421e-08 	0
0.0795186 	-1.40375e-07 	-8.71952e-08 	0
0.0799653 	-1.34978e-07 	-8.96482e-08 	0
0.0804121 	-1.29295e-07 	-9.22934e-08 	0
0.0808588 	-1.23581e-07 	-9.49598e-08 	0
0.0813055 	-1.17733e-07 	-9.77308e-08 	0
0.0817523 	-1.11694e-07 	-1.00651e-07 	0
0.082199 	-1.05654e-07 	-1.03571e-07 	0
0.0826457 	-9.93132e-08 	-1.06769e-07 	0
0.0830925 	-9.29474e-08 	-1.0999e-07 	0
0.0835392 	-8.64415e-08 	-1.13368e-07 	0
0.0839859 	-7.97553e-08 	-1.16947e-07 	0
0.0844327 	-7.30692e-08 	-1.20525e-07 	0
0.0848794 	-6.60974e-08 	-1.24504e-07 	0
0.0853261 	-5.91106e-08 	-1.28504e-07 	0
0.0857729 	-5.20027e-08 	-1.3273e-07 	0
0.0862196 	-4.47541e-08 	-1.3722e-07 	0
0.0866663 	-3.75055e-08 	-1.41709e-07 	0
0.0871131 	-3.00628e-08 	-1.46736e-07 	0
0.0875598 	-2.2615e-08 	-1.51777e-07 	0
0.0880065 	-1.5114e-08 	-1.24109e-07 	0
0.0884533 	-7.55702e-09 	-6.20543e-08 	0
0.0889 	-2.36707e-22 	-2.27646e-21 	0
