0 	0 	0 	0
0.000446734 	-1.48378e-05 	-0.000113248 	7.49362e-26
0.000893467 	-2.96756e-05 	-0.000226495 	1.49872e-25
0.0013402 	-4.48322e-05 	-0.000309079 	2.62923e-25
0.00178693 	-6.02919e-05 	-0.000362494 	4.12229e-25
0.00223367 	-7.51855e-05 	-0.000414194 	5.5594e-25
0.0026804 	-6.79943e-05 	-0.000399007 	4.81457e-25
0.00312714 	-6.08032e-05 	-0.000383821 	4.06974e-25
0.00357387 	-2.7795e-05 	-0.000326762 	2.53012e-25
0.0040206 	2.74279e-05 	-0.000233675 	3.06612e-26
0.00446734 	8.64148e-05 	-0.000136298 	-1.82344e-25
0.00491407 	0.000216918 	4.25599e-05 	-2.17795e-25
0.0053608 	0.00034742 	0.000221418 	-2.53247e-25
0.00580754 	0.000533677 	0.000448367 	-1.6939e-25
0.00625427 	0.000763297 	0.00071272 	7.26257e-27
0.00670101 	0.00100113 	0.000982188 	1.83978e-25
0.00714774 	0.00134032 	0.00131474 	3.61475e-25
0.00759447 	0.0016795 	0.00164729 	5.38972e-25
0.00804121 	0.00207655 	0.0019985 	5.5132e-25
0.00848794 	0.00251423 	0.00236282 	4.47712e-25
0.00893467 	0.00295874 	0.00272568 	3.52191e-25
0.00938141 	0.00346473 	0.00307549 	3.29447e-25
0.00982814 	0.00397072 	0.00342531 	3.06703e-25
0.0102749 	0.00449474 	0.00374032 	4.80473e-25
0.0107216 	0.00503016 	0.0040333 	7.78569e-25
0.0111683 	0.00556469 	0.0043156 	1.01914e-24
0.0116151 	0.00609296 	0.0045231 	8.57047e-25
0.0120618 	0.00662122 	0.0047306 	6.94954e-25
0.0125085 	0.00712735 	0.00487578 	2.78245e-25
0.0129553 	0.00762089 	0.00498553 	-2.83245e-25
0.013402 	0.00810673 	0.00508087 	-7.9845e-25
0.0138487 	0.00854894 	0.00509447 	-1.05137e-24
0.0142955 	0.00899115 	0.00510808 	-1.30429e-24
0.0147422 	0.00939463 	0.00506501 	-1.20722e-24
0.0151889 	0.00977838 	0.00499307 	-9.31859e-25
0.0156357 	0.0101518 	0.00490876 	-5.89961e-25
0.0160824 	0.0104766 	0.00476616 	6.56079e-26
0.0165291 	0.0108013 	0.00462355 	7.21177e-25
0.0169759 	0.0110877 	0.00444315 	9.17816e-25
0.0174226 	0.0113566 	0.00424556 	9.0585e-25
0.0178693 	0.0116153 	0.00403985 	8.24215e-25
0.0183161 	0.011833 	0.00380171 	4.63902e-25
0.0187628 	0.0120507 	0.00356357 	1.0359e-25
0.0192095 	0.0122353 	0.0033053 	0
0.0196563 	0.0124065 	0.00303892 	0
0.020103 	0.0125681 	0.00276845 	-9.049e-26
0.0205497 	0.0126968 	0.0024839 	-4.92668e-25
0.0209965 	0.0128255 	0.00219935 	-8.94845e-25
0.0214432 	0.0129251 	0.00190738 	-1.44152e-24
0.0218899 	0.0130143 	0.00161278 	-2.03964e-24
0.0223367 	0.0130941 	0.0013173 	-2.45668e-24
0.0227834 	0.0131458 	0.00101921 	-2.33051e-24
0.0232302 	0.0131975 	0.000721128 	-2.20433e-24
0.0236769 	0.0132215 	0.000424609 	-1.46694e-24
0.0241236 	0.0132367 	0.000128577 	-5.39175e-25
0.0245704 	0.013242 	-0.000165522 	3.18226e-25
0.0250171 	0.0132208 	-0.000454526 	9.90107e-25
0.0254638 	0.0131996 	-0.00074353 	1.66199e-24
0.0259106 	0.0131493 	-0.00102318 	1.69889e-24
0.0263573 	0.0130912 	-0.00130031 	1.56444e-24
0.026804 	0.0130216 	-0.00157239 	1.40729e-24
0.0272508 	0.0129254 	-0.00183267 	1.1972e-24
0.0276975 	0.0128291 	-0.00209296 	9.87098e-25
0.0281442 	0.012701 	-0.00233529 	1.00294e-24
0.028591 	0.0125655 	-0.00257348 	1.07093e-24
0.0290377 	0.0124168 	-0.00280266 	1.03706e-24
0.0294844 	0.0122408 	-0.00301313 	7.91636e-25
0.0299312 	0.0120648 	-0.00322359 	5.46211e-25
0.0303779 	0.0118539 	-0.00340574 	-1.33982e-26
0.0308246 	0.0116364 	-0.0035824 	-6.33969e-25
0.0312714 	0.011404 	-0.00374493 	-1.01646e-24
0.0317181 	0.0111441 	-0.00388121 	-9.56815e-25
0.0321648 	0.0108843 	-0.0040175 	-8.97167e-25
0.0326116 	0.0105877 	-0.00411296 	-3.32112e-25
0.0330583 	0.0102852 	-0.0042019 	3.13516e-25
0.033505 	0.00996693 	-0.00427048 	7.53841e-25
0.0339518 	0.00962228 	-0.00430511 	8.51995e-25
0.0343985 	0.00927763 	-0.00433974 	9.50149e-25
0.0348452 	0.00889743 	-0.00432095 	6.3203e-25
0.035292 	0.00851272 	-0.00429539 	2.61144e-25
0.0357387 	0.00811418 	-0.00424459 	3.48012e-26
0.0361854 	0.00769491 	-0.00415595 	2.52732e-26
0.0366322 	0.00727564 	-0.00406731 	1.57452e-26
0.0370789 	0.00683454 	-0.00392334 	2.22261e-25
0.0375256 	0.00639134 	-0.00377407 	4.49493e-25
0.0379724 	0.00594501 	-0.0036031 	5.32843e-25
0.0384191 	0.00549443 	-0.00340275 	4.2153e-25
0.0388658 	0.00504384 	-0.0032024 	3.10217e-25
0.0393126 	0.00460603 	-0.00296978 	7.21093e-26
0.0397593 	0.00416907 	-0.00273501 	-1.74452e-25
0.040206 	0.00374805 	-0.00249455 	-3.14147e-25
0.0406528 	0.00334653 	-0.00224712 	-3.23228e-25
0.0410995 	0.00294501 	-0.0019997 	-3.32309e-25
0.0415462 	0.0025951 	-0.00176357 	-2.41928e-25
0.041993 	0.0022472 	-0.00152789 	-1.47671e-25
0.0424397 	0.00193025 	-0.00131021 	-8.61094e-26
0.0428864 	0.00164751 	-0.00111244 	-6.06848e-26
0.0433332 	0.00136477 	-0.000914663 	-3.52602e-26
0.0437799 	0.00115052 	-0.000781247 	-2.73354e-26
0.0442266 	0.000937145 	-0.000648646 	-1.96321e-26
0.0446734 	0.000756746 	-0.000557892 	-1.26085e-26
0.0451201 	0.000609325 	-0.000508985 	-6.26461e-27
0.0455668 	0.000462566 	-0.000460926 	1.905e-28
0.0460136 	0.000368122 	-0.000479771 	1.54305e-26
0.0464603 	0.000273677 	-0.000498616 	3.06706e-26
0.046907 	0.000195724 	-0.000514447 	5.95436e-26
0.0473538 	0.000132694 	-0.000527552 	1.00751e-25
0.0478005 	7.09845e-05 	-0.000535944 	1.39844e-25
0.0482472 	4.31912e-05 	-0.000423369 	1.2465e-25
0.048694 	1.53978e-05 	-0.000310793 	1.09456e-25
0.0491407 	2.32038e-06 	-0.000202626 	7.99617e-26
0.0495874 	1.2833e-06 	-9.8066e-05 	3.87675e-26
0.0500342 	3.13138e-07 	-3.91459e-08 	1.42409e-28
0.0504809 	3.46598e-07 	-9.1133e-09 	5.46239e-29
0.0509276 	3.80059e-07 	2.09193e-08 	-3.31617e-29
0.0513744 	4.04326e-07 	2.5691e-08 	-7.82186e-29
0.0518211 	4.21797e-07 	1.17916e-08 	-9.16934e-29
0.0522678 	4.37571e-07 	-1.6258e-09 	-1.00331e-28
0.0527146 	4.35649e-07 	-1.00159e-08 	-5.85266e-29
0.0531613 	4.33727e-07 	-1.84059e-08 	-1.67219e-29
0.053608 	4.30886e-07 	-2.50443e-08 	0
0.0540548 	4.27434e-07 	-3.0515e-08 	0
0.0545015 	4.23904e-07 	-3.57903e-08 	0
0.0549482 	4.19754e-07 	-3.95241e-08 	0
0.055395 	4.15604e-07 	-4.32578e-08 	0
0.0558417 	4.11258e-07 	-4.62942e-08 	-3.82898e-29
0.0562884 	4.06794e-07 	-4.89121e-08 	-9.95534e-29
0.0567352 	4.02312e-07 	-5.1427e-08 	-1.62189e-28
0.0571819 	3.9772e-07 	-5.32953e-08 	-2.33433e-28
0.0576286 	3.93128e-07 	-5.51637e-08 	-3.04677e-28
0.0580754 	3.88514e-07 	-5.66974e-08 	-3.13586e-28
0.0585221 	3.83887e-07 	-5.8051e-08 	-2.88931e-28
0.0589688 	3.79262e-07 	-5.93469e-08 	-2.42273e-28
0.0594156 	3.74644e-07 	-6.03457e-08 	-8.22152e-29
0.0598623 	3.70026e-07 	-6.13444e-08 	7.78423e-29
0.060309 	3.65425e-07 	-6.21802e-08 	1.86999e-28
0.0607558 	3.60832e-07 	-6.29375e-08 	2.71649e-28
0.0612025 	3.56245e-07 	-6.36651e-08 	3.02755e-28
0.0616492 	3.5168e-07 	-6.42641e-08 	1.01837e-28
0.062096 	3.47115e-07 	-6.48631e-08 	-9.90797e-29
0.0625427 	3.42566e-07 	-6.53949e-08 	-2.827e-28
0.0629894 	3.38023e-07 	-6.58978e-08 	-4.58906e-28
0.0634362 	3.33482e-07 	-6.63904e-08 	-6.03596e-28
0.0638829 	3.28951e-07 	-6.68448e-08 	-6.31487e-28
0.0643296 	3.2442e-07 	-6.72992e-08 	-6.59377e-28
0.0647764 	3.19888e-07 	-6.77454e-08 	-7.88045e-28
0.0652231 	3.15356e-07 	-6.81884e-08 	-9.54939e-28
0.0656698 	3.1082e-07 	-6.86357e-08 	-1.10617e-27
0.0661166 	3.06272e-07 	-6.90967e-08 	-1.20713e-27
0.0665633 	3.01724e-07 	-6.95577e-08 	-1.30808e-27
0.0670101 	2.97153e-07 	-7.00502e-08 	-9.8072e-28
0.0674568 	2.92573e-07 	-7.0553e-08 	-5.10589e-28
0.0679035 	2.87981e-07 	-7.10721e-08 	-5.05083e-29
0.0683503 	2.83354e-07 	-7.16367e-08 	3.81338e-28
0.068797 	2.78727e-07 	-7.22013e-08 	8.13185e-28
0.0692437 	2.74049e-07 	-7.2827e-08 	9.24438e-28
0.0696905 	2.69357e-07 	-7.34705e-08 	9.42616e-28
0.0701372 	2.64641e-07 	-7.41411e-08 	1.01677e-27
0.0705839 	2.59865e-07 	-7.48788e-08 	1.22963e-27
0.0710307 	2.5509e-07 	-7.56165e-08 	1.4425e-27
0.0714774 	2.50234e-07 	-7.64412e-08 	1.3267e-27
0.0719241 	2.45357e-07 	-7.72877e-08 	1.12874e-27
0.0723709 	2.40443e-07 	-7.81726e-08 	7.60133e-28
0.0728176 	2.35447e-07 	-7.91421e-08 	1.60819e-29
0.0732643 	2.3045e-07 	-8.01116e-08 	-7.27969e-28
0.0737111 	2.25339e-07 	-8.11949e-08 	-1.24258e-27
0.0741578 	2.20203e-07 	-8.23023e-08 	-1.70853e-27
0.0746045 	2.15012e-07 	-8.34617e-08 	-2.15227e-27
0.0750513 	2.09717e-07 	-8.47231e-08 	-2.5524e-27
0.075498 	2.04421e-07 	-8.59845e-08 	-2.95253e-27
0.0759447 	1.98971e-07 	-8.73922e-08 	-2.83335e-27
0.0763915 	1.93495e-07 	-8.88257e-08 	-2.62254e-27
0.0768382 	1.87946e-07 	-9.03292e-08 	-2.07752e-27
0.0772849 	1.82268e-07 	-9.19557e-08 	-9.44782e-28
0.0777317 	1.76591e-07 	-9.35822e-08 	1.87959e-28
0.0781784 	1.70718e-07 	-9.53991e-08 	1.03277e-27
0.0786251 	1.64818e-07 	-9.72432e-08 	1.83644e-27
0.0790719 	1.58824e-07 	-9.91831e-08 	2.39358e-27
0.0795186 	1.52681e-07 	-1.01274e-07 	2.56105e-27
0.0799653 	1.46538e-07 	-1.03365e-07 	2.72852e-27
0.0804121 	1.40159e-07 	-1.05711e-07 	2.50862e-27
0.0808588 	1.33754e-07 	-1.08085e-07 	2.24569e-27
0.0813055 	1.27234e-07 	-1.10593e-07 	1.73903e-27
0.0817523 	1.20551e-07 	-1.13292e-07 	8.85269e-28
0.082199 	1.13868e-07 	-1.15991e-07 	3.15051e-29
0.0826457 	1.06918e-07 	-1.19039e-07 	-7.1166e-28
0.0830925 	9.99461e-08 	-1.22116e-07 	-1.44586e-27
0.0835392 	9.28476e-08 	-1.25384e-07 	-1.8731e-27
0.0839859 	8.55863e-08 	-1.28898e-07 	-1.90568e-27
0.0844327 	7.83249e-08 	-1.32413e-07 	-1.93827e-27
0.0848794 	7.08011e-08 	-1.36409e-07 	-1.22299e-27
0.0853261 	6.32635e-08 	-1.40432e-07 	-4.68347e-28
0.0857729 	5.56138e-08 	-1.44724e-07 	-5.22436e-29
0.0862196 	4.78338e-08 	-1.49329e-07 	-2.95773e-29
0.0866663 	4.00539e-08 	-1.53934e-07 	-6.91095e-30
0.0871131 	3.20956e-08 	-1.59175e-07 	-9.10404e-28
0.0875598 	2.41327e-08 	-1.64432e-07 	-1.83764e-27
0.0880065 	1.6122e-08 	-1.34373e-07 	-1.85958e-27
0.0884533 	8.06099e-09 	-6.71865e-08 	-9.29791e-28
0.0889 	2.39963e-22 	-4.59913e-21 	-7.58443e-41
