0 	0 	0 	0
0.000446734 	-1.20376e-05 	-5.83e-05 	1.06044e-27
0.000893467 	-2.40752e-05 	-0.0001166 	2.12088e-27
0.0013402 	-3.81477e-05 	-0.000166202 	5.08765e-27
0.00178693 	-5.41556e-05 	-0.000207531 	9.86776e-27
0.00223367 	-6.99081e-05 	-0.000248022 	1.45167e-26
0.0026804 	-7.56941e-05 	-0.000255889 	1.40515e-26
0.00312714 	-8.14801e-05 	-0.000263755 	1.35862e-26
0.00357387 	-7.34449e-05 	-0.000246372 	8.75112e-27
0.0040206 	-5.35172e-05 	-0.000207264 	1.5604e-28
0.00446734 	-3.14644e-05 	-0.000165278 	-8.15425e-27
0.00491407 	3.09659e-05 	-6.86346e-05 	-1.10536e-26
0.0053608 	9.33961e-05 	2.80091e-05 	-1.39529e-26
0.00580754 	0.000189179 	0.000160575 	-8.289e-27
0.00625427 	0.000310902 	0.00032108 	4.03528e-27
0.00670101 	0.000438127 	0.000486309 	1.67502e-26
0.00714774 	0.000633218 	0.000709797 	3.42826e-26
0.00759447 	0.000828308 	0.000933286 	5.18151e-26
0.00804121 	0.00107034 	0.00118712 	5.4048e-26
0.00848794 	0.00134533 	0.00146225 	4.55387e-26
0.00893467 	0.00162784 	0.00174034 	3.84211e-26
0.00938141 	0.00197795 	0.00204499 	4.38287e-26
0.00982814 	0.00232806 	0.00234963 	4.92362e-26
0.0102749 	0.00271446 	0.00265469 	9.8796e-26
0.0107216 	0.00312382 	0.00296001 	1.76289e-25
0.0111683 	0.00353773 	0.00326183 	2.40339e-25
0.0116151 	0.00398357 	0.00353914 	2.10294e-25
0.0120618 	0.00442941 	0.00381644 	1.80248e-25
0.0125085 	0.00488322 	0.00406154 	5.66869e-26
0.0129553 	0.00534157 	0.00428832 	-1.2005e-25
0.013402 	0.00579869 	0.00450554 	-2.87711e-25
0.0138487 	0.00624892 	0.00466854 	-4.03947e-25
0.0142955 	0.00669915 	0.00483155 	-5.20182e-25
0.0147422 	0.00713411 	0.00494964 	-4.88421e-25
0.0151889 	0.0075613 	0.00504484 	-3.81265e-25
0.0156357 	0.00798288 	0.00512874 	-2.38983e-25
0.0160824 	0.00837805 	0.00515934 	6.88936e-26
0.0165291 	0.00877323 	0.00518994 	3.7677e-25
0.0169759 	0.00914366 	0.00518143 	4.67543e-25
0.0174226 	0.00950284 	0.00515514 	4.59631e-25
0.0178693 	0.00985472 	0.00511944 	4.16855e-25
0.0183161 	0.0101774 	0.00504606 	2.34623e-25
0.0187628 	0.0105001 	0.00497268 	5.23916e-26
0.0192095 	0.0107978 	0.00487292 	0
0.0196563 	0.0110855 	0.00476253 	0
0.020103 	0.0113659 	0.00464589 	-5.16777e-26
0.0205497 	0.0116212 	0.00450777 	-2.81356e-25
0.0209965 	0.0118764 	0.00436964 	-5.11035e-25
0.0214432 	0.0121098 	0.00421694 	-8.26067e-25
0.0218899 	0.0123354 	0.00405904 	-1.17148e-24
0.0223367 	0.0125543 	0.00389784 	-1.41382e-24
0.0227834 	0.012753 	0.00372669 	-1.34695e-24
0.0232302 	0.0129517 	0.00355555 	-1.28008e-24
0.0236769 	0.0131317 	0.0033782 	-8.55593e-25
0.0241236 	0.0133059 	0.00319891 	-3.19714e-25
0.0245704 	0.013474 	0.00301845 	1.79326e-25
0.0250171 	0.0136259 	0.00283491 	5.81246e-25
0.0254638 	0.0137778 	0.00265137 	9.83165e-25
0.0259106 	0.0139136 	0.00246671 	1.01351e-24
0.0263573 	0.014045 	0.00228176 	9.4358e-25
0.026804 	0.0141707 	0.00209698 	8.58499e-25
0.0272508 	0.0142832 	0.00191262 	7.38056e-25
0.0276975 	0.0143956 	0.00172826 	6.17614e-25
0.0281442 	0.0144937 	0.00154546 	6.39399e-25
0.028591 	0.0145885 	0.00136302 	6.94006e-25
0.0290377 	0.0146779 	0.00118148 	6.76681e-25
0.0294844 	0.014756 	0.00100179 	5.09957e-25
0.0299312 	0.0148342 	0.000822094 	3.43233e-25
0.0303779 	0.014899 	0.000645065 	-6.03069e-26
0.0308246 	0.0149612 	0.000468552 	-5.09796e-25
0.0312714 	0.0150181 	0.000293207 	-7.85144e-25
0.0317181 	0.015065 	0.00012003 	-7.37089e-25
0.0321648 	0.0151118 	-5.31464e-05 	-6.89034e-25
0.0326116 	0.0151457 	-0.000223448 	-2.2036e-25
0.0330583 	0.0151775 	-0.000393292 	3.15369e-25
0.033505 	0.0152037 	-0.000561904 	6.88214e-25
0.0339518 	0.0152204 	-0.000728465 	7.89588e-25
0.0343985 	0.0152372 	-0.000895026 	8.90961e-25
0.0348452 	0.0152405 	-0.0010587 	5.82094e-25
0.035292 	0.0152422 	-0.001222 	2.21225e-25
0.0357387 	0.0152376 	-0.00138399 	2.02247e-26
0.0361854 	0.0152237 	-0.00154399 	5.9027e-26
0.0366322 	0.0152099 	-0.00170399 	9.78293e-26
0.0370789 	0.0151814 	-0.00186081 	4.47951e-25
0.0375256 	0.0151516 	-0.00201732 	8.27926e-25
0.0379724 	0.0151146 	-0.00217217 	9.65676e-25
0.0384191 	0.0150679 	-0.00232477 	7.75711e-25
0.0388658 	0.0150213 	-0.00247737 	5.85746e-25
0.0393126 	0.0149579 	-0.00262561 	5.94138e-27
0.0397593 	0.0148933 	-0.00277356 	-5.99853e-25
0.040206 	0.01482 	-0.00291886 	-9.71544e-25
0.0406528 	0.014736 	-0.00306093 	-1.05711e-24
0.0410995 	0.0146519 	-0.003203 	-1.14267e-24
0.0415462 	0.0145469 	-0.00333759 	-8.73448e-25
0.041993 	0.014441 	-0.00347188 	-5.904e-25
0.0424397 	0.0143233 	-0.00360115 	-3.96773e-25
0.0428864 	0.0141923 	-0.00372487 	-3.01979e-25
0.0433332 	0.0140613 	-0.00384858 	-2.07185e-25
0.0437799 	0.0139011 	-0.00395796 	-1.64273e-25
0.0442266 	0.0137406 	-0.00406716 	-1.22018e-25
0.0446734 	0.0135624 	-0.00416651 	-8.06114e-26
0.0451201 	0.0133667 	-0.004256 	-4.00522e-26
0.0455668 	0.0131704 	-0.00434517 	1.28742e-27
0.0460136 	0.0129332 	-0.00440867 	1.04281e-25
0.0464603 	0.012696 	-0.00447216 	2.07274e-25
0.046907 	0.012434 	-0.00451837 	3.8502e-25
0.0473538 	0.0121493 	-0.00454892 	6.304e-25
0.0478005 	0.0118628 	-0.004578 	8.64756e-25
0.0482472 	0.0115266 	-0.00456898 	8.16148e-25
0.048694 	0.0111904 	-0.00455997 	7.6754e-25
0.0491407 	0.0108254 	-0.00452641 	6.10806e-25
0.0495874 	0.0104369 	-0.00447277 	3.65606e-25
0.0500342 	0.0100455 	-0.00441621 	1.35541e-25
0.0504809 	0.00960932 	-0.00431593 	1.3251e-25
0.0509276 	0.00917318 	-0.00421565 	1.29479e-25
0.0513744 	0.00871589 	-0.00408985 	1.28087e-25
0.0518211 	0.00824296 	-0.00394519 	1.27907e-25
0.0522678 	0.00776831 	-0.00379726 	1.23249e-25
0.0527146 	0.00727559 	-0.0036153 	7.18955e-26
0.0531613 	0.00678288 	-0.00343333 	2.05416e-26
0.053608 	0.00629112 	-0.00323579 	0
0.0540548 	0.0058 	-0.00302787 	0
0.0545015 	0.00531162 	-0.00281859 	0
0.0549482 	0.00484478 	-0.00259859 	0
0.055395 	0.00437795 	-0.00237858 	0
0.0558417 	0.00393886 	-0.00215955 	-3.94792e-27
0.0562884 	0.00351642 	-0.00194111 	-1.02646e-26
0.0567352 	0.003102 	-0.00172434 	-1.67665e-26
0.0571819 	0.00273794 	-0.00151807 	-2.44302e-26
0.0576286 	0.00237388 	-0.00131181 	-3.2094e-26
0.0580754 	0.00205177 	-0.00111738 	-3.36773e-26
0.0585221 	0.00175223 	-0.000929329 	-3.19866e-26
0.0589688 	0.00146303 	-0.000744663 	-2.78956e-26
0.0594156 	0.0012271 	-0.000577459 	-1.14345e-26
0.0598623 	0.000991158 	-0.000410255 	5.02669e-27
0.060309 	0.000794771 	-0.000259525 	1.67536e-26
0.0607558 	0.000617427 	-0.000116725 	2.62012e-26
0.0612025 	0.000450023 	1.96337e-05 	3.08226e-26
0.0616492 	0.000325696 	0.000128083 	1.45312e-26
0.062096 	0.00020137 	0.000236532 	-1.76026e-27
0.0625427 	0.000110919 	0.000308244 	-1.37492e-26
0.0629894 	3.49878e-05 	0.000364212 	-2.38942e-26
0.0634362 	-3.18819e-05 	0.000405106 	-3.1117e-26
0.0638829 	-6.51698e-05 	0.000390132 	-2.7511e-26
0.0643296 	-9.84576e-05 	0.000375159 	-2.39049e-26
0.0647764 	-0.00010867 	0.000307017 	-2.23658e-26
0.0652231 	-0.000110129 	0.000218708 	-2.16109e-26
0.0656698 	-0.000107841 	0.000119263 	-1.9565e-26
0.0661166 	-9.35233e-05 	-1.59315e-05 	-1.33747e-26
0.0665633 	-7.92057e-05 	-0.000151126 	-7.18445e-27
0.0670101 	-6.40768e-05 	-0.000280375 	-6.75936e-27
0.0674568 	-4.86775e-05 	-0.000407643 	-8.25599e-27
0.0679035 	-3.44647e-05 	-0.000513011 	-1.28076e-26
0.0683503 	-2.35853e-05 	-0.000556853 	-2.59424e-26
0.068797 	-1.27059e-05 	-0.000600695 	-3.90772e-26
0.0692437 	-6.90388e-06 	-0.000512471 	-3.87301e-26
0.0696905 	-2.57592e-06 	-0.000385906 	-3.44688e-26
0.0701372 	4.83251e-07 	-0.000261804 	-2.83499e-26
0.0705839 	3.98056e-07 	-0.000143807 	-1.76271e-26
0.0710307 	3.1286e-07 	-2.58102e-05 	-6.90432e-27
0.0714774 	2.76116e-07 	-1.52394e-06 	-3.31716e-27
0.0719241 	2.51484e-07 	-6.6547e-07 	-1.51391e-27
0.0723709 	2.43663e-07 	-7.61386e-08 	-2.09124e-28
0.0728176 	2.72825e-07 	-7.89212e-08 	-9.61263e-31
0.0732643 	3.01987e-07 	-8.17039e-08 	2.07201e-28
0.0737111 	3.05201e-07 	-8.48436e-08 	3.64644e-28
0.0741578 	3.0291e-07 	-8.80589e-08 	5.11328e-28
0.0746045 	3.00122e-07 	-9.14255e-08 	6.55163e-28
0.0750513 	2.96359e-07 	-9.50891e-08 	7.93403e-28
0.075498 	2.92597e-07 	-9.87527e-08 	9.31644e-28
0.0759447 	2.87778e-07 	-1.02801e-07 	8.98752e-28
0.0763915 	2.82772e-07 	-1.06918e-07 	8.35661e-28
0.0768382 	2.77372e-07 	-1.11196e-07 	6.55039e-28
0.0772849 	2.71279e-07 	-1.1576e-07 	2.67726e-28
0.0777317 	2.65185e-07 	-1.20323e-07 	-1.19587e-28
0.0781784 	2.58232e-07 	-1.2528e-07 	-4.29941e-28
0.0786251 	2.51156e-07 	-1.30293e-07 	-7.29301e-28
0.0790719 	2.43726e-07 	-1.35488e-07 	-9.46694e-28
0.0795186 	2.35735e-07 	-1.40971e-07 	-1.03453e-27
0.0799653 	2.27744e-07 	-1.46455e-07 	-1.12236e-27
0.0804121 	2.18969e-07 	-1.52399e-07 	-1.06294e-27
0.0808588 	2.10107e-07 	-1.58395e-07 	-9.87159e-28
0.0813055 	2.00899e-07 	-1.6463e-07 	-7.84705e-28
0.0817523 	1.91198e-07 	-1.71206e-07 	-4.01837e-28
0.082199 	1.81497e-07 	-1.77782e-07 	-1.89687e-29
0.0826457 	1.71047e-07 	-1.84979e-07 	3.55544e-28
0.0830925 	1.60537e-07 	-1.92226e-07 	7.29379e-28
0.0835392 	1.4969e-07 	-1.99819e-07 	9.38045e-28
0.0839859 	1.38411e-07 	-2.07855e-07 	9.34351e-28
0.0844327 	1.27132e-07 	-2.15891e-07 	9.30657e-28
0.0848794 	1.15183e-07 	-2.24808e-07 	5.13416e-28
0.0853261 	1.03199e-07 	-2.33772e-07 	7.44099e-29
0.0857729 	9.09369e-08 	-2.43235e-07 	-1.21862e-28
0.0862196 	7.83509e-08 	-2.53278e-07 	-3.60364e-29
0.0866663 	6.57649e-08 	-2.63321e-07 	4.97888e-29
0.0871131 	5.27411e-08 	-2.74554e-07 	7.14605e-28
0.0875598 	3.97061e-08 	-2.85817e-07 	1.39427e-27
0.0880065 	2.65533e-08 	-2.34444e-07 	1.40108e-27
0.0884533 	1.32767e-08 	-1.17222e-07 	7.0054e-28
0.0889 	3.93235e-22 	-8.06678e-21 	6.20746e-41
