0 	0 	0 	0
0.000446734 	-6.57883e-06 	0.000316478 	-8.57042e-27
0.000893467 	-1.31577e-05 	0.000632956 	-1.71408e-26
0.0013402 	-2.67239e-05 	0.000817918 	-1.91452e-26
0.00178693 	-4.69367e-05 	0.000877781 	-1.49038e-26
0.00223367 	-6.71194e-05 	0.000933862 	-1.06601e-26
0.0026804 	-8.6125e-05 	0.000842469 	-6.33115e-27
0.00312714 	-0.000105131 	0.000751076 	-2.00216e-27
0.00357387 	-0.000115738 	0.0006229 	0
0.0040206 	-0.00011912 	0.000463073 	0
0.00446734 	-0.000121613 	0.000302822 	0
0.00491407 	-0.000107245 	0.00013453 	0
0.0053608 	-9.28764e-05 	-3.37627e-05 	0
0.00580754 	-7.35383e-05 	-0.000182149 	0
0.00625427 	-5.03352e-05 	-0.000315053 	0
0.00670101 	-2.75229e-05 	-0.000443386 	-6.11826e-28
0.00714774 	-9.53159e-06 	-0.000515342 	-8.76951e-27
0.00759447 	8.45969e-06 	-0.000587299 	-1.69272e-26
0.00804121 	1.58724e-05 	-0.000621302 	-2.4885e-26
0.00848794 	1.58575e-05 	-0.000628657 	-3.27024e-26
0.00893467 	1.324e-05 	-0.000630893 	-3.89224e-26
0.00938141 	-1.28018e-05 	-0.000587055 	-3.07647e-26
0.00982814 	-3.88436e-05 	-0.000543218 	-2.2607e-26
0.0102749 	-8.32106e-05 	-0.000479543 	-1.46577e-26
0.0107216 	-0.000139171 	-0.000403317 	-6.84026e-27
0.0111683 	-0.000199189 	-0.000324863 	-4.19933e-28
0.0116151 	-0.000287608 	-0.000230812 	-3.77939e-27
0.0120618 	-0.000376028 	-0.000136761 	-7.13885e-27
0.0125085 	-0.000487181 	-3.59042e-05 	-1.03328e-26
0.0129553 	-0.000611262 	6.88227e-05 	-1.34327e-26
0.013402 	-0.000741316 	0.000174949 	-1.55637e-26
0.0138487 	-0.000905223 	0.000289007 	-1.22042e-26
0.0142955 	-0.00106913 	0.000403065 	-8.84476e-27
0.0147422 	-0.00126211 	0.000524027 	-5.65728e-27
0.0151889 	-0.00146989 	0.000648506 	-2.5574e-27
0.0156357 	-0.00168578 	0.00077494 	0
0.0160824 	-0.00193983 	0.000910589 	0
0.0165291 	-0.00219387 	0.00104624 	0
0.0169759 	-0.00247927 	0.00118881 	0
0.0174226 	-0.00277893 	0.00133452 	0
0.0178693 	-0.00308679 	0.00148156 	0
0.0183161 	-0.00342749 	0.00163387 	0
0.0187628 	-0.0037682 	0.00178618 	0
0.0192095 	-0.00413207 	0.00193922 	0
0.0196563 	-0.00450529 	0.00209254 	0
0.020103 	-0.00488316 	0.00224453 	0
0.0205497 	-0.00527709 	0.00239192 	0
0.0209965 	-0.00567101 	0.00253932 	0
0.0214432 	-0.00607012 	0.00267699 	0
0.0218899 	-0.00647108 	0.00281121 	0
0.0223367 	-0.00687033 	0.00294051 	2.88099e-29
0.0227834 	-0.00726446 	0.00305505 	1.4405e-28
0.0232302 	-0.0076586 	0.00316959 	2.59289e-28
0.0236769 	-0.00803805 	0.00326538 	7.60567e-28
0.0241236 	-0.00841294 	0.00335534 	1.38209e-27
0.0245704 	-0.00877983 	0.00343775 	1.801e-27
0.0250171 	-0.00912566 	0.0035003 	1.68576e-27
0.0254638 	-0.0094715 	0.00356284 	1.57052e-27
0.0259106 	-0.0097893 	0.00360327 	3.48413e-27
0.0263573 	-0.0100995 	0.00363772 	5.94521e-27
0.026804 	-0.0103981 	0.00366412 	8.82179e-27
0.0272508 	-0.0106696 	0.00367169 	1.26679e-26
0.0276975 	-0.010941 	0.00367927 	1.6514e-26
0.0281442 	-0.0111806 	0.00366715 	1.47305e-26
0.028591 	-0.011413 	0.00365048 	1.16479e-26
0.0290377 	-0.0116332 	0.00362708 	8.31718e-27
0.0294844 	-0.0118284 	0.00358967 	4.47109e-27
0.0299312 	-0.0120236 	0.00355227 	6.24991e-28
0.0303779 	-0.0121907 	0.00350072 	0
0.0308246 	-0.0123522 	0.00344643 	0
0.0312714 	-0.0125035 	0.00338754 	0
0.0317181 	-0.0126356 	0.00332013 	0
0.0321648 	-0.0127677 	0.00325271 	0
0.0326116 	-0.0128782 	0.00317689 	1.05387e-26
0.0330583 	-0.0129852 	0.00309974 	2.27574e-26
0.033505 	-0.0130843 	0.00301999 	3.50162e-26
0.0339518 	-0.0131702 	0.00293591 	4.73417e-26
0.0343985 	-0.0132562 	0.00285184 	5.96673e-26
0.0348452 	-0.0133265 	0.00276358 	5.02097e-26
0.035292 	-0.0133948 	0.0026748 	3.7991e-26
0.0357387 	-0.0134572 	0.00258478 	2.57295e-26
0.0361854 	-0.0135106 	0.0024929 	1.3404e-26
0.0366322 	-0.0135641 	0.00240102 	1.07848e-27
0.0370789 	-0.013606 	0.00230731 	-2.70317e-27
0.0375256 	-0.0136467 	0.00221343 	-5.66555e-27
0.0379724 	-0.0136827 	0.00211897 	-8.62722e-27
0.0384191 	-0.0137123 	0.00202374 	-1.1588e-26
0.0388658 	-0.0137419 	0.00192851 	-1.45487e-26
0.0393126 	-0.0137619 	0.0018323 	-1.19565e-26
0.0397593 	-0.0137814 	0.00173602 	-8.99414e-27
0.040206 	-0.0137966 	0.00163931 	-6.0325e-27
0.0406528 	-0.0138066 	0.00154205 	-3.07176e-27
0.0410995 	-0.0138166 	0.00144479 	-1.11028e-28
0.0415462 	-0.0138179 	0.00134645 	0
0.041993 	-0.0138189 	0.00124806 	0
0.0424397 	-0.0138157 	0.00114901 	0
0.0428864 	-0.0138079 	0.00104923 	0
0.0433332 	-0.0138 	0.000949444 	0
0.0437799 	-0.0137835 	0.000847915 	-3.12785e-27
0.0442266 	-0.0137669 	0.000746363 	-6.29528e-27
0.0446734 	-0.0137458 	0.000643717 	-9.51767e-27
0.0451201 	-0.0137203 	0.000539975 	-1.2795e-26
0.0455668 	-0.0136947 	0.000436201 	-1.59918e-26
0.0460136 	-0.0136602 	0.000329826 	-1.28243e-26
0.0464603 	-0.0136257 	0.000223451 	-9.65688e-27
0.046907 	-0.0135863 	0.000115462 	-6.43175e-27
0.0473538 	-0.0135425 	6.0138e-06 	-3.15443e-27
0.0478005 	-0.0134983 	-0.000103566 	1.3851e-28
0.0482472 	-0.0134448 	-0.000216514 	3.83212e-27
0.048694 	-0.0133913 	-0.000329463 	7.52573e-27
0.0491407 	-0.0133322 	-0.000444542 	1.13078e-26
0.0495874 	-0.0132686 	-0.000561365 	1.51623e-26
0.0500342 	-0.0132044 	-0.000678446 	1.8545e-26
0.0504809 	-0.0131301 	-0.000799399 	1.48514e-26
0.0509276 	-0.0130558 	-0.000920353 	1.11578e-26
0.0513744 	-0.012975 	-0.00104374 	1.24138e-26
0.0518211 	-0.0128894 	-0.00116891 	1.73282e-26
0.0522678 	-0.0128028 	-0.00129445 	2.26131e-26
0.0527146 	-0.0127052 	-0.00142374 	3.17608e-26
0.0531613 	-0.0126076 	-0.00155302 	4.09084e-26
0.053608 	-0.0125023 	-0.00168455 	3.93062e-26
0.0540548 	-0.0123918 	-0.00181756 	3.05373e-26
0.0545015 	-0.0122798 	-0.00195091 	2.17257e-26
0.0549482 	-0.0121556 	-0.00208693 	1.25781e-26
0.055395 	-0.0120314 	-0.00222295 	3.43038e-27
0.0558417 	-0.0118979 	-0.00236013 	0
0.0562884 	-0.0117589 	-0.00249799 	0
0.0567352 	-0.0116178 	-0.00263589 	0
0.0571819 	-0.0114629 	-0.00277392 	0
0.0576286 	-0.011308 	-0.00291195 	0
0.0580754 	-0.011142 	-0.00304855 	0
0.0585221 	-0.0109701 	-0.00318439 	0
0.0589688 	-0.0107951 	-0.00331936 	-1.58252e-27
0.0594156 	-0.0106047 	-0.00344985 	-1.13211e-26
0.0598623 	-0.0104143 	-0.00358033 	-2.10596e-26
0.060309 	-0.0102104 	-0.00370441 	-3.05996e-26
0.0607558 	-0.00999999 	-0.00382541 	-4.0044e-26
0.0612025 	-0.00978552 	-0.00394363 	-4.58916e-26
0.0616492 	-0.00955342 	-0.00404985 	-3.6153e-26
0.062096 	-0.00932132 	-0.00415606 	-2.64145e-26
0.0625427 	-0.00907272 	-0.00424733 	-1.68818e-26
0.0629894 	-0.00881706 	-0.00433219 	-7.43745e-27
0.0634362 	-0.00855602 	-0.00441083 	0
0.0638829 	-0.00827502 	-0.00446645 	0
0.0643296 	-0.00799401 	-0.00452206 	0
0.0647764 	-0.00769373 	-0.00455 	0
0.0652231 	-0.00738613 	-0.00456744 	0
0.0656698 	-0.00707224 	-0.00457363 	-5.98254e-28
0.0661166 	-0.00673817 	-0.00454367 	-3.11722e-27
0.0665633 	-0.0064041 	-0.00451371 	-5.63618e-27
0.0670101 	-0.00605225 	-0.0044422 	-7.69557e-27
0.0674568 	-0.00569447 	-0.00435684 	-9.60176e-27
0.0679035 	-0.00533228 	-0.00425577 	-1.03463e-26
0.0683503 	-0.00495769 	-0.00411055 	-7.82738e-27
0.068797 	-0.0045831 	-0.00396532 	-5.30842e-27
0.0692437 	-0.00420494 	-0.00377522 	-3.26435e-27
0.0696905 	-0.00382575 	-0.00357209 	-1.35816e-27
0.0701372 	-0.00345028 	-0.00335545 	0
0.0705839 	-0.00308407 	-0.00310531 	0
0.0710307 	-0.00271786 	-0.00285517 	0
0.0714774 	-0.0023788 	-0.00258382 	-2.63497e-28
0.0719241 	-0.00204654 	-0.00230717 	-5.92869e-28
0.0723709 	-0.00173116 	-0.00203084 	-8.97373e-28
0.0728176 	-0.0014529 	-0.0017552 	-1.14717e-27
0.0732643 	-0.00117464 	-0.00147956 	-1.39696e-27
0.0737111 	-0.000952112 	-0.00122826 	-1.16894e-27
0.0741578 	-0.000741402 	-0.000982108 	-8.39571e-28
0.0746045 	-0.000554455 	-0.000753469 	-5.37057e-28
0.0750513 	-0.000414151 	-0.000559199 	-2.87263e-28
0.075498 	-0.000273846 	-0.000364929 	-3.74691e-29
0.0759447 	-0.000186604 	-0.000225216 	0
0.0763915 	-0.000108725 	-9.51321e-05 	0
0.0768382 	-4.80553e-05 	1.03085e-05 	0
0.0772849 	-1.76491e-05 	7.24098e-05 	0
0.0777317 	1.27571e-05 	0.000134511 	0
0.0781784 	1.68032e-05 	0.000138127 	0
0.0786251 	1.70836e-05 	0.000133387 	0
0.0790719 	1.48779e-05 	0.000116515 	0
0.0795186 	8.74259e-06 	8.04638e-05 	0
0.0799653 	2.60726e-06 	4.44131e-05 	0
0.0804121 	1.19898e-06 	2.56068e-05 	0
0.0808588 	3.15924e-07 	8.71664e-06 	0
0.0813055 	-1.82267e-07 	-1.02503e-06 	0
0.0817523 	-1.3232e-07 	-5.85465e-07 	0
0.082199 	-8.23727e-08 	-1.45901e-07 	0
0.0826457 	-8.65556e-08 	-1.29332e-07 	0
0.0830925 	-9.51274e-08 	-1.4706e-07 	0
0.0835392 	-9.80663e-08 	-1.65286e-07 	0
0.0839859 	-9.37628e-08 	-1.84154e-07 	0
0.0844327 	-8.94592e-08 	-2.03022e-07 	0
0.0848794 	-8.29111e-08 	-2.23506e-07 	0
0.0853261 	-7.62448e-08 	-2.44076e-07 	0
0.0857729 	-6.86914e-08 	-2.65654e-07 	0
0.0862196 	-6.01069e-08 	-2.88404e-07 	0
0.0866663 	-5.15225e-08 	-3.11155e-07 	0
0.0871131 	-4.1603e-08 	-3.36404e-07 	0
0.0875598 	-3.16493e-08 	-3.61718e-07 	0
0.0880065 	-2.13452e-08 	-3.01259e-07 	0
0.0884533 	-1.06726e-08 	-1.50629e-07 	0
0.0889 	-3.41066e-22 	-5.64998e-21 	0
