0 	0 	0 	0
0.000446734 	0.000159947 	0.00308195 	3.83956e-26
0.000893467 	0.000319625 	0.00614375 	7.65611e-26
0.0013402 	0.000441184 	0.00848901 	8.51317e-26
0.00178693 	0.000526643 	0.0101596 	6.62184e-26
0.00223367 	0.000608091 	0.0117968 	4.6977e-26
0.0026804 	0.000611567 	0.0125584 	2.77248e-26
0.00312714 	0.000615043 	0.01332 	8.47268e-27
0.00357387 	0.000604014 	0.0138812 	9.12048e-27
0.0040206 	0.000582641 	0.0142776 	2.68271e-26
0.00446734 	0.000560448 	0.0146643 	4.51403e-26
0.00491407 	0.000535905 	0.0148771 	7.49326e-26
0.0053608 	0.000511363 	0.0150899 	1.04725e-25
0.00580754 	0.000486368 	0.0152159 	1.14055e-25
0.00625427 	0.000461875 	0.0152746 	1.0837e-25
0.00670101 	0.000436979 	0.0153228 	1.0057e-25
0.00714774 	0.00041227 	0.015246 	7.07777e-26
0.00759447 	0.000387561 	0.0151693 	4.09854e-26
0.00804121 	0.000362734 	0.0150281 	2.25707e-26
0.00848794 	0.000338316 	0.0148422 	1.05496e-26
0.00893467 	0.000313807 	0.0146478 	0
0.00938141 	0.000290431 	0.0143797 	0
0.00982814 	0.000267054 	0.0141116 	0
0.0102749 	0.000244563 	0.0138075 	0
0.0107216 	0.000222816 	0.0134809 	0
0.0111683 	0.000201277 	0.0131494 	0
0.0116151 	0.00018154 	0.012784 	0
0.0120618 	0.000161804 	0.0124186 	0
0.0125085 	0.000143497 	0.0120386 	0
0.0129553 	0.00012598 	0.0116505 	0
0.013402 	0.000108871 	0.0112608 	0
0.0138487 	9.36512e-05 	0.0108628 	0
0.0142955 	7.84319e-05 	0.0104648 	0
0.0147422 	6.4814e-05 	0.0100672 	0
0.0151889 	5.18608e-05 	0.00966977 	0
0.0156357 	3.9415e-05 	0.00927386 	0
0.0160824 	2.86206e-05 	0.00888517 	0
0.0165291 	1.78263e-05 	0.00849649 	0
0.0169759 	8.55949e-06 	0.00811807 	0
0.0174226 	-2.32402e-07 	0.00774435 	0
0.0178693 	-8.49598e-06 	0.00737452 	0
0.0183161 	-1.54718e-05 	0.00702027 	0
0.0187628 	-2.24476e-05 	0.00666602 	0
0.0192095 	-2.81023e-05 	0.00632781 	0
0.0196563 	-3.34669e-05 	0.00599606 	0
0.020103 	-3.83416e-05 	0.00566978 	0
0.0205497 	-4.23095e-05 	0.00536225 	0
0.0209965 	-4.62774e-05 	0.00505471 	0
0.0214432 	-4.92018e-05 	0.00476554 	0
0.0218899 	-5.19898e-05 	0.00448287 	0
0.0223367 	-5.43687e-05 	0.00420637 	0
0.0227834 	-5.61878e-05 	0.00394828 	0
0.0232302 	-5.80069e-05 	0.00369019 	0
0.0236769 	-5.90834e-05 	0.00345009 	0
0.0241236 	-6.01343e-05 	0.00321555 	0
0.0245704 	-6.08817e-05 	0.00298707 	0
0.0250171 	-6.13518e-05 	0.00277441 	0
0.0254638 	-6.1822e-05 	0.00256176 	0
0.0259106 	-6.18421e-05 	0.00236467 	0
0.0263573 	-6.19036e-05 	0.00217173 	0
0.026804 	-6.1779e-05 	0.00198397 	0
0.0272508 	-6.15886e-05 	0.00180818 	0
0.0276975 	-6.13981e-05 	0.00163238 	0
0.0281442 	-6.10282e-05 	0.00146819 	0
0.028591 	-6.0729e-05 	0.00130663 	0
0.0290377 	-6.03677e-05 	0.00114873 	0
0.0294844 	-6.00939e-05 	0.000998285 	0
0.0299312 	-5.98202e-05 	0.000847842 	0
0.0303779 	-5.96231e-05 	0.000703977 	0
0.0308246 	-5.94989e-05 	0.000561346 	0
0.0312714 	-5.94359e-05 	0.00042029 	0
0.0317181 	-5.95603e-05 	0.000282064 	0
0.0321648 	-5.96846e-05 	0.000143838 	0
0.0326116 	-6.01073e-05 	6.45609e-06 	0
0.0330583 	-6.05816e-05 	-0.000130827 	0
0.033505 	-6.12515e-05 	-0.000269028 	0
0.0339518 	-6.21955e-05 	-0.000408832 	0
0.0343985 	-6.31395e-05 	-0.000548636 	0
0.0348452 	-6.46375e-05 	-0.000693683 	0
0.035292 	-6.61581e-05 	-0.000839422 	0
0.0357387 	-6.80213e-05 	-0.00098884 	0
0.0361854 	-7.02381e-05 	-0.00114383 	0
0.0366322 	-7.2455e-05 	-0.00129882 	0
0.0370789 	-7.55289e-05 	-0.00146512 	0
0.0375256 	-7.85914e-05 	-0.00163253 	0
0.0379724 	-8.21879e-05 	-0.00180646 	-1.60047e-26
0.0384191 	-8.62583e-05 	-0.00198924 	-5.5759e-26
0.0388658 	-9.03288e-05 	-0.00217201 	-9.55133e-26
0.0393126 	-9.56345e-05 	-0.00237169 	-1.33302e-25
0.0397593 	-0.00010089 	-0.0025725 	-1.72855e-25
0.040206 	-0.000106907 	-0.00278247 	-1.69399e-25
0.0406528 	-0.000113541 	-0.00300361 	-1.12511e-25
0.0410995 	-0.000120176 	-0.00322475 	-5.5624e-26
0.0415462 	-0.000128496 	-0.00346724 	1.32674e-27
0.041993 	-0.000136721 	-0.00371054 	5.77263e-26
0.0424397 	-0.000145976 	-0.00396501 	7.82666e-26
0.0428864 	-0.000156017 	-0.00423174 	6.11336e-26
0.0433332 	-0.000166111 	-0.00449864 	4.35802e-26
0.0437799 	-0.000178304 	-0.00478895 	2.4892e-26
0.0442266 	-0.000190399 	-0.00507969 	8.04564e-27
0.0446734 	-0.000203826 	-0.00538236 	-7.63682e-27
0.0451201 	-0.000218219 	-0.00569686 	-2.36272e-26
0.0455668 	-0.000232802 	-0.00601185 	-4.10992e-26
0.0460136 	-0.000249765 	-0.00634874 	-5.75176e-26
0.0464603 	-0.000266701 	-0.00668577 	-7.32653e-26
0.046907 	-0.000285277 	-0.00703349 	-7.23124e-26
0.0473538 	-0.000304993 	-0.0073907 	-5.63221e-26
0.0478005 	-0.000324994 	-0.00774864 	-3.82289e-26
0.0482472 	-0.000347704 	-0.00812235 	-2.24812e-26
0.048694 	-0.000370413 	-0.00849606 	-6.73355e-27
0.0491407 	-0.000395024 	-0.00887612 	0
0.0495874 	-0.000420901 	-0.00926113 	0
0.0500342 	-0.000447122 	-0.00964657 	1.24112e-27
0.0504809 	-0.000476285 	-0.0100359 	3.21995e-26
0.0509276 	-0.000505448 	-0.0104253 	6.31579e-26
0.0513744 	-0.000536628 	-0.0108122 	9.85331e-26
0.0518211 	-0.000569108 	-0.011197 	1.29951e-25
0.0522678 	-0.000601945 	-0.0115806 	1.55984e-25
0.0527146 	-0.000637656 	-0.0119496 	1.25026e-25
0.0531613 	-0.000673367 	-0.0123185 	9.40672e-26
0.053608 	-0.000710905 	-0.01267 	5.8598e-26
0.0540548 	-0.000749607 	-0.0130093 	2.71797e-26
0.0545015 	-0.000788577 	-0.0133436 	0
0.0549482 	-0.000829818 	-0.0136366 	0
0.055395 	-0.00087106 	-0.0139295 	0
0.0558417 	-0.000913334 	-0.014181 	0
0.0562884 	-0.000956344 	-0.0144074 	0
0.0567352 	-0.000999302 	-0.0146215 	0
0.0571819 	-0.00104289 	-0.014757 	0
0.0576286 	-0.00108647 	-0.0148925 	0
0.0580754 	-0.00112913 	-0.0149512 	0
0.0585221 	-0.00117158 	-0.014968 	0
0.0589688 	-0.00121323 	-0.0149616 	0
0.0594156 	-0.00125223 	-0.0148339 	0
0.0598623 	-0.00129122 	-0.0147062 	0
0.060309 	-0.00132965 	-0.0144731 	0
0.0607558 	-0.00136836 	-0.0141894 	0
0.0612025 	-0.00140672 	-0.013873 	0
0.0616492 	-0.00144345 	-0.0134133 	0
0.062096 	-0.00148019 	-0.0129535 	0
0.0625427 	-0.00147211 	-0.0122588 	0
0.0629894 	-0.0014426 	-0.0114603 	0
0.0634362 	-0.00136496 	-0.0105258 	0
0.0638829 	-0.0011006 	-0.00908917 	0
0.0643296 	-0.000836244 	-0.00765258 	0
0.0647764 	-0.000563583 	-0.00585759 	0
0.0652231 	-0.000302397 	-0.00394129 	0
0.0656698 	-9.50739e-05 	-0.00222639 	0
0.0661166 	-5.23937e-05 	-0.00122693 	0
0.0665633 	-9.71358e-06 	-0.000227468 	0
0.0670101 	4.32836e-14 	-1.04093e-13 	0
0.0674568 	1.80467e-14 	-4.34004e-14 	0
0.0679035 	-5.91449e-22 	-1.91615e-20 	0
0.0683503 	-2.03456e-21 	-2.25992e-20 	0
0.068797 	-3.47767e-21 	-2.60368e-20 	0
0.0692437 	-5.02613e-21 	-2.80806e-20 	0
0.0696905 	-6.52543e-21 	-2.97493e-20 	0
0.0701372 	-7.82738e-21 	-3.11104e-20 	0
0.0705839 	-8.5595e-21 	-3.18108e-20 	0
0.0710307 	-9.29161e-21 	-3.25112e-20 	0
0.0714774 	-9.54323e-21 	-3.28987e-20 	0
0.0719241 	-9.66644e-21 	-3.32306e-20 	0
0.0723709 	-9.68496e-21 	-3.35261e-20 	0
0.0728176 	-9.47238e-21 	-3.37694e-20 	0
0.0732643 	-9.2598e-21 	-3.40127e-20 	0
0.0737111 	-8.92909e-21 	-3.42734e-20 	0
0.0741578 	-8.57533e-21 	-3.45417e-20 	0
0.0746045 	-8.20741e-21 	-3.48316e-20 	-1.27611e-42
0.0750513 	-7.81771e-21 	-3.51657e-20 	-5.3261e-42
0.075498 	-7.42801e-21 	-3.54999e-20 	-9.37609e-42
0.0759447 	-7.04667e-21 	-3.58998e-20 	-1.34792e-41
0.0763915 	-6.6691e-21 	-3.63109e-20 	-1.69353e-41
0.0768382 	-6.30067e-21 	-3.67504e-20 	-1.75773e-41
0.0772849 	-5.95325e-21 	-3.7238e-20 	-1.35273e-41
0.0777317 	-5.60583e-21 	-3.77255e-20 	-9.47734e-42
0.0781784 	-5.28655e-21 	-3.82771e-20 	-5.49557e-42
0.0786251 	-4.97314e-21 	-3.88369e-20 	-2.03943e-42
0.0790719 	-4.6706e-21 	-3.94235e-20 	0
0.0795186 	-4.38905e-21 	-4.00504e-20 	0
0.0799653 	-4.10751e-21 	-4.06774e-20 	0
0.0804121 	-3.84936e-21 	-4.13612e-20 	0
0.0808588 	-3.59532e-21 	-4.20507e-20 	0
0.0813055 	-3.34935e-21 	-4.27648e-20 	-1.23354e-42
0.0817523 	-3.11795e-21 	-4.35128e-20 	-4.39572e-42
0.082199 	-2.88655e-21 	-4.42608e-20 	-7.5579e-42
0.0826457 	-2.67053e-21 	-4.50604e-20 	-1.04054e-41
0.0830925 	-2.45705e-21 	-4.58638e-20 	-1.30842e-41
0.0835392 	-2.24837e-21 	-4.66906e-20 	-1.22234e-41
0.0839859 	-2.04848e-21 	-4.75469e-20 	-6.76469e-42
0.0844327 	-1.84859e-21 	-4.84032e-20 	-1.306e-42
0.0848794 	-1.65674e-21 	-4.93083e-20 	3.60575e-42
0.0853261 	-1.46649e-21 	-5.02158e-20 	8.29669e-42
0.0857729 	-1.27795e-21 	-5.11465e-20 	9.67762e-42
0.0862196 	-1.09373e-21 	-5.21038e-20 	7.38112e-42
0.0866663 	-9.09522e-22 	-5.30612e-20 	5.08461e-42
0.0871131 	-7.26844e-22 	-5.40665e-20 	2.99822e-42
0.0875598 	-5.45304e-22 	-5.50731e-20 	9.86113e-43
0.0880065 	-3.62868e-22 	-4.52182e-20 	0
0.0884533 	-1.81709e-22 	-2.2869e-20 	0
0.0889 	0 	0 	0
