0 	506.15 	7.19727e-05
0.000446734 	506.144 	7.1969e-05
0.000893467 	506.138 	7.19653e-05
0.0013402 	506.131 	7.19608e-05
0.00178693 	506.125 	7.19557e-05
0.00223367 	506.119 	7.19506e-05
0.0026804 	506.113 	7.19511e-05
0.00312714 	506.107 	7.19516e-05
0.00357387 	506.101 	7.19555e-05
0.0040206 	506.095 	7.19623e-05
0.00446734 	506.089 	7.19694e-05
0.00491407 	506.083 	7.19833e-05
0.0053608 	506.077 	7.19971e-05
0.00580754 	506.071 	7.20169e-05
0.00625427 	506.065 	7.20412e-05
0.00670101 	506.06 	7.20668e-05
0.00714774 	506.054 	7.21069e-05
0.00759447 	506.049 	7.21471e-05
0.00804121 	506.044 	7.21994e-05
0.00848794 	506.038 	7.22604e-05
0.00893467 	506.033 	7.23235e-05
0.00938141 	506.028 	7.24063e-05
0.00982814 	506.023 	7.2489e-05
0.0102749 	506.018 	7.25806e-05
0.0107216 	506.013 	7.26777e-05
0.0111683 	506.009 	7.27741e-05
0.0116151 	506.004 	7.28657e-05
0.0120618 	506 	7.29573e-05
0.0125085 	505.995 	7.30243e-05
0.0129553 	505.991 	7.30774e-05
0.013402 	505.986 	7.31184e-05
0.0138487 	505.982 	7.30908e-05
0.0142955 	505.978 	7.30632e-05
0.0147422 	505.974 	7.29534e-05
0.0151889 	505.97 	7.28016e-05
0.0156357 	505.966 	7.26219e-05
0.0160824 	505.963 	7.23104e-05
0.0165291 	505.959 	7.19988e-05
0.0169759 	505.955 	7.15634e-05
0.0174226 	505.952 	7.10717e-05
0.0178693 	505.948 	7.05439e-05
0.0183161 	505.945 	6.98711e-05
0.0187628 	505.942 	6.91983e-05
0.0192095 	505.939 	6.84096e-05
0.0196563 	505.936 	6.75741e-05
0.020103 	505.933 	6.67097e-05
0.0205497 	505.93 	6.5746e-05
0.0209965 	505.927 	6.47823e-05
0.0214432 	505.924 	6.37583e-05
0.0218899 	505.922 	6.27127e-05
0.0223367 	505.919 	6.16599e-05
0.0227834 	505.917 	6.05854e-05
0.0232302 	505.914 	5.95108e-05
0.0236769 	505.912 	5.8456e-05
0.0241236 	505.91 	5.74072e-05
0.0245704 	505.908 	5.63799e-05
0.0250171 	505.906 	5.54095e-05
0.0254638 	505.904 	5.44391e-05
0.0259106 	505.902 	5.35678e-05
0.0263573 	505.9 	5.27232e-05
0.026804 	505.898 	5.19284e-05
0.0272508 	505.896 	5.12498e-05
0.0276975 	505.895 	5.05712e-05
0.0281442 	505.893 	5.00532e-05
0.028591 	505.891 	4.95722e-05
0.0290377 	505.89 	4.91624e-05
0.0294844 	505.888 	4.89004e-05
0.0299312 	505.886 	4.86384e-05
0.0303779 	505.885 	4.8569e-05
0.0308246 	505.883 	4.85369e-05
0.0312714 	505.881 	4.85858e-05
0.0317181 	505.879 	4.87852e-05
0.0321648 	505.877 	4.89845e-05
0.0326116 	505.875 	4.93767e-05
0.0330583 	505.873 	4.97996e-05
0.033505 	505.871 	5.03e-05
0.0339518 	505.869 	5.09296e-05
0.0343985 	505.867 	5.15593e-05
0.0348452 	505.864 	5.235e-05
0.035292 	505.861 	5.31611e-05
0.0357387 	505.858 	5.40318e-05
0.0361854 	505.855 	5.49918e-05
0.0366322 	505.852 	5.59518e-05
0.0370789 	505.848 	5.70125e-05
0.0375256 	505.844 	5.80829e-05
0.0379724 	505.839 	5.91822e-05
0.0384191 	505.834 	6.03205e-05
0.0388658 	505.829 	6.14588e-05
0.0393126 	505.823 	6.2619e-05
0.0397593 	505.817 	6.37807e-05
0.040206 	505.811 	6.49331e-05
0.0406528 	505.803 	6.6074e-05
0.0410995 	505.796 	6.72149e-05
0.0415462 	505.787 	6.82963e-05
0.041993 	505.779 	6.93755e-05
0.0424397 	505.769 	7.04089e-05
0.0428864 	505.759 	7.13918e-05
0.0433332 	505.748 	7.23748e-05
0.0437799 	505.736 	7.32387e-05
0.0442266 	505.724 	7.41012e-05
0.0446734 	505.711 	7.48976e-05
0.0451201 	505.697 	7.5628e-05
0.0455668 	505.684 	7.63569e-05
0.0460136 	505.668 	7.69572e-05
0.0464603 	505.652 	7.75576e-05
0.046907 	505.636 	7.80966e-05
0.0473538 	505.618 	7.858e-05
0.0478005 	505.601 	7.90598e-05
0.0482472 	505.582 	7.94455e-05
0.048694 	505.563 	7.98313e-05
0.0491407 	505.543 	8.0174e-05
0.0495874 	505.522 	8.04814e-05
0.0500342 	505.501 	8.07848e-05
0.0504809 	505.48 	8.10279e-05
0.0509276 	505.458 	8.12709e-05
0.0513744 	505.435 	8.14806e-05
0.0518211 	505.412 	8.16657e-05
0.0522678 	505.389 	8.18459e-05
0.0527146 	505.365 	8.19746e-05
0.0531613 	505.341 	8.21034e-05
0.053608 	505.317 	8.22008e-05
0.0540548 	505.293 	8.22774e-05
0.0545015 	505.268 	8.23493e-05
0.0549482 	505.243 	8.23852e-05
0.055395 	505.218 	8.24211e-05
0.0558417 	505.193 	8.24428e-05
0.0562884 	505.168 	8.24559e-05
0.0567352 	505.143 	8.247e-05
0.0571819 	505.117 	8.24903e-05
0.0576286 	505.092 	8.25106e-05
0.0580754 	505.061 	8.24059e-05
0.0585221 	505.027 	8.22338e-05
0.0589688 	504.991 	8.18117e-05
0.0594156 	504.948 	8.01014e-05
0.0598623 	504.905 	7.83911e-05
0.060309 	504.862 	7.58368e-05
0.0607558 	504.819 	7.28761e-05
0.0612025 	504.776 	6.99409e-05
0.0616492 	504.733 	6.71162e-05
0.062096 	504.69 	6.42915e-05
0.0625427 	504.648 	6.15363e-05
0.0629894 	504.605 	5.88109e-05
0.0634362 	504.562 	5.61039e-05
0.0638829 	504.519 	5.34654e-05
0.0643296 	504.476 	5.08269e-05
0.0647764 	504.434 	4.82491e-05
0.0652231 	504.391 	4.56944e-05
0.0656698 	504.348 	4.31597e-05
0.0661166 	504.305 	4.06892e-05
0.0665633 	504.263 	3.82187e-05
0.0670101 	504.22 	3.58125e-05
0.0674568 	504.178 	3.34278e-05
0.0679035 	504.135 	3.10662e-05
0.0683503 	504.092 	2.87696e-05
0.068797 	504.05 	2.64729e-05
0.0692437 	504.007 	2.42464e-05
0.0696905 	503.965 	2.20402e-05
0.0701372 	503.922 	1.98608e-05
0.0705839 	503.88 	1.77477e-05
0.0710307 	503.837 	1.56346e-05
0.0714774 	503.795 	1.35981e-05
0.0719241 	503.752 	1.15808e-05
0.0723709 	503.71 	9.59435e-06
0.0728176 	503.667 	7.67577e-06
0.0732643 	503.625 	5.7572e-06
0.0737111 	503.583 	3.92267e-06
0.0741578 	503.54 	2.10596e-06
0.0746045 	503.498 	3.24783e-07
0.0750513 	503.456 	-1.38666e-06
0.075498 	503.413 	-3.0981e-06
0.0759447 	503.371 	-4.71692e-06
0.0763915 	503.329 	-6.3194e-06
0.0768382 	503.286 	-7.88092e-06
0.0772849 	503.244 	-9.37043e-06
0.0777317 	503.202 	-1.08599e-05
0.0781784 	503.16 	-1.22467e-05
0.0786251 	503.118 	-1.36189e-05
0.0790719 	503.075 	-1.49438e-05
0.0795186 	503.033 	-1.61938e-05
0.0799653 	502.991 	-1.74439e-05
0.0804121 	502.949 	-1.85795e-05
0.0808588 	502.907 	-1.97024e-05
0.0813055 	502.865 	-2.07706e-05
0.0817523 	502.823 	-2.1761e-05
0.082199 	502.781 	-2.27513e-05
0.0826457 	502.739 	-2.36137e-05
0.0830925 	502.696 	-2.44658e-05
0.0835392 	502.654 	-2.52548e-05
0.0839859 	502.612 	-2.59629e-05
0.0844327 	502.57 	-2.66709e-05
0.0848794 	502.528 	-2.72366e-05
0.0853261 	502.486 	-2.77949e-05
0.0857729 	502.444 	-2.82815e-05
0.0862196 	502.402 	-2.86848e-05
0.0866663 	502.36 	-2.90881e-05
0.0871131 	502.318 	-2.9336e-05
0.0875598 	502.276 	-2.95799e-05
0.0880065 	502.234 	-2.97447e-05
0.0884533 	502.192 	-2.98264e-05
0.0889 	502.15 	-2.9908e-05
