0 	0 	0 	0
0.000446734 	-1.50848e-05 	-5.81469e-05 	6.79329e-26
0.000893467 	-3.01696e-05 	-0.000116294 	1.35866e-25
0.0013402 	-5.1097e-05 	-0.000176668 	2.38349e-25
0.00178693 	-7.75822e-05 	-0.000239162 	3.73699e-25
0.00223367 	-0.000104088 	-0.00030132 	5.03975e-25
0.0026804 	-0.0001314 	-0.000350387 	4.36403e-25
0.00312714 	-0.000158712 	-0.000399453 	3.68831e-25
0.00357387 	-0.000180184 	-0.000433718 	2.28878e-25
0.0040206 	-0.00019663 	-0.000455246 	2.66442e-26
0.00446734 	-0.000211885 	-0.000474827 	-1.67168e-25
0.00491407 	-0.000204506 	-0.000457389 	-2.0096e-25
0.0053608 	-0.000197126 	-0.000439952 	-2.34752e-25
0.00580754 	-0.00016849 	-0.00039545 	-1.56023e-25
0.00625427 	-0.00012332 	-0.000329897 	1.02229e-26
0.00670101 	-7.41899e-05 	-0.00026025 	1.7624e-25
0.00714774 	2.37908e-05 	-0.000140102 	3.3944e-25
0.00759447 	0.000121772 	-1.99544e-05 	5.02641e-25
0.00804121 	0.000259564 	0.000133876 	5.11586e-25
0.00848794 	0.00042531 	0.000311355 	4.12225e-25
0.00893467 	0.000598997 	0.000494218 	3.19308e-25
0.00938141 	0.00084415 	0.000725538 	2.84378e-25
0.00982814 	0.0010893 	0.000956858 	2.49448e-25
0.0102749 	0.00138525 	0.00121349 	3.53499e-25
0.0107216 	0.00171334 	0.00148612 	5.45477e-25
0.0111683 	0.00205082 	0.00176123 	6.97828e-25
0.0116151 	0.00245403 	0.00205359 	5.72795e-25
0.0120618 	0.00285724 	0.00234595 	4.47762e-25
0.0125085 	0.00329658 	0.00263373 	1.85628e-25
0.0129553 	0.00375646 	0.00291892 	-1.54465e-25
0.013402 	0.00422113 	0.00319908 	-4.63958e-25
0.0138487 	0.00471287 	0.00345071 	-6.00045e-25
0.0142955 	0.00520461 	0.00370234 	-7.36132e-25
0.0147422 	0.00570039 	0.00391796 	-6.78678e-25
0.0151889 	0.00619824 	0.00411523 	-5.22626e-25
0.0156357 	0.00669325 	0.0043008 	-3.25932e-25
0.0160824 	0.0071749 	0.00443118 	6.23627e-26
0.0165291 	0.00765655 	0.00456156 	4.50658e-25
0.0169759 	0.00811571 	0.00464313 	5.66544e-25
0.0174226 	0.00856465 	0.0047025 	5.58609e-25
0.0178693 	0.009005 	0.00474821 	5.07857e-25
0.0183161 	0.00941099 	0.00473928 	2.85843e-25
0.0187628 	0.00981698 	0.00473036 	6.38291e-26
0.0192095 	0.0101889 	0.00467794 	0
0.0196563 	0.0105471 	0.00460799 	0
0.020103 	0.0108944 	0.00452646 	-6.75861e-26
0.0205497 	0.011204 	0.00440509 	-3.67969e-25
0.0209965 	0.0115136 	0.00428372 	-6.68351e-25
0.0214432 	0.0117885 	0.00413198 	-1.08784e-24
0.0218899 	0.0120511 	0.00396944 	-1.54973e-24
0.0223367 	0.0123027 	0.00379902 	-1.87554e-24
0.0227834 	0.0125213 	0.00360501 	-1.79313e-24
0.0232302 	0.0127398 	0.003411 	-1.71072e-24
0.0236769 	0.0129273 	0.00319954 	-1.12674e-24
0.0241236 	0.0131051 	0.00298265 	-3.86538e-25
0.0245704 	0.0132725 	0.00276147 	3.06806e-25
0.0250171 	0.0134126 	0.00252896 	8.76601e-25
0.0254638 	0.0135527 	0.00229645 	1.4464e-24
0.0259106 	0.0136652 	0.00205634 	1.49251e-24
0.0263573 	0.0137702 	0.00181418 	1.39731e-24
0.026804 	0.0138653 	0.00157059 	1.28035e-24
0.0272508 	0.0139372 	0.00132366 	1.11261e-24
0.0276975 	0.0140091 	0.00107673 	9.44872e-25
0.0281442 	0.0140551 	0.000829202 	9.89238e-25
0.028591 	0.0140952 	0.000581534 	1.08255e-24
0.0290377 	0.0141252 	0.000334747 	1.06362e-24
0.0294844 	0.0141341 	8.9788e-05 	8.11555e-25
0.0299312 	0.014143 	-0.00015517 	5.59493e-25
0.0303779 	0.0141257 	-0.00039523 	-5.99282e-26
0.0308246 	0.0141034 	-0.00063434 	-7.50628e-25
0.0312714 	0.01407 	-0.00087033 	-1.17579e-24
0.0317181 	0.0140159 	-0.00110053 	-1.10781e-24
0.0321648 	0.0139619 	-0.00133072 	-1.03983e-24
0.0326116 	0.01388 	-0.00155053 	-3.42422e-25
0.0330583 	0.0137936 	-0.00176869 	4.55324e-25
0.033505 	0.0136947 	-0.00198108 	1.00804e-24
0.0339518 	0.0135749 	-0.00218387 	1.15239e-24
0.0343985 	0.0134551 	-0.00238667 	1.29674e-24
0.0348452 	0.0133048 	-0.00257265 	8.5125e-25
0.035292 	0.0131507 	-0.00275651 	3.30993e-25
0.0357387 	0.0129825 	-0.00293122 	3.21236e-26
0.0361854 	0.012793 	-0.00309222 	6.53343e-26
0.0366322 	0.0126036 	-0.00325321 	9.85449e-26
0.0370789 	0.0123813 	-0.00338945 	5.35126e-25
0.0375256 	0.0121558 	-0.00352331 	1.01039e-24
0.0379724 	0.0119146 	-0.00364364 	1.18287e-24
0.0384191 	0.0116524 	-0.00374567 	9.45714e-25
0.0388658 	0.0113901 	-0.0038477 	7.08557e-25
0.0393126 	0.011093 	-0.00391519 	5.60341e-26
0.0397593 	0.0107936 	-0.00398038 	-6.24179e-25
0.040206 	0.0104775 	-0.00402673 	-1.0287e-24
0.0406528 	0.010141 	-0.00405007 	-1.09625e-24
0.0410995 	0.00980455 	-0.0040734 	-1.16381e-24
0.0415462 	0.00943397 	-0.00405233 	-8.70082e-25
0.041993 	0.00906207 	-0.00402953 	-5.62278e-25
0.0424397 	0.0086753 	-0.0039837 	-3.53817e-25
0.0428864 	0.00827212 	-0.00391241 	-2.55157e-25
0.0433332 	0.00786893 	-0.00384111 	-1.56497e-25
0.0437799 	0.00744275 	-0.00372291 	-1.21765e-25
0.0442266 	0.00701628 	-0.00360411 	-8.78434e-26
0.0446734 	0.00658442 	-0.00346429 	-5.66346e-26
0.0451201 	0.00614718 	-0.00330345 	-2.81392e-26
0.0455668 	0.00571 	-0.00314221 	6.13172e-28
0.0460136 	0.00527838 	-0.00294946 	4.96669e-26
0.0464603 	0.00484675 	-0.00275672 	9.87207e-26
0.046907 	0.00442758 	-0.00255444 	1.76846e-25
0.0473538 	0.00401966 	-0.00234352 	2.81275e-25
0.0478005 	0.00361326 	-0.00213248 	3.80742e-25
0.0482472 	0.00324564 	-0.00191865 	3.52864e-25
0.048694 	0.00287802 	-0.00170482 	3.24985e-25
0.0491407 	0.00253924 	-0.00149778 	2.50927e-25
0.0495874 	0.00222405 	-0.00129632 	1.39086e-25
0.0500342 	0.00191256 	-0.00109663 	3.382e-26
0.0504809 	0.00165638 	-0.00092351 	2.71835e-26
0.0509276 	0.0014002 	-0.000750392 	2.05469e-26
0.0513744 	0.00117896 	-0.000604534 	2.19886e-26
0.0518211 	0.000983554 	-0.000478826 	2.9401e-26
0.0522678 	0.000793274 	-0.000359064 	3.48928e-26
0.0527146 	0.000656456 	-0.000301319 	2.03541e-26
0.0531613 	0.000519638 	-0.000243573 	5.81547e-27
0.053608 	0.000413358 	-0.000231356 	0
0.0540548 	0.000327438 	-0.00024949 	0
0.0545015 	0.000245518 	-0.000272925 	0
0.0549482 	0.000195161 	-0.000338183 	0
0.055395 	0.000144804 	-0.000403442 	0
0.0558417 	0.000105129 	-0.000449888 	6.21449e-27
0.0562884 	7.18642e-05 	-0.000485047 	1.61577e-26
0.0567352 	4.09924e-05 	-0.00050099 	2.47683e-26
0.0571819 	2.51339e-05 	-0.000396388 	2.50202e-26
0.0576286 	9.27548e-06 	-0.000291787 	2.52721e-26
0.0580754 	2.85093e-06 	-0.000188672 	1.88935e-26
0.0585221 	1.5062e-06 	-8.63578e-05 	8.94473e-27
0.0589688 	3.80772e-07 	-6.2579e-07 	5.76664e-28
0.0594156 	3.85647e-07 	-3.55428e-07 	3.55605e-28
0.0598623 	3.90522e-07 	-8.50657e-08 	1.34546e-28
0.060309 	4.17485e-07 	-2.78785e-09 	7.53144e-29
0.0607558 	4.55084e-07 	-1.10692e-08 	9.4e-29
0.0612025 	4.84145e-07 	-1.90296e-08 	9.61558e-29
0.0616492 	4.76209e-07 	-2.55989e-08 	2.66822e-29
0.062096 	4.68272e-07 	-3.21683e-08 	-4.27914e-29
0.0625427 	4.61494e-07 	-3.77567e-08 	-1.09026e-28
0.0629894 	4.55211e-07 	-4.29248e-08 	-1.73872e-28
0.0634362 	4.4904e-07 	-4.78754e-08 	-2.29705e-28
0.0638829 	4.43278e-07 	-5.202e-08 	-2.52135e-28
0.0643296 	4.37516e-07 	-5.61645e-08 	-2.74566e-28
0.0647764 	4.31822e-07 	-5.9776e-08 	-3.39048e-28
0.0652231 	4.26153e-07 	-6.31853e-08 	-4.19481e-28
0.0656698 	4.20469e-07 	-6.6469e-08 	-4.94561e-28
0.0661166 	4.14732e-07 	-6.93494e-08 	-5.52454e-28
0.0665633 	4.08995e-07 	-7.22298e-08 	-6.10347e-28
0.0670101 	4.0316e-07 	-7.4826e-08 	-4.54328e-28
0.0674568 	3.97292e-07 	-7.73275e-08 	-2.27004e-28
0.0679035 	3.91384e-07 	-7.97593e-08 	1.65627e-30
0.0683503 	3.85359e-07 	-8.19952e-08 	2.34074e-28
0.068797 	3.79335e-07 	-8.4231e-08 	4.66491e-28
0.0692437 	3.73179e-07 	-8.63303e-08 	5.33574e-28
0.0696905 	3.66985e-07 	-8.839e-08 	5.52656e-28
0.0701372 	3.6074e-07 	-9.04199e-08 	6.0476e-28
0.0705839 	3.54366e-07 	-9.23762e-08 	7.387e-28
0.0710307 	3.47992e-07 	-9.43325e-08 	8.7264e-28
0.0714774 	3.41466e-07 	-9.62552e-08 	8.02922e-28
0.0719241 	3.34901e-07 	-9.81696e-08 	6.8229e-28
0.0723709 	3.28272e-07 	-1.00088e-07 	4.49709e-28
0.0728176 	3.21503e-07 	-1.02013e-07 	-2.91575e-29
0.0732643 	3.14734e-07 	-1.03939e-07 	-5.08024e-28
0.0737111 	3.07783e-07 	-1.05914e-07 	-8.57908e-28
0.0741578 	3.00793e-07 	-1.07899e-07 	-1.18043e-27
0.0746045 	2.93722e-07 	-1.0992e-07 	-1.49724e-27
0.0750513 	2.86493e-07 	-1.12009e-07 	-1.80285e-27
0.075498 	2.79264e-07 	-1.14098e-07 	-2.10845e-27
0.0759447 	2.71813e-07 	-1.16311e-07 	-2.04114e-27
0.0763915 	2.64324e-07 	-1.18547e-07 	-1.90803e-27
0.0768382 	2.56731e-07 	-1.20852e-07 	-1.52123e-27
0.0772849 	2.48959e-07 	-1.23277e-07 	-6.88269e-28
0.0777317 	2.41186e-07 	-1.25703e-07 	1.44689e-28
0.0781784 	2.33145e-07 	-1.28335e-07 	7.88937e-28
0.0786251 	2.25065e-07 	-1.30995e-07 	1.40623e-27
0.0790719 	2.16857e-07 	-1.33767e-07 	1.84091e-27
0.0795186 	2.08446e-07 	-1.36713e-07 	1.98697e-27
0.0799653 	2.00035e-07 	-1.39658e-07 	2.13303e-27
0.0804121 	1.91305e-07 	-1.4291e-07 	1.96795e-27
0.0808588 	1.8254e-07 	-1.46196e-07 	1.7683e-27
0.0813055 	1.7362e-07 	-1.49648e-07 	1.37003e-27
0.0817523 	1.6448e-07 	-1.53338e-07 	6.88868e-28
0.082199 	1.55341e-07 	-1.57028e-07 	7.70656e-30
0.0826457 	1.45843e-07 	-1.61159e-07 	-5.95487e-28
0.0830925 	1.36317e-07 	-1.65326e-07 	-1.19236e-27
0.0835392 	1.2662e-07 	-1.69739e-07 	-1.54727e-27
0.0839859 	1.16706e-07 	-1.74469e-07 	-1.59109e-27
0.0844327 	1.06792e-07 	-1.79198e-07 	-1.63491e-27
0.0848794 	9.65268e-08 	-1.84552e-07 	-1.04481e-27
0.0853261 	8.62431e-08 	-1.8994e-07 	-4.21349e-28
0.0857729 	7.58093e-08 	-1.95678e-07 	-7.17455e-29
0.0862196 	6.52011e-08 	-2.01825e-07 	-4.04095e-29
0.0866663 	5.45929e-08 	-2.07971e-07 	-9.07356e-30
0.0871131 	4.37452e-08 	-2.14949e-07 	-7.65185e-28
0.0875598 	3.28913e-08 	-2.21947e-07 	-1.54149e-27
0.0880065 	2.19728e-08 	-1.81334e-07 	-1.55927e-27
0.0884533 	1.09864e-08 	-9.06668e-08 	-7.79635e-28
0.0889 	3.27658e-22 	-6.20638e-21 	-6.29719e-41
