0 	506.15 	7.63251e-05
0.000446734 	506.144 	7.63233e-05
0.000893467 	506.137 	7.63215e-05
0.0013402 	506.131 	7.63205e-05
0.00178693 	506.125 	7.63203e-05
0.00223367 	506.118 	7.63202e-05
0.0026804 	506.112 	7.63283e-05
0.00312714 	506.106 	7.63363e-05
0.00357387 	506.1 	7.63501e-05
0.0040206 	506.094 	7.63687e-05
0.00446734 	506.087 	7.63879e-05
0.00491407 	506.081 	7.64195e-05
0.0053608 	506.076 	7.6451e-05
0.00580754 	506.07 	7.64915e-05
0.00625427 	506.064 	7.65392e-05
0.00670101 	506.058 	7.6588e-05
0.00714774 	506.053 	7.66524e-05
0.00759447 	506.047 	7.67167e-05
0.00804121 	506.041 	7.67868e-05
0.00848794 	506.036 	7.68608e-05
0.00893467 	506.031 	7.69337e-05
0.00938141 	506.026 	7.69971e-05
0.00982814 	506.02 	7.70604e-05
0.0102749 	506.015 	7.70948e-05
0.0107216 	506.01 	7.71108e-05
0.0111683 	506.005 	7.71146e-05
0.0116151 	506.001 	7.70328e-05
0.0120618 	505.996 	7.6951e-05
0.0125085 	505.991 	7.67708e-05
0.0129553 	505.987 	7.65346e-05
0.013402 	505.982 	7.62675e-05
0.0138487 	505.978 	7.58252e-05
0.0142955 	505.973 	7.53829e-05
0.0147422 	505.969 	7.47797e-05
0.0151889 	505.965 	7.40946e-05
0.0156357 	505.961 	7.33641e-05
0.0160824 	505.957 	7.24201e-05
0.0165291 	505.953 	7.14761e-05
0.0169759 	505.949 	7.03584e-05
0.0174226 	505.945 	6.91617e-05
0.0178693 	505.942 	6.79197e-05
0.0183161 	505.938 	6.6496e-05
0.0187628 	505.935 	6.50724e-05
0.0192095 	505.931 	6.35162e-05
0.0196563 	505.928 	6.19064e-05
0.020103 	505.925 	6.0266e-05
0.0205497 	505.922 	5.85205e-05
0.0209965 	505.919 	5.6775e-05
0.0214432 	505.916 	5.49701e-05
0.0218899 	505.913 	5.31441e-05
0.0223367 	505.911 	5.13118e-05
0.0227834 	505.908 	4.94609e-05
0.0232302 	505.906 	4.761e-05
0.0236769 	505.903 	4.57805e-05
0.0241236 	505.901 	4.39577e-05
0.0245704 	505.899 	4.21559e-05
0.0250171 	505.896 	4.04094e-05
0.0254638 	505.894 	3.86628e-05
0.0259106 	505.892 	3.70092e-05
0.0263573 	505.89 	3.53807e-05
0.026804 	505.888 	3.37981e-05
0.0272508 	505.887 	3.23225e-05
0.0276975 	505.885 	3.08468e-05
0.0281442 	505.883 	2.95181e-05
0.028591 	505.882 	2.82232e-05
0.0290377 	505.88 	2.6994e-05
0.0294844 	505.879 	2.59011e-05
0.0299312 	505.877 	2.48082e-05
0.0303779 	505.876 	2.3897e-05
0.0308246 	505.875 	2.3021e-05
0.0312714 	505.873 	2.22242e-05
0.0317181 	505.872 	2.15743e-05
0.0321648 	505.871 	2.09245e-05
0.0326116 	505.87 	2.04732e-05
0.0330583 	505.869 	2.00535e-05
0.033505 	505.867 	1.97197e-05
0.0339518 	505.866 	1.95291e-05
0.0343985 	505.865 	1.93385e-05
0.0348452 	505.864 	1.93458e-05
0.035292 	505.863 	1.93783e-05
0.0357387 	505.862 	1.94961e-05
0.0361854 	505.861 	1.97419e-05
0.0366322 	505.859 	1.99877e-05
0.0370789 	505.858 	2.04159e-05
0.0375256 	505.857 	2.08617e-05
0.0379724 	505.856 	2.1385e-05
0.0384191 	505.854 	2.20135e-05
0.0388658 	505.853 	2.26419e-05
0.0393126 	505.851 	2.34221e-05
0.0397593 	505.849 	2.42124e-05
0.040206 	505.848 	2.50647e-05
0.0406528 	505.846 	2.59927e-05
0.0410995 	505.844 	2.69207e-05
0.0415462 	505.842 	2.79549e-05
0.041993 	505.839 	2.89932e-05
0.0424397 	505.837 	3.00695e-05
0.0428864 	505.834 	3.11876e-05
0.0433332 	505.831 	3.23057e-05
0.0437799 	505.828 	3.34695e-05
0.0442266 	505.824 	3.46339e-05
0.0446734 	505.82 	3.58034e-05
0.0451201 	505.816 	3.6978e-05
0.0455668 	505.812 	3.81523e-05
0.0460136 	505.807 	3.92997e-05
0.0464603 	505.801 	4.04472e-05
0.046907 	505.796 	4.15613e-05
0.0473538 	505.789 	4.26452e-05
0.0478005 	505.783 	4.37256e-05
0.0482472 	505.776 	4.47137e-05
0.048694 	505.768 	4.57019e-05
0.0491407 	505.76 	4.66241e-05
0.0495874 	505.751 	4.74925e-05
0.0500342 	505.743 	4.83526e-05
0.0504809 	505.732 	4.90888e-05
0.0509276 	505.722 	4.9825e-05
0.0513744 	505.711 	5.04858e-05
0.0518211 	505.7 	5.10907e-05
0.0522678 	505.688 	5.16853e-05
0.0527146 	505.675 	5.21719e-05
0.0531613 	505.661 	5.26585e-05
0.053608 	505.647 	5.30867e-05
0.0540548 	505.633 	5.3476e-05
0.0545015 	505.618 	5.38571e-05
0.0549482 	505.602 	5.4173e-05
0.055395 	505.586 	5.4489e-05
0.0558417 	505.569 	5.47726e-05
0.0562884 	505.552 	5.50367e-05
0.0567352 	505.534 	5.52957e-05
0.0571819 	505.515 	5.55228e-05
0.0576286 	505.497 	5.57498e-05
0.0580754 	505.478 	5.59565e-05
0.0585221 	505.458 	5.61522e-05
0.0589688 	505.438 	5.63425e-05
0.0594156 	505.417 	5.65046e-05
0.0598623 	505.397 	5.66668e-05
0.060309 	505.376 	5.68025e-05
0.0607558 	505.354 	5.69255e-05
0.0612025 	505.333 	5.70409e-05
0.0616492 	505.311 	5.71233e-05
0.062096 	505.289 	5.72058e-05
0.0625427 	505.266 	5.7265e-05
0.0629894 	505.244 	5.73143e-05
0.0634362 	505.221 	5.7359e-05
0.0638829 	505.198 	5.73869e-05
0.0643296 	505.175 	5.74149e-05
0.0647764 	505.152 	5.74327e-05
0.0652231 	505.129 	5.74467e-05
0.0656698 	505.106 	5.74551e-05
0.0661166 	505.082 	5.7446e-05
0.0665633 	505.059 	5.74369e-05
0.0670101 	505.022 	5.74232e-05
0.0674568 	504.98 	5.74079e-05
0.0679035 	504.934 	5.71161e-05
0.0683503 	504.875 	5.60474e-05
0.068797 	504.816 	5.49788e-05
0.0692437 	504.757 	5.30866e-05
0.0696905 	504.698 	5.09553e-05
0.0701372 	504.638 	4.88283e-05
0.0705839 	504.579 	4.67119e-05
0.0710307 	504.52 	4.45955e-05
0.0714774 	504.461 	4.25085e-05
0.0719241 	504.402 	4.04288e-05
0.0723709 	504.342 	3.83661e-05
0.0728176 	504.283 	3.6341e-05
0.0732643 	504.224 	3.43159e-05
0.0737111 	504.165 	3.23482e-05
0.0741578 	504.105 	3.03926e-05
0.0746045 	504.046 	2.84649e-05
0.0750513 	503.987 	2.65918e-05
0.075498 	503.928 	2.47187e-05
0.0759447 	503.868 	2.29256e-05
0.0763915 	503.809 	2.11466e-05
0.0768382 	503.75 	1.94056e-05
0.0772849 	503.691 	1.77314e-05
0.0777317 	503.631 	1.60572e-05
0.0781784 	503.572 	1.44837e-05
0.0786251 	503.513 	1.29247e-05
0.0790719 	503.454 	1.1414e-05
0.0795186 	503.394 	9.98002e-06
0.0799653 	503.335 	8.54602e-06
0.0804121 	503.276 	7.23351e-06
0.0808588 	503.217 	5.93451e-06
0.0813055 	503.157 	4.69528e-06
0.0817523 	503.098 	3.54117e-06
0.082199 	503.039 	2.38705e-06
0.0826457 	502.98 	1.37606e-06
0.0830925 	502.92 	3.76671e-07
0.0835392 	502.861 	-5.508e-07
0.0839859 	502.802 	-1.3858e-06
0.0844327 	502.743 	-2.22081e-06
0.0848794 	502.683 	-2.89089e-06
0.0853261 	502.624 	-3.55229e-06
0.0857729 	502.565 	-4.12955e-06
0.0862196 	502.505 	-4.60903e-06
0.0866663 	502.446 	-5.0885e-06
0.0871131 	502.387 	-5.38395e-06
0.0875598 	502.328 	-5.67468e-06
0.0880065 	502.268 	-5.87119e-06
0.0884533 	502.209 	-5.96863e-06
0.0889 	502.15 	-6.06608e-06
