5.55112e-20 	-3.10046e-21 	4.76619e-19 	0
0.000446734 	-5.17761e-05 	0.00350288 	7.59217e-28
0.000893467 	-0.000306608 	0.00507057 	3.93692e-27
0.0013402 	-0.000682424 	0.00592081 	2.27546e-27
0.00178693 	-0.00101123 	0.00616154 	1.49071e-27
0.00223367 	-0.00138777 	0.00605474 	1.42199e-27
0.0026804 	-0.00170827 	0.00580993 	0
0.00312714 	-0.00200241 	0.00536372 	0
0.00357387 	-0.00227759 	0.00487674 	0
0.0040206 	-0.00247264 	0.00424897 	0
0.00446734 	-0.00268689 	0.00361458 	0
0.00491407 	-0.00278796 	0.00286873 	0
0.0053608 	-0.00291949 	0.00213436 	0
0.00580754 	-0.0029226 	0.00131754 	0
0.00625427 	-0.00292254 	0.000522665 	0
0.00670101 	-0.00285431 	-0.000296312 	7.52288e-29
0.00714774 	-0.00270601 	-0.00106353 	3.52727e-28
0.00759447 	-0.00256721 	-0.0018164 	0
0.00804121 	-0.00230305 	-0.00245982 	5.48174e-28
0.00848794 	-0.0020993 	-0.0030628 	0
0.00893467 	-0.00178579 	-0.00349704 	-2.07071e-29
0.00938141 	-0.00152315 	-0.0038777 	-9.15026e-29
0.00982814 	-0.00122485 	-0.00404849 	-1.73111e-27
0.0102749 	-0.000936311 	-0.00414198 	-5.96316e-27
0.0107216 	-0.000692982 	-0.00408599 	-9.0998e-27
0.0111683 	-0.000440824 	-0.00391713 	-1.05491e-26
0.0116151 	-0.00025688 	-0.00370447 	-1.20981e-26
0.0120618 	-8.62578e-05 	-0.0033985 	-8.7138e-27
0.0125085 	3.7177e-05 	-0.00311886 	-2.34027e-27
0.0129553 	0.000113609 	-0.00280088 	-2.87667e-27
0.013402 	0.00017673 	-0.0025435 	-1.01089e-27
0.0138487 	0.00017706 	-0.00229281 	2.83418e-28
0.0142955 	0.000178404 	-0.0021094 	6.68553e-29
0.0147422 	0.000137092 	-0.0019382 	1.9604e-27
0.0151889 	9.81489e-05 	-0.00180679 	7.70535e-27
0.0156357 	4.37889e-05 	-0.00166274 	1.10071e-26
0.0160824 	7.10622e-06 	-0.00143537 	9.1866e-27
0.0165291 	-2.5158e-05 	-0.00116913 	1.04709e-26
0.0169759 	-1.86565e-05 	-0.000663962 	4.69767e-27
0.0174226 	-4.79871e-06 	-0.000169073 	7.80599e-28
0.0178693 	-8.54974e-07 	-1.84294e-05 	-2.56258e-29
0.0183161 	-4.62823e-07 	-6.64379e-06 	-6.58942e-29
0.0187628 	-1.72521e-07 	-9.15517e-08 	-7.23401e-29
0.0192095 	-2.32932e-07 	-8.08066e-08 	-6.17927e-29
0.0196563 	-2.70952e-07 	-7.29644e-08 	-5.08212e-29
0.020103 	-2.68176e-07 	-6.56548e-08 	-1.95035e-29
0.0205497 	-2.65712e-07 	-6.06883e-08 	-3.38261e-30
0.0209965 	-2.63059e-07 	-5.54428e-08 	2.96659e-30
0.0214432 	-2.60598e-07 	-5.20221e-08 	0
0.0218899 	-2.58371e-07 	-4.84383e-08 	9.16623e-31
0.0223367 	-2.56024e-07 	-4.57968e-08 	1.32205e-32
0.0227834 	-2.54117e-07 	-4.32897e-08 	0
0.0232302 	-2.51985e-07 	-4.1261e-08 	0
0.0236769 	-2.50204e-07 	-3.95285e-08 	0
0.0241236 	-2.48227e-07 	-3.79919e-08 	0
0.0245704 	-2.46471e-07 	-3.68159e-08 	0
0.0250171 	-2.44643e-07 	-3.566e-08 	0
0.0254638 	-2.42877e-07 	-3.48803e-08 	1.50727e-30
0.0259106 	-2.41137e-07 	-3.4093e-08 	8.36621e-30
0.0263573 	-2.39335e-07 	-3.35389e-08 	1.94291e-29
0.026804 	-2.37613e-07 	-3.30431e-08 	1.76458e-29
0.0272508 	-2.35793e-07 	-3.26586e-08 	7.67853e-30
0.0276975 	-2.34025e-07 	-3.23789e-08 	-1.90668e-31
0.0281442 	-2.32177e-07 	-3.21315e-08 	-8.50242e-30
0.028591 	-2.30333e-07 	-3.20011e-08 	-1.74682e-29
0.0290377 	-2.28458e-07 	-3.18666e-08 	-1.02012e-29
0.0294844 	-2.26534e-07 	-3.18332e-08 	-5.53802e-30
0.0299312 	-2.24612e-07 	-3.18004e-08 	-1.57485e-29
0.0303779 	-2.22625e-07 	-3.18158e-08 	-2.26436e-29
0.0308246 	-2.20643e-07 	-3.18569e-08 	-2.74309e-29
0.0312714 	-2.18609e-07 	-3.19026e-08 	-3.80904e-29
0.0317181 	-2.16562e-07 	-3.19832e-08 	-3.38222e-29
0.0321648 	-2.14486e-07 	-3.20495e-08 	-2.18107e-29
0.0326116 	-2.12379e-07 	-3.21415e-08 	-1.72185e-29
0.0330583 	-2.10264e-07 	-3.22204e-08 	-5.37614e-30
0.033505 	-2.08109e-07 	-3.23053e-08 	-8.3563e-31
0.0339518 	-2.05955e-07 	-3.23885e-08 	0
0.0343985 	-2.03768e-07 	-3.24573e-08 	3.86485e-31
0.0348452 	-2.01574e-07 	-3.2531e-08 	3.33825e-30
0.035292 	-1.99368e-07 	-3.25831e-08 	2.4318e-30
0.0357387 	-1.97144e-07 	-3.26357e-08 	5.28221e-30
0.0361854 	-1.94922e-07 	-3.267e-08 	6.28752e-30
0.0366322 	-1.92681e-07 	-3.2694e-08 	5.87706e-30
0.0370789 	-1.90446e-07 	-3.27088e-08 	1.5911e-29
0.0375256 	-1.882e-07 	-3.27015e-08 	2.21728e-29
0.0379724 	-1.85956e-07 	-3.26933e-08 	2.01425e-29
0.0384191 	-1.83713e-07 	-3.26574e-08 	2.19567e-29
0.0388658 	-1.81465e-07 	-3.26185e-08 	1.35262e-29
0.0393126 	-1.79229e-07 	-3.25607e-08 	4.39539e-30
0.0397593 	-1.76986e-07 	-3.24901e-08 	0
0.040206 	-1.74759e-07 	-3.24105e-08 	0
0.0406528 	-1.72531e-07 	-3.23102e-08 	0
0.0410995 	-1.70315e-07 	-3.22095e-08 	0
0.0415462 	-1.6811e-07 	-3.2084e-08 	0
0.041993 	-1.65907e-07 	-3.19604e-08 	0
0.0424397 	-1.63728e-07 	-3.18137e-08 	0
0.0428864 	-1.61547e-07 	-3.16627e-08 	0
0.0433332 	-1.59392e-07 	-3.15026e-08 	0
0.0437799 	-1.57238e-07 	-3.13261e-08 	0
0.0442266 	-1.55106e-07 	-3.1151e-08 	0
0.0446734 	-1.52984e-07 	-3.09549e-08 	-2.08046e-30
0.0451201 	-1.50878e-07 	-3.07661e-08 	-3.36938e-30
0.0455668 	-1.48793e-07 	-3.05568e-08 	-5.94709e-30
0.0460136 	-1.46711e-07 	-3.0352e-08 	-1.75256e-29
0.0464603 	-1.44665e-07 	-3.01332e-08 	-2.21246e-29
0.046907 	-1.42618e-07 	-2.99106e-08 	-2.24923e-29
0.0473538 	-1.40603e-07 	-2.96873e-08 	-2.2608e-29
0.0478005 	-1.38594e-07 	-2.94487e-08 	-1.3867e-29
0.0482472 	-1.3661e-07 	-2.92185e-08 	-5.04067e-30
0.048694 	-1.34641e-07 	-2.897e-08 	0
0.0491407 	-1.32687e-07 	-2.87336e-08 	0
0.0495874 	-1.3076e-07 	-2.84812e-08 	0
0.0500342 	-1.28836e-07 	-2.82363e-08 	0
0.0504809 	-1.26951e-07 	-2.79837e-08 	0
0.0509276 	-1.25066e-07 	-2.77291e-08 	0
0.0513744 	-1.23216e-07 	-2.74787e-08 	3.43278e-31
0.0518211 	-1.21372e-07 	-2.72157e-08 	5.53859e-30
0.0522678 	-1.19553e-07 	-2.6965e-08 	1.40034e-29
0.0527146 	-1.17751e-07 	-2.66987e-08 	1.82879e-29
0.0531613 	-1.15965e-07 	-2.64469e-08 	1.72026e-29
0.053608 	-1.14204e-07 	-2.61825e-08 	1.57512e-29
0.0540548 	-1.12449e-07 	-2.5928e-08 	7.17774e-30
0.0545015 	-1.1073e-07 	-2.56692e-08 	2.36535e-30
0.0549482 	-1.09011e-07 	-2.54103e-08 	3.08136e-30
0.055395 	-1.07328e-07 	-2.51577e-08 	1.89304e-30
0.0558417 	-1.0565e-07 	-2.48957e-08 	5.02319e-30
0.0562884 	-1.03997e-07 	-2.46473e-08 	3.7201e-30
0.0567352 	-1.0236e-07 	-2.43855e-08 	1.9546e-30
0.0571819 	-1.00737e-07 	-2.41391e-08 	2.36471e-30
0.0576286 	-9.91393e-08 	-2.38822e-08 	1.55096e-31
0.0580754 	-9.75467e-08 	-2.36369e-08 	0
0.0585221 	-9.59869e-08 	-2.33885e-08 	0
0.0589688 	-9.44269e-08 	-2.31419e-08 	0
0.0594156 	-9.29018e-08 	-2.29022e-08 	-6.24032e-31
0.0598623 	-9.13802e-08 	-2.26555e-08 	-5.07471e-30
0.060309 	-8.98828e-08 	-2.24225e-08 	-1.23274e-29
0.0607558 	-8.83987e-08 	-2.21778e-08 	-1.48571e-29
0.0612025 	-8.6929e-08 	-2.19484e-08 	-1.44467e-29
0.0616492 	-8.54808e-08 	-2.17097e-08 	-1.26713e-29
0.062096 	-8.40384e-08 	-2.14838e-08 	-5.44378e-30
0.0625427 	-8.26246e-08 	-2.12549e-08 	-1.79257e-30
0.0629894 	-8.12104e-08 	-2.10291e-08 	-2.71412e-30
0.0634362 	-7.98292e-08 	-2.08099e-08 	-1.72996e-30
0.0638829 	-7.84497e-08 	-2.05859e-08 	-4.48525e-30
0.0643296 	-7.70931e-08 	-2.03747e-08 	-2.72917e-30
0.0647764 	-7.57473e-08 	-2.01532e-08 	-1.78144e-30
0.0652231 	-7.44154e-08 	-1.99464e-08 	-1.7835e-30
0.0656698 	-7.31018e-08 	-1.97313e-08 	0
0.0661166 	-7.1794e-08 	-1.9529e-08 	0
0.0665633 	-7.05108e-08 	-1.93236e-08 	0
0.0670101 	-6.92273e-08 	-1.91225e-08 	0
0.0674568 	-6.79734e-08 	-1.8927e-08 	8.01812e-31
0.0679035 	-6.67201e-08 	-1.87284e-08 	4.63241e-30
0.0683503 	-6.54882e-08 	-1.85412e-08 	1.07931e-29
0.068797 	-6.42647e-08 	-1.83457e-08 	1.21509e-29
0.0692437 	-6.30544e-08 	-1.81634e-08 	1.2239e-29
0.0696905 	-6.1859e-08 	-1.7974e-08 	1.00512e-29
0.0701372 	-6.06698e-08 	-1.77963e-08 	4.13684e-30
0.0705839 	-5.9501e-08 	-1.76157e-08 	1.23068e-30
0.0710307 	-5.83328e-08 	-1.74403e-08 	4.23038e-30
0.0714774 	-5.71893e-08 	-1.72691e-08 	8.49232e-30
0.0719241 	-5.60462e-08 	-1.70964e-08 	3.5345e-30
0.0723709 	-5.49229e-08 	-1.69333e-08 	-5.26502e-31
0.0728176 	-5.38057e-08 	-1.6764e-08 	-6.85367e-30
0.0732643 	-5.27008e-08 	-1.66062e-08 	-1.73803e-29
0.0737111 	-5.1608e-08 	-1.64423e-08 	-1.81909e-29
0.0741578 	-5.05212e-08 	-1.6289e-08 	-1.18466e-29
0.0746045 	-4.94512e-08 	-1.61329e-08 	-8.98508e-30
0.0750513 	-4.83824e-08 	-1.59826e-08 	-3.1588e-30
0.075498 	-4.7334e-08 	-1.58352e-08 	-4.52075e-31
0.0759447 	-4.62857e-08 	-1.56875e-08 	0
0.0763915 	-4.52554e-08 	-1.55478e-08 	0
0.0768382 	-4.42293e-08 	-1.54035e-08 	0
0.0772849 	-4.32144e-08 	-1.52693e-08 	0
0.0777317 	-4.22091e-08 	-1.51298e-08 	0
0.0781784 	-4.12095e-08 	-1.49998e-08 	0
0.0786251 	-4.02236e-08 	-1.4867e-08 	0
0.0790719 	-3.92391e-08 	-1.47404e-08 	0
0.0795186 	-3.82713e-08 	-1.46155e-08 	-4.55857e-31
0.0799653 	-3.73033e-08 	-1.44913e-08 	-3.01287e-30
0.0804121 	-3.63514e-08 	-1.43737e-08 	-7.94135e-30
0.0808588 	-3.5402e-08 	-1.42529e-08 	-7.35086e-30
0.0813055 	-3.44628e-08 	-1.41406e-08 	-8.2826e-30
0.0817523 	-3.35309e-08 	-1.4024e-08 	-7.67512e-30
0.082199 	-3.26044e-08 	-1.39156e-08 	-3.16574e-30
0.0826457 	-3.16887e-08 	-1.38046e-08 	-3.51095e-30
0.0830925 	-3.07745e-08 	-1.36998e-08 	-8.81151e-30
0.0835392 	-2.98737e-08 	-1.3596e-08 	-1.07876e-29
0.0839859 	-2.89725e-08 	-1.34933e-08 	-1.06752e-29
0.0844327 	-2.80853e-08 	-1.33961e-08 	-1.0247e-29
0.0848794 	-2.71994e-08 	-1.32967e-08 	-5.77224e-30
0.0853261 	-2.63224e-08 	-1.32045e-08 	-1.81251e-30
0.0857729 	-2.54509e-08 	-1.31087e-08 	1.12287e-31
0.0862196 	-2.45842e-08 	-1.302e-08 	1.19786e-31
0.0866663 	-2.37259e-08 	-1.2929e-08 	9.286e-31
0.0871131 	-2.28691e-08 	-1.28437e-08 	1.98577e-30
0.0875598 	-2.20227e-08 	-1.27587e-08 	2.03457e-30
0.0880065 	-2.11759e-08 	-1.26754e-08 	7.11941e-30
0.0884533 	-2.03407e-08 	-1.25962e-08 	8.98115e-30
0.0889 	-1.95059e-08 	-1.25158e-08 	8.21398e-30
