0 	506.15 	5.51937e-05
0.000446734 	506.128 	5.50885e-05
0.000893467 	506.105 	5.49821e-05
0.0013402 	506.083 	5.47496e-05
0.00178693 	506.061 	5.4396e-05
0.00223367 	506.039 	5.40355e-05
0.0026804 	506.017 	5.3364e-05
0.00312714 	505.995 	5.26924e-05
0.00357387 	505.973 	5.18216e-05
0.0040206 	505.952 	5.07779e-05
0.00446734 	505.931 	4.97148e-05
0.00491407 	505.91 	4.82761e-05
0.0053608 	505.89 	4.68373e-05
0.00580754 	505.87 	4.51867e-05
0.00625427 	505.851 	4.33721e-05
0.00670101 	505.831 	4.15336e-05
0.00714774 	505.814 	3.94142e-05
0.00759447 	505.796 	3.72949e-05
0.00804121 	505.779 	3.50544e-05
0.00848794 	505.763 	3.27315e-05
0.00893467 	505.747 	3.03973e-05
0.00938141 	505.732 	2.79765e-05
0.00982814 	505.718 	2.55556e-05
0.0102749 	505.704 	2.31302e-05
0.0107216 	505.692 	2.07041e-05
0.0111683 	505.679 	1.82853e-05
0.0116151 	505.668 	1.59268e-05
0.0120618 	505.657 	1.35683e-05
0.0125085 	505.647 	1.12862e-05
0.0129553 	505.637 	9.04893e-06
0.013402 	505.628 	6.83467e-06
0.0138487 	505.62 	4.7561e-06
0.0142955 	505.612 	2.67753e-06
0.0147422 	505.605 	7.19082e-07
0.0151889 	505.599 	-1.17714e-06
0.0156357 	505.592 	-3.03988e-06
0.0160824 	505.587 	-4.74169e-06
0.0165291 	505.582 	-6.44349e-06
0.0169759 	505.577 	-8.01043e-06
0.0174226 	505.573 	-9.51548e-06
0.0178693 	505.569 	-1.09825e-05
0.0183161 	505.565 	-1.22961e-05
0.0187628 	505.562 	-1.36097e-05
0.0192095 	505.559 	-1.47948e-05
0.0196563 	505.557 	-1.59278e-05
0.020103 	505.554 	-1.70235e-05
0.0205497 	505.552 	-1.79903e-05
0.0209965 	505.551 	-1.89572e-05
0.0214432 	505.549 	-1.98137e-05
0.0218899 	505.548 	-2.06308e-05
0.0223367 	505.547 	-2.14148e-05
0.0227834 	505.546 	-2.20994e-05
0.0232302 	505.546 	-2.2784e-05
0.0236769 	505.545 	-2.33805e-05
0.0241236 	505.545 	-2.39496e-05
0.0245704 	505.545 	-2.44914e-05
0.0250171 	505.545 	-2.49612e-05
0.0254638 	505.545 	-2.5431e-05
0.0259106 	505.545 	-2.58344e-05
0.0263573 	505.546 	-2.622e-05
0.026804 	505.546 	-2.65843e-05
0.0272508 	505.547 	-2.6899e-05
0.0276975 	505.548 	-2.72137e-05
0.0281442 	505.548 	-2.74807e-05
0.028591 	505.549 	-2.77366e-05
0.0290377 	505.55 	-2.79767e-05
0.0294844 	505.551 	-2.81841e-05
0.0299312 	505.552 	-2.83915e-05
0.0303779 	505.553 	-2.85655e-05
0.0308246 	505.555 	-2.87331e-05
0.0312714 	505.556 	-2.88894e-05
0.0317181 	505.557 	-2.90245e-05
0.0321648 	505.558 	-2.91596e-05
0.0326116 	505.56 	-2.92718e-05
0.0330583 	505.561 	-2.93804e-05
0.033505 	505.562 	-2.94808e-05
0.0339518 	505.564 	-2.95676e-05
0.0343985 	505.565 	-2.96544e-05
0.0348452 	505.566 	-2.97252e-05
0.035292 	505.568 	-2.9794e-05
0.0357387 	505.569 	-2.98566e-05
0.0361854 	505.571 	-2.991e-05
0.0366322 	505.572 	-2.99634e-05
0.0370789 	505.574 	-3.00046e-05
0.0375256 	505.575 	-3.00445e-05
0.0379724 	505.577 	-3.00793e-05
0.0384191 	505.578 	-3.01069e-05
0.0388658 	505.58 	-3.01345e-05
0.0393126 	505.581 	-3.0151e-05
0.0397593 	505.583 	-3.01667e-05
0.040206 	505.585 	-3.01769e-05
0.0406528 	505.586 	-3.01803e-05
0.0410995 	505.588 	-3.01836e-05
0.0415462 	505.589 	-3.01743e-05
0.041993 	505.591 	-3.01643e-05
0.0424397 	505.592 	-3.01472e-05
0.0428864 	505.594 	-3.0122e-05
0.0433332 	505.595 	-3.00966e-05
0.0437799 	505.596 	-3.0054e-05
0.0442266 	505.598 	-3.00109e-05
0.0446734 	505.599 	-2.99572e-05
0.0451201 	505.601 	-2.98925e-05
0.0455668 	505.602 	-2.98273e-05
0.0460136 	505.603 	-2.97368e-05
0.0464603 	505.605 	-2.96459e-05
0.046907 	505.606 	-2.95383e-05
0.0473538 	505.607 	-2.94153e-05
0.0478005 	505.608 	-2.9291e-05
0.0482472 	505.609 	-2.91286e-05
0.048694 	505.611 	-2.89662e-05
0.0491407 	505.612 	-2.87777e-05
0.0495874 	505.613 	-2.85674e-05
0.0500342 	505.613 	-2.83537e-05
0.0504809 	505.614 	-2.80852e-05
0.0509276 	505.615 	-2.78167e-05
0.0513744 	505.616 	-2.75084e-05
0.0518211 	505.616 	-2.71701e-05
0.0522678 	505.617 	-2.68248e-05
0.0527146 	505.617 	-2.64035e-05
0.0531613 	505.617 	-2.59822e-05
0.053608 	505.617 	-2.55027e-05
0.0540548 	505.617 	-2.49839e-05
0.0545015 	505.617 	-2.44527e-05
0.0549482 	505.617 	-2.38207e-05
0.055395 	505.616 	-2.31887e-05
0.0558417 	505.615 	-2.24763e-05
0.0562884 	505.614 	-2.1715e-05
0.0567352 	505.613 	-2.09341e-05
0.0571819 	505.612 	-2.00271e-05
0.0576286 	505.61 	-1.912e-05
0.0580754 	505.608 	-1.81087e-05
0.0585221 	505.606 	-1.70405e-05
0.0589688 	505.604 	-1.59443e-05
0.0594156 	505.601 	-1.4701e-05
0.0598623 	505.598 	-1.34577e-05
0.060309 	505.594 	-1.20896e-05
0.0607558 	505.59 	-1.06605e-05
0.0612025 	505.586 	-9.19603e-06
0.0616492 	505.581 	-7.57512e-06
0.062096 	505.576 	-5.95422e-06
0.0625427 	505.57 	-4.19977e-06
0.0629894 	505.564 	-2.3874e-06
0.0634362 	505.558 	-5.36598e-07
0.0638829 	505.55 	1.45853e-06
0.0643296 	505.543 	3.45365e-06
0.0647764 	505.534 	5.56737e-06
0.0652231 	505.525 	7.7265e-06
0.0656698 	505.516 	9.9172e-06
0.0661166 	505.505 	1.221e-05
0.0665633 	505.495 	1.45028e-05
0.0670101 	505.483 	1.6863e-05
0.0674568 	505.471 	1.92457e-05
0.0679035 	505.458 	2.16367e-05
0.0683503 	505.444 	2.40501e-05
0.068797 	505.43 	2.64635e-05
0.0692437 	505.414 	2.88414e-05
0.0696905 	505.399 	3.12085e-05
0.0701372 	505.382 	3.35361e-05
0.0705839 	505.365 	3.57634e-05
0.0710307 	505.347 	3.79907e-05
0.0714774 	505.328 	4.00263e-05
0.0719241 	505.309 	4.2013e-05
0.0723709 	505.289 	4.38974e-05
0.0728176 	505.269 	4.55545e-05
0.0732643 	505.248 	4.72116e-05
0.0737111 	505.226 	4.85526e-05
0.0741578 	505.204 	4.98258e-05
0.0746045 	505.182 	5.09724e-05
0.0750513 	505.16 	5.18704e-05
0.075498 	505.137 	5.27683e-05
0.0759447 	505.114 	5.33799e-05
0.0763915 	505.09 	5.394e-05
0.0768382 	505.063 	5.43892e-05
0.0772849 	505.03 	5.46368e-05
0.0777317 	504.997 	5.48845e-05
0.0781784 	504.923 	5.49209e-05
0.0786251 	504.844 	5.49215e-05
0.0790719 	504.749 	5.49808e-05
0.0795186 	504.632 	5.51613e-05
0.0799653 	504.515 	5.53418e-05
0.0804121 	504.398 	5.57547e-05
0.0808588 	504.28 	5.61904e-05
0.0813055 	504.162 	5.66036e-05
0.0817523 	504.044 	5.69839e-05
0.082199 	503.926 	5.73642e-05
0.0826457 	503.807 	5.76831e-05
0.0830925 	503.689 	5.79958e-05
0.0835392 	503.571 	5.82806e-05
0.0839859 	503.453 	5.85272e-05
0.0844327 	503.334 	5.87737e-05
0.0848794 	503.216 	5.89628e-05
0.0853261 	503.097 	5.91479e-05
0.0857729 	502.979 	5.93075e-05
0.0862196 	502.861 	5.9436e-05
0.0866663 	502.742 	5.95646e-05
0.0871131 	502.624 	5.96419e-05
0.0875598 	502.505 	5.97176e-05
0.0880065 	502.387 	5.97687e-05
0.0884533 	502.268 	5.97936e-05
0.0889 	502.15 	5.98187e-05
