0 	0 	0 	0
0.000446734 	-8.61205e-06 	-3.98829e-05 	8.44543e-26
0.000893467 	-1.72241e-05 	-7.97659e-05 	1.68909e-25
0.0013402 	-2.4675e-05 	-0.000106607 	2.96719e-25
0.00178693 	-3.10215e-05 	-0.000121044 	4.65771e-25
0.00223367 	-3.69393e-05 	-0.000134493 	6.28495e-25
0.0026804 	-2.61382e-05 	-0.000109447 	5.44438e-25
0.00312714 	-1.53372e-05 	-8.44006e-05 	4.60381e-25
0.00357387 	1.27885e-05 	-3.25362e-05 	2.86191e-25
0.0040206 	5.58212e-05 	4.24043e-05 	3.44435e-26
0.00446734 	0.000101213 	0.000120129 	-2.0674e-25
0.00491407 	0.000191433 	0.000250765 	-2.47207e-25
0.0053608 	0.000281652 	0.0003814 	-2.87674e-25
0.00580754 	0.000405229 	0.000542782 	-1.92833e-25
0.00625427 	0.000554751 	0.000728078 	7.24763e-27
0.00670101 	0.000709177 	0.000916735 	2.06989e-25
0.00714774 	0.000924078 	0.00114683 	4.02544e-25
0.00759447 	0.00113898 	0.00137693 	5.98099e-25
0.00804121 	0.00139073 	0.00162252 	6.09802e-25
0.00848794 	0.00166836 	0.00187897 	4.92417e-25
0.00893467 	0.00195113 	0.00213571 	3.83212e-25
0.00938141 	0.00228019 	0.00239493 	3.4763e-25
0.00982814 	0.00260924 	0.00265415 	3.12047e-25
0.0102749 	0.00295946 	0.00290077 	4.58272e-25
0.0107216 	0.00332307 	0.00313942 	7.19516e-25
0.0111683 	0.00368871 	0.0033732 	9.27938e-25
0.0116151 	0.00406866 	0.0035729 	7.66606e-25
0.0120618 	0.00444861 	0.0037726 	6.05273e-25
0.0125085 	0.00482877 	0.00394045 	2.50182e-25
0.0129553 	0.00520903 	0.00409018 	-2.15085e-25
0.013402 	0.00558754 	0.00423185 	-6.3739e-25
0.0138487 	0.00595612 	0.00432785 	-8.16241e-25
0.0142955 	0.0063247 	0.00442385 	-9.95092e-25
0.0147422 	0.00668042 	0.00448552 	-9.17042e-25
0.0151889 	0.00702959 	0.00452969 	-7.08117e-25
0.0156357 	0.00737464 	0.00456575 	-4.52763e-25
0.0160824 	0.00770027 	0.00456357 	2.14803e-26
0.0165291 	0.0080259 	0.00456139 	4.95723e-25
0.0169759 	0.00833424 	0.00453227 	6.40554e-25
0.0174226 	0.00863472 	0.0044909 	6.35653e-25
0.0178693 	0.00893016 	0.0044432 	5.80939e-25
0.0183161 	0.00920542 	0.00437018 	3.26977e-25
0.0187628 	0.00948069 	0.00429716 	7.30142e-26
0.0192095 	0.00973854 	0.00420667 	0
0.0196563 	0.00998936 	0.00410912 	0
0.020103 	0.0102349 	0.00400747 	-6.22769e-26
0.0205497 	0.0104625 	0.00389169 	-3.39063e-25
0.0209965 	0.01069 	0.00377591 	-6.15849e-25
0.0214432 	0.0109014 	0.00365064 	-9.92431e-25
0.0218899 	0.0111069 	0.00352198 	-1.40453e-24
0.0223367 	0.0113073 	0.00339121 	-1.69372e-24
0.0227834 	0.0114923 	0.00325409 	-1.61415e-24
0.0232302 	0.0116772 	0.00311696 	-1.53459e-24
0.0236769 	0.0118474 	0.00297607 	-1.03745e-24
0.0241236 	0.012013 	0.002834 	-4.10252e-25
0.0245704 	0.0121736 	0.00269133 	1.74043e-25
0.0250171 	0.0123212 	0.00254706 	6.45227e-25
0.0254638 	0.0124687 	0.00240279 	1.11641e-24
0.0259106 	0.012603 	0.00225841 	1.1547e-24
0.0263573 	0.0127338 	0.002114 	1.07618e-24
0.026804 	0.0128598 	0.00196999 	9.79261e-25
0.0272508 	0.0129748 	0.00182691 	8.39434e-25
0.0276975 	0.0130898 	0.00168383 	6.99607e-25
0.0281442 	0.013193 	0.00154265 	7.22936e-25
0.028591 	0.0132933 	0.00140191 	7.83916e-25
0.0290377 	0.0133892 	0.00126212 	7.62568e-25
0.0294844 	0.0134759 	0.0011243 	5.70233e-25
0.0299312 	0.0135625 	0.000986492 	3.77898e-25
0.0303779 	0.0136384 	0.000851375 	-8.01253e-26
0.0308246 	0.0137121 	0.00071678 	-5.89699e-25
0.0312714 	0.0137815 	0.000583324 	-9.00553e-25
0.0317181 	0.013843 	0.000451983 	-8.42355e-25
0.0321648 	0.0139045 	0.000320642 	-7.84157e-25
0.0326116 	0.0139559 	0.000191981 	-2.46312e-25
0.0330583 	0.0140057 	6.37467e-05 	3.67997e-25
0.033505 	0.0140512 	-6.34252e-05 	7.96087e-25
0.0339518 	0.0140897 	-0.000188827 	9.13811e-25
0.0343985 	0.0141282 	-0.000314228 	1.03154e-24
0.0348452 	0.0141569 	-0.000437412 	6.73843e-25
0.035292 	0.0141844 	-0.000560316 	2.55887e-25
0.0357387 	0.0142075 	-0.000682358 	2.47579e-26
0.0361854 	0.0142241 	-0.000803109 	7.38695e-26
0.0366322 	0.0142408 	-0.00092386 	1.22981e-25
0.0370789 	0.0142475 	-0.00104294 	5.36806e-25
0.0375256 	0.0142534 	-0.00116187 	9.85604e-25
0.0379724 	0.0142546 	-0.00128013 	1.14838e-24
0.0384191 	0.0142495 	-0.0013975 	9.24196e-25
0.0388658 	0.0142445 	-0.00151487 	7.00008e-25
0.0393126 	0.014229 	-0.00163092 	9.27361e-27
0.0397593 	0.0142127 	-0.00174689 	-7.12564e-25
0.040206 	0.0141913 	-0.00186222 	-1.15811e-24
0.0406528 	0.0141634 	-0.00197678 	-1.26595e-24
0.0410995 	0.0141356 	-0.00209133 	-1.3738e-24
0.0415462 	0.0140957 	-0.00220429 	-1.05569e-24
0.041993 	0.0140554 	-0.00231719 	-7.20971e-25
0.0424397 	0.0140087 	-0.00242902 	-4.92291e-25
0.0428864 	0.0139547 	-0.00253967 	-3.80806e-25
0.0433332 	0.0139008 	-0.00265032 	-2.69322e-25
0.0437799 	0.0138315 	-0.00275771 	-2.14609e-25
0.0442266 	0.0137621 	-0.00286506 	-1.60614e-25
0.0446734 	0.0136837 	-0.00296994 	-1.06759e-25
0.0451201 	0.0135962 	-0.00307234 	-5.3044e-26
0.0455668 	0.0135085 	-0.00317465 	1.97618e-27
0.0460136 	0.0133995 	-0.0032697 	1.6007e-25
0.0464603 	0.0132906 	-0.00336476 	3.18165e-25
0.046907 	0.0131681 	-0.00345427 	6.09761e-25
0.0473538 	0.0130333 	-0.00353875 	1.02215e-24
0.0478005 	0.0128973 	-0.00362269 	1.41691e-24
0.0482472 	0.0127317 	-0.00369255 	1.35955e-24
0.048694 	0.0125661 	-0.00376241 	1.30218e-24
0.0491407 	0.0123807 	-0.00382163 	1.03022e-24
0.0495874 	0.012179 	-0.00387215 	5.82681e-25
0.0500342 	0.0119748 	-0.00392114 	1.63232e-25
0.0504809 	0.0117323 	-0.00394731 	1.6507e-25
0.0509276 	0.0114899 	-0.00397347 	1.66908e-25
0.0513744 	0.0112222 	-0.00398291 	1.879e-25
0.0518211 	0.0109358 	-0.00398 	2.23051e-25
0.0522678 	0.0106456 	-0.00397423 	2.46151e-25
0.0527146 	0.0103148 	-0.00393859 	1.43588e-25
0.0531613 	0.00998397 	-0.00390295 	4.10252e-26
0.053608 	0.00962843 	-0.00384663 	0
0.0540548 	0.00925641 	-0.00377652 	0
0.0545015 	0.00888059 	-0.00370262 	0
0.0549482 	0.00847485 	-0.0035989 	0
0.055395 	0.00806911 	-0.00349517 	0
0.0558417 	0.00764968 	-0.00337286 	3.10559e-26
0.0562884 	0.00722203 	-0.00323939 	8.07453e-26
0.0567352 	0.00679347 	-0.00310277 	1.29661e-25
0.0571819 	0.00635916 	-0.00294631 	1.73727e-25
0.0576286 	0.00592484 	-0.00278986 	2.17793e-25
0.0580754 	0.00549719 	-0.00262422 	2.15415e-25
0.0585221 	0.00507314 	-0.00245363 	1.8803e-25
0.0589688 	0.00465342 	-0.00228231 	1.51875e-25
0.0594156 	0.00425602 	-0.00210722 	7.05242e-26
0.0598623 	0.00385861 	-0.00193213 	-1.08262e-26
0.060309 	0.00348829 	-0.00175992 	-6.37221e-26
0.0607558 	0.00313102 	-0.00158911 	-1.02918e-25
0.0612025 	0.00278293 	-0.00142031 	-1.22052e-25
0.0616492 	0.00247463 	-0.00126019 	-5.42552e-26
0.062096 	0.00216632 	-0.00110008 	1.35419e-26
0.0625427 	0.00189475 	-0.000949649 	6.60567e-26
0.0629894 	0.00163892 	-0.000803372 	1.12022e-25
0.0634362 	0.00139397 	-0.000660048 	1.47491e-25
0.0638829 	0.00118935 	-0.000527669 	1.44061e-25
0.0643296 	0.000984739 	-0.000395291 	1.40631e-25
0.0647764 	0.000814119 	-0.000272015 	1.528e-25
0.0652231 	0.000656394 	-0.000152192 	1.70887e-25
0.0656698 	0.000508563 	-3.54736e-05 	1.85855e-25
0.0661166 	0.000392495 	7.12804e-05 	1.90813e-25
0.0665633 	0.000276427 	0.000178034 	1.9577e-25
0.0670101 	0.000188364 	0.000270181 	1.47293e-25
0.0674568 	0.000109635 	0.000357459 	8.10049e-26
0.0679035 	3.99056e-05 	0.000435796 	1.92223e-26
0.0683503 	-4.54294e-06 	0.000489009 	-2.99006e-26
0.068797 	-4.89914e-05 	0.000542223 	-7.90236e-26
0.0692437 	-6.97077e-05 	0.000553893 	-8.49676e-26
0.0696905 	-8.35339e-05 	0.000553502 	-7.83758e-26
0.0701372 	-9.06628e-05 	0.000533697 	-7.45469e-26
0.0705839 	-8.11943e-05 	0.000465779 	-7.75655e-26
0.0710307 	-7.17257e-05 	0.000397861 	-8.05841e-26
0.0714774 	-5.34886e-05 	0.000279735 	-7.0415e-26
0.0719241 	-3.30595e-05 	0.000149056 	-5.69489e-26
0.0723709 	-1.36387e-05 	8.07156e-06 	-3.70454e-26
0.0728176 	3.56363e-06 	-0.000155584 	-2.97937e-27
0.0732643 	2.07659e-05 	-0.00031924 	3.10867e-26
0.0737111 	2.76856e-05 	-0.000466664 	5.17099e-26
0.0741578 	3.2424e-05 	-0.000610645 	6.94816e-26
0.0746045 	3.33891e-05 	-0.00072282 	8.68829e-26
0.0750513 	2.6947e-05 	-0.00077256 	1.03557e-25
0.075498 	2.05049e-05 	-0.000822301 	1.20231e-25
0.0759447 	1.40488e-05 	-0.00071047 	1.15235e-25
0.0763915 	7.5902e-06 	-0.000570126 	1.06414e-25
0.0768382 	2.9798e-06 	-0.000421923 	8.96727e-26
0.0772849 	1.61966e-06 	-0.000259898 	5.90009e-26
0.0777317 	2.5953e-07 	-9.78725e-05 	2.83291e-26
0.0781784 	1.12385e-07 	-5.03579e-05 	1.58582e-26
0.0786251 	1.38523e-07 	-1.92021e-05 	5.98738e-27
0.0790719 	1.61889e-07 	-1.21615e-07 	-2.27152e-29
0.0795186 	1.80872e-07 	-1.28119e-07 	6.96005e-29
0.0799653 	1.99856e-07 	-1.34623e-07 	1.61916e-28
0.0804121 	1.98053e-07 	-1.43357e-07 	2.04996e-28
0.0808588 	1.93939e-07 	-1.52338e-07 	2.42605e-28
0.0813055 	1.88871e-07 	-1.61791e-07 	2.09615e-28
0.0817523 	1.82444e-07 	-1.71916e-07 	7.6076e-29
0.082199 	1.76017e-07 	-1.8204e-07 	-5.74629e-29
0.0826457 	1.6776e-07 	-1.9335e-07 	-2.43077e-28
0.0830925 	1.59355e-07 	-2.04757e-07 	-4.32914e-28
0.0835392 	1.50202e-07 	-2.16789e-07 	-5.69093e-28
0.0839859 	1.40087e-07 	-2.29626e-07 	-6.36284e-28
0.0844327 	1.29971e-07 	-2.42462e-07 	-7.03475e-28
0.0848794 	1.18468e-07 	-2.56825e-07 	-4.69071e-28
0.0853261 	1.06891e-07 	-2.71268e-07 	-2.18794e-28
0.0857729 	9.47648e-08 	-2.86547e-07 	-7.2089e-29
0.0862196 	8.19992e-08 	-3.028e-07 	-4.57525e-29
0.0866663 	6.92336e-08 	-3.19052e-07 	-1.94159e-29
0.0871131 	5.56305e-08 	-3.37262e-07 	-3.8112e-28
0.0875598 	4.20059e-08 	-3.55522e-07 	-7.52773e-28
0.0880065 	2.81594e-08 	-2.93371e-07 	-7.58389e-28
0.0884533 	1.40797e-08 	-1.46685e-07 	-3.79194e-28
0.0889 	4.0669e-22 	-1.0154e-20 	-2.94713e-41
