0 	0 	0 	0
0.000446734 	4.62852e-06 	0.000996693 	-7.51048e-26
0.000893467 	1.01554e-05 	0.00193468 	-1.28824e-25
0.0013402 	5.35032e-05 	0.00229112 	-1.18242e-25
0.00178693 	9.95218e-05 	0.00247762 	-9.16239e-26
0.00223367 	0.000162681 	0.00238783 	-4.28492e-26
0.0026804 	0.000235402 	0.00207246 	-1.57484e-26
0.00312714 	0.000312925 	0.00167661 	0
0.00357387 	0.000382317 	0.00114711 	0
0.0040206 	0.00045076 	0.00060761 	2.67206e-27
0.00446734 	0.000454977 	0.00013515 	0
0.00491407 	0.00044419 	-0.000323457 	0
0.0053608 	0.000345895 	-0.000616796 	-3.50489e-26
0.00580754 	0.000197978 	-0.000840225 	-8.71011e-26
0.00625427 	1.22011e-05 	-0.0009527 	-1.51302e-25
0.00670101 	-0.000232398 	-0.000966638 	-1.97898e-25
0.00714774 	-0.000469447 	-0.00094416 	-2.05573e-25
0.00759447 	-0.000725672 	-0.000865536 	-1.32523e-25
0.00804121 	-0.000973978 	-0.000775463 	-3.52721e-26
0.00848794 	-0.00117598 	-0.000693023 	3.44251e-26
0.00893467 	-0.00138443 	-0.000610162 	9.94511e-26
0.00938141 	-0.00152036 	-0.00054287 	8.23604e-26
0.00982814 	-0.00165502 	-0.000491352 	6.1363e-26
0.0102749 	-0.00173107 	-0.000450945 	2.7439e-26
0.0107216 	-0.00178419 	-0.00043495 	9.00953e-27
0.0111683 	-0.00180069 	-0.000418901 	2.37439e-27
0.0116151 	-0.00177351 	-0.000428798 	1.21649e-26
0.0120618 	-0.00173294 	-0.000431672 	1.93526e-26
0.0125085 	-0.00163248 	-0.000452507 	3.58262e-26
0.0129553 	-0.0015378 	-0.000472608 	5.34819e-26
0.013402 	-0.00137712 	-0.000483106 	5.51687e-26
0.0138487 	-0.00121549 	-0.000499222 	5.96517e-26
0.0142955 	-0.00102998 	-0.000499038 	5.52431e-26
0.0147422 	-0.000825044 	-0.000497383 	4.5142e-26
0.0151889 	-0.000620928 	-0.000483578 	3.65499e-26
0.0156357 	-0.000397206 	-0.000457166 	2.22764e-26
0.0160824 	-0.000187964 	-0.000428115 	1.27602e-26
0.0165291 	2.48085e-05 	-0.000378132 	1.68882e-26
0.0169759 	0.000219387 	-0.0003325 	2.2601e-26
0.0174226 	0.000395491 	-0.000269828 	3.36259e-26
0.0178693 	0.00056643 	-0.000205565 	4.1781e-26
0.0183161 	0.000671703 	-0.000150636 	3.71167e-26
0.0187628 	0.000773771 	-8.83348e-05 	2.91096e-26
0.0192095 	0.000818647 	-4.56479e-05 	1.9241e-26
0.0196563 	0.000835421 	-4.93705e-06 	1.40571e-26
0.020103 	0.000815682 	1.71956e-05 	1.1052e-26
0.0205497 	0.000742131 	2.04736e-05 	1.40342e-26
0.0209965 	0.00065322 	1.26922e-05 	1.87322e-26
0.0214432 	0.000487805 	-1.41165e-05 	2.17402e-26
0.0218899 	0.000318499 	-4.2464e-05 	2.26159e-26
0.0223367 	0.000159394 	-5.77435e-05 	1.88231e-26
0.0227834 	4.67323e-05 	-6.03436e-05 	1.33474e-26
0.0232302 	4.57715e-06 	-2.63056e-05 	6.11268e-27
0.0236769 	1.77063e-06 	-9.76811e-06 	2.26575e-27
0.0241236 	1.38826e-07 	-3.44725e-08 	0
0.0245704 	1.68024e-07 	-5.02309e-08 	0
0.0250171 	1.91574e-07 	-6.34255e-08 	0
0.0254638 	1.89555e-07 	-6.11203e-08 	0
0.0259106 	1.87612e-07 	-5.87585e-08 	0
0.0263573 	1.79966e-07 	-5.84732e-08 	0
0.026804 	1.71598e-07 	-5.84251e-08 	0
0.0272508 	1.63419e-07 	-5.91875e-08 	0
0.0276975 	1.55122e-07 	-6.0612e-08 	0
0.0281442 	1.47167e-07 	-6.23221e-08 	0
0.028591 	1.39492e-07 	-6.48539e-08 	0
0.0290377 	1.31974e-07 	-6.7385e-08 	0
0.0294844 	1.25082e-07 	-7.07235e-08 	0
0.0299312 	1.18173e-07 	-7.40786e-08 	0
0.0303779 	1.1202e-07 	-7.78063e-08 	-1.98372e-29
0.0308246 	1.05915e-07 	-8.17098e-08 	-4.77147e-29
0.0312714 	1.00335e-07 	-8.56978e-08 	-7.00128e-29
0.0317181 	9.50236e-08 	-8.98903e-08 	-1.01925e-28
0.0321648 	9.00035e-08 	-9.40183e-08 	-1.11236e-28
0.0326116 	8.54424e-08 	-9.82734e-08 	-8.33586e-29
0.0330583 	8.09622e-08 	-1.02432e-07 	-6.29849e-29
0.033505 	7.70868e-08 	-1.06566e-07 	-3.10725e-29
0.0339518 	7.321e-08 	-1.10694e-07 	0
0.0343985 	6.9854e-08 	-1.14534e-07 	0
0.0348452 	6.6589e-08 	-1.18413e-07 	0
0.035292 	6.36309e-08 	-1.21997e-07 	0
0.0357387 	6.08962e-08 	-1.25527e-07 	0
0.0361854 	5.83015e-08 	-1.28831e-07 	0
0.0366322 	5.60194e-08 	-1.31955e-07 	0
0.0370789 	5.37525e-08 	-1.34954e-07 	0
0.0375256 	5.18515e-08 	-1.37646e-07 	0
0.0379724 	4.99361e-08 	-1.40326e-07 	0
0.0384191 	4.82935e-08 	-1.42579e-07 	0
0.0388658 	4.67098e-08 	-1.44836e-07 	0
0.0393126 	4.52564e-08 	-1.46759e-07 	9.28102e-29
0.0397593 	4.39346e-08 	-1.4859e-07 	2.56973e-28
0.040206 	4.26612e-08 	-1.50205e-07 	4.33027e-28
0.0406528 	4.15542e-08 	-1.51634e-07 	7.68467e-28
0.0410995 	4.04388e-08 	-1.52953e-07 	9.79729e-28
0.0415462 	3.95069e-08 	-1.54008e-07 	9.29779e-28
0.041993 	3.8555e-08 	-1.55052e-07 	9.66637e-28
0.0424397 	3.77398e-08 	-1.55759e-07 	6.14115e-28
0.0428864 	3.69503e-08 	-1.56472e-07 	2.21907e-28
0.0433332 	3.62072e-08 	-1.56938e-07 	1.0555e-28
0.0437799 	3.55328e-08 	-1.57343e-07 	-8.66313e-30
0.0442266 	3.48702e-08 	-1.57594e-07 	-9.06509e-29
0.0446734 	3.42885e-08 	-1.57725e-07 	-3.38823e-29
0.0451201 	3.36957e-08 	-1.57779e-07 	0
0.0455668 	3.31884e-08 	-1.57669e-07 	0
0.0460136 	3.26655e-08 	-1.57546e-07 	0
0.0464603 	3.22079e-08 	-1.57221e-07 	0
0.046907 	3.17601e-08 	-1.569e-07 	0
0.0473538 	3.13261e-08 	-1.56427e-07 	0
0.0478005 	3.09255e-08 	-1.55924e-07 	0
0.0482472 	3.05253e-08 	-1.55328e-07 	0
0.048694 	3.01621e-08 	-1.5467e-07 	0
0.0491407 	2.97908e-08 	-1.53964e-07 	0
0.0495874 	2.94568e-08 	-1.53174e-07 	0
0.0500342 	2.91129e-08 	-1.52372e-07 	0
0.0504809 	2.87987e-08 	-1.51471e-07 	0
0.0509276 	2.84873e-08 	-1.5057e-07 	0
0.0513744 	2.81786e-08 	-1.4959e-07 	0
0.0518211 	2.78846e-08 	-1.48599e-07 	0
0.0522678 	2.75888e-08 	-1.47561e-07 	0
0.0527146 	2.73079e-08 	-1.46496e-07 	0
0.0531613 	2.70229e-08 	-1.45408e-07 	0
0.053608 	2.67517e-08 	-1.44285e-07 	0
0.0540548 	2.64758e-08 	-1.43155e-07 	0
0.0545015 	2.62114e-08 	-1.41986e-07 	0
0.0549482 	2.59468e-08 	-1.40818e-07 	0
0.055395 	2.5683e-08 	-1.39619e-07 	0
0.0558417 	2.54236e-08 	-1.38417e-07 	0
0.0562884 	2.51634e-08 	-1.372e-07 	0
0.0567352 	2.49072e-08 	-1.35975e-07 	0
0.0571819 	2.465e-08 	-1.34744e-07 	0
0.0576286 	2.43957e-08 	-1.33506e-07 	0
0.0580754 	2.41408e-08 	-1.32266e-07 	0
0.0585221 	2.38874e-08 	-1.31021e-07 	0
0.0589688 	2.36339e-08 	-1.29776e-07 	0
0.0594156 	2.33808e-08 	-1.28531e-07 	0
0.0598623 	2.31275e-08 	-1.27287e-07 	0
0.060309 	2.28748e-08 	-1.26047e-07 	0
0.0607558 	2.26212e-08 	-1.24808e-07 	0
0.0612025 	2.23687e-08 	-1.23575e-07 	0
0.0616492 	2.21142e-08 	-1.22348e-07 	0
0.062096 	2.18617e-08 	-1.21124e-07 	0
0.0625427 	2.16062e-08 	-1.19913e-07 	0
0.0629894 	2.13518e-08 	-1.18701e-07 	0
0.0634362 	2.10968e-08 	-1.17508e-07 	3.55509e-29
0.0638829 	2.08402e-08 	-1.16316e-07 	7.77694e-29
0.0643296 	2.05858e-08 	-1.1514e-07 	1.08073e-28
0.0647764 	2.0328e-08 	-1.13969e-07 	1.49341e-28
0.0652231 	2.00729e-08 	-1.12811e-07 	1.4904e-28
0.0656698 	1.9814e-08 	-1.11665e-07 	1.06821e-28
0.0661166 	1.95583e-08 	-1.10526e-07 	7.60639e-29
0.0665633 	1.92983e-08 	-1.09407e-07 	3.47965e-29
0.0670101 	1.90404e-08 	-1.08289e-07 	-1.3674e-29
0.0674568 	1.87809e-08 	-1.07199e-07 	0
0.0679035 	1.85198e-08 	-1.06108e-07 	0
0.0683503 	1.8262e-08 	-1.05041e-07 	0
0.068797 	1.8e-08 	-1.03981e-07 	0
0.0692437 	1.77417e-08 	-1.02937e-07 	1.5163e-29
0.0696905 	1.74789e-08 	-1.01908e-07 	5.20335e-29
0.0701372 	1.72202e-08 	-1.00888e-07 	7.88618e-29
0.0705839 	1.69568e-08 	-9.98906e-08 	1.14933e-28
0.0710307 	1.66967e-08 	-9.88955e-08 	1.48476e-28
0.0714774 	1.64338e-08 	-9.79308e-08 	1.09235e-28
0.0719241 	1.61699e-08 	-9.69662e-08 	7.23649e-29
0.0723709 	1.59102e-08 	-9.60292e-08 	4.59548e-29
0.0728176 	1.56459e-08 	-9.50979e-08 	9.88398e-30
0.0732643 	1.53861e-08 	-9.41865e-08 	0
0.0737111 	1.51216e-08 	-9.32889e-08 	0
0.0741578 	1.48617e-08 	-9.24032e-08 	0
0.0746045 	1.45972e-08 	-9.15395e-08 	0
0.0750513 	1.43369e-08 	-9.06797e-08 	0
0.075498 	1.40728e-08 	-8.98502e-08 	0
0.0759447 	1.38085e-08 	-8.90206e-08 	0
0.0763915 	1.35486e-08 	-8.82209e-08 	0
0.0768382 	1.32843e-08 	-8.74255e-08 	0
0.0772849 	1.30248e-08 	-8.66518e-08 	0
0.0777317 	1.27608e-08 	-8.58905e-08 	0
0.0781784 	1.25015e-08 	-8.51428e-08 	0
0.0786251 	1.22379e-08 	-8.44156e-08 	0
0.0790719 	1.19789e-08 	-8.36938e-08 	0
0.0795186 	1.17157e-08 	-8.30005e-08 	0
0.0799653 	1.14535e-08 	-8.23073e-08 	0
0.0804121 	1.11944e-08 	-8.16451e-08 	0
0.0808588 	1.09318e-08 	-8.09856e-08 	0
0.0813055 	1.06741e-08 	-8.03491e-08 	1.61597e-29
0.0817523 	1.0412e-08 	-7.97232e-08 	4.55621e-29
0.082199 	1.01547e-08 	-7.91121e-08 	9.8517e-29
0.0826457 	9.89329e-09 	-7.85195e-08 	1.27465e-28
0.0830925 	9.63645e-09 	-7.79338e-08 	1.48038e-28
0.0835392 	9.37566e-09 	-7.73744e-08 	1.75455e-28
0.0839859 	9.11657e-09 	-7.68149e-08 	1.93967e-28
0.0844327 	8.85916e-09 	-7.62873e-08 	2.22183e-28
0.0848794 	8.59905e-09 	-7.57608e-08 	2.49259e-28
0.0853261 	8.34381e-09 	-7.5258e-08 	2.18655e-28
0.0857729 	8.08437e-09 	-7.47641e-08 	1.61835e-28
0.0862196 	7.82961e-09 	-7.42861e-08 	9.03443e-29
0.0866663 	7.57084e-09 	-7.38246e-08 	3.43202e-29
0.0871131 	7.31656e-09 	-7.33711e-08 	0
0.0875598 	7.05845e-09 	-7.29417e-08 	0
0.0880065 	6.80272e-09 	-7.25128e-08 	0
0.0884533 	6.54714e-09 	-7.21152e-08 	4.69998e-29
0.0889 	6.28966e-09 	-7.17177e-08 	1.0039e-28
