0 	0 	0 	0
0.000446734 	0.000139382 	0.00300585 	3.09468e-26
0.000893467 	0.000278362 	0.00599114 	6.18132e-26
0.0013402 	0.000376995 	0.00825569 	6.88495e-26
0.00178693 	0.000437882 	0.00984502 	5.37052e-26
0.00223367 	0.000495 	0.0114029 	3.83634e-26
0.0026804 	0.00048223 	0.012147 	2.26413e-26
0.00312714 	0.000469461 	0.0128911 	6.91916e-27
0.00357387 	0.000445776 	0.0134565 	7.51477e-27
0.0040206 	0.000414702 	0.0138745 	2.2104e-26
0.00446734 	0.000382967 	0.0142834 	3.71362e-26
0.00491407 	0.000351779 	0.0145261 	6.24913e-26
0.0053608 	0.000320592 	0.0147688 	8.78463e-26
0.00580754 	0.000290137 	0.014923 	9.6268e-26
0.00625427 	0.000261121 	0.0150085 	9.22793e-26
0.00670101 	0.000231845 	0.0150832 	8.64946e-26
0.00714774 	0.000204541 	0.0150284 	6.11395e-26
0.00759447 	0.000177238 	0.0149736 	3.57844e-26
0.00804121 	0.000150808 	0.0148522 	1.99034e-26
0.00848794 	0.000125481 	0.0146846 	9.30291e-27
0.00893467 	0.000100212 	0.0145083 	0
0.00938141 	7.73898e-05 	0.014256 	0
0.00982814 	5.45676e-05 	0.0140038 	0
0.0102749 	3.34137e-05 	0.0137143 	0
0.0107216 	1.34954e-05 	0.0134015 	0
0.0111683 	-6.07704e-06 	0.0130834 	0
0.0116151 	-2.29151e-05 	0.0127296 	0
0.0120618 	-3.97532e-05 	0.0123757 	0
0.0125085 	-5.46187e-05 	0.0120057 	0
0.0129553 	-6.83946e-05 	0.0116267 	0
0.013402 	-8.16627e-05 	0.0112458 	0
0.0138487 	-9.25169e-05 	0.0108547 	0
0.0142955 	-0.000103371 	0.0104636 	0
0.0147422 	-0.000112323 	0.0100716 	0
0.0151889 	-0.00012047 	0.00967918 	0
0.0156357 	-0.000128049 	0.00928798 	0
0.0160824 	-0.000133748 	0.00890272 	0
0.0165291 	-0.000139447 	0.00851747 	0
0.0169759 	-0.000143496 	0.00814168 	0
0.0174226 	-0.00014703 	0.00777023 	0
0.0178693 	-0.000150013 	0.00740251 	0
0.0183161 	-0.000151674 	0.00704976 	0
0.0187628 	-0.000153335 	0.00669701 	0
0.0192095 	-0.00015368 	0.00636001 	0
0.0196563 	-0.000153755 	0.00602937 	0
0.020103 	-0.000153345 	0.00570418 	0
0.0205497 	-0.000152109 	0.00539775 	0
0.0209965 	-0.000150873 	0.00509131 	0
0.0214432 	-0.000148671 	0.00480348 	0
0.0218899 	-0.000146382 	0.00452225 	0
0.0223367 	-0.000143704 	0.00424736 	0
0.0227834 	-0.000140594 	0.0039914 	0
0.0232302 	-0.000137485 	0.00373544 	0
0.0236769 	-0.000133733 	0.00349823 	0
0.0241236 	-0.000130011 	0.00326684 	0
0.0245704 	-0.000126007 	0.00304185 	0
0.0250171 	-0.000121852 	0.00283367 	0
0.0254638 	-0.000117697 	0.0026255 	0
0.0259106 	-0.000113173 	0.00243417 	0
0.0263573 	-0.000108737 	0.00224735 	0
0.026804 	-0.000104123 	0.00206628 	0
0.0272508 	-9.95305e-05 	0.00189854 	0
0.0276975 	-9.49383e-05 	0.0017308 	0
0.0281442 	-9.01866e-05 	0.00157649 	0
0.028591 	-8.55367e-05 	0.00142523 	0
0.0290377 	-8.08006e-05 	0.00127844 	0
0.0294844 	-7.61703e-05 	0.00114082 	0
0.0299312 	-7.154e-05 	0.0010032 	0
0.0303779 	-6.69053e-05 	0.000874492 	0
0.0308246 	-6.2355e-05 	0.000747474 	0
0.0312714 	-5.77992e-05 	0.000623095 	0
0.0317181 	-5.33738e-05 	0.000503523 	0
0.0321648 	-4.89485e-05 	0.00038395 	0
0.0326116 	-4.46272e-05 	0.00026804 	0
0.0330583 	-4.03531e-05 	0.000152675 	0
0.033505 	-3.61399e-05 	3.76913e-05 	0
0.0339518 	-3.2038e-05 	-7.67443e-05 	0
0.0343985 	-2.7936e-05 	-0.00019118 	0
0.0348452 	-2.40324e-05 	-0.000307671 	0
0.035292 	-2.01322e-05 	-0.000424458 	0
0.0357387 	-1.63676e-05 	-0.000543454 	0
0.0361854 	-1.27007e-05 	-0.000665838 	0
0.0366322 	-9.03383e-06 	-0.000788222 	0
0.0370789 	-5.68704e-06 	-0.000918582 	0
0.0375256 	-2.30051e-06 	-0.00104974 	0
0.0379724 	8.49514e-07 	-0.0011859 	-1.58471e-26
0.0384191 	3.88174e-06 	-0.00132888 	-5.521e-26
0.0388658 	6.91397e-06 	-0.00147187 	-9.45729e-26
0.0393126 	9.41963e-06 	-0.00162864 	-1.32056e-25
0.0397593 	1.2004e-05 	-0.00178636 	-1.71292e-25
0.040206 	1.4208e-05 	-0.00195188 	-1.676e-25
0.0406528 	1.62276e-05 	-0.002127 	-1.10555e-25
0.0410995 	1.82472e-05 	-0.00230211 	-5.35099e-26
0.0415462 	1.94408e-05 	-0.00249625 	3.83415e-27
0.041993 	2.0752e-05 	-0.00269114 	6.05448e-26
0.0424397 	2.14846e-05 	-0.00289638 	8.1007e-26
0.0428864 	2.19149e-05 	-0.00311305 	6.33246e-26
0.0433332 	2.22991e-05 	-0.00332988 	4.5226e-26
0.0437799 	2.15325e-05 	-0.00356943 	2.58202e-26
0.0442266 	2.08804e-05 	-0.00380942 	8.34566e-27
0.0446734 	1.93865e-05 	-0.00406158 	-8.01158e-27
0.0451201 	1.74217e-05 	-0.00432586 	-2.47866e-26
0.0455668 	1.52783e-05 	-0.00459064 	-4.31238e-26
0.0460136 	1.17099e-05 	-0.00487931 	-6.03603e-26
0.0464603 	8.17614e-06 	-0.00516814 	-7.69011e-26
0.046907 	3.47316e-06 	-0.00546961 	-7.59144e-26
0.0473538 	-1.90962e-06 	-0.00578242 	-5.91394e-26
0.0478005 	-7.57216e-06 	-0.00609614 	-4.01544e-26
0.0482472 	-1.51031e-05 	-0.00643137 	-2.36135e-26
0.048694 	-2.2634e-05 	-0.00676659 	-7.0727e-27
0.0491407 	-3.1713e-05 	-0.00711273 	0
0.0495874 	-4.17034e-05 	-0.00746764 	0
0.0500342 	-5.20534e-05 	-0.00782364 	1.27629e-27
0.0504809 	-6.48184e-05 	-0.00819416 	3.31119e-26
0.0509276 	-7.75834e-05 	-0.00856467 	6.49475e-26
0.0513744 	-9.22921e-05 	-0.00894105 	1.01073e-25
0.0518211 	-0.000108139 	-0.00932152 	1.32925e-25
0.0522678 	-0.000124432 	-0.00970238 	1.59207e-25
0.0527146 	-0.000143647 	-0.0100854 	1.27372e-25
0.0531613 	-0.000162862 	-0.0104684 	9.55362e-26
0.053608 	-0.000184368 	-0.0108474 	5.94074e-26
0.0540548 	-0.000207198 	-0.0112235 	2.75551e-26
0.0545015 	-0.000230542 	-0.0115977 	0
0.0549482 	-0.000257179 	-0.0119551 	0
0.055395 	-0.000283817 	-0.0123125 	0
0.0558417 	-0.000312952 	-0.0126497 	0
0.0562884 	-0.000343516 	-0.0129742 	0
0.0567352 	-0.00037461 	-0.0132922 	0
0.0571819 	-0.000409074 	-0.0135667 	0
0.0576286 	-0.000443538 	-0.0138413 	0
0.0580754 	-0.000480307 	-0.0140702 	0
0.0585221 	-0.000518413 	-0.014274 	0
0.0589688 	-0.00055691 	-0.0144625 	0
0.0594156 	-0.000598197 	-0.0145704 	0
0.0598623 	-0.000639484 	-0.0146782 	0
0.060309 	-0.000682309 	-0.0147024 	0
0.0607558 	-0.000726158 	-0.0146857 	0
0.0612025 	-0.000770144 	-0.0146411 	0
0.0616492 	-0.000816074 	-0.0144743 	0
0.062096 	-0.000862004 	-0.0143075 	0
0.0625427 	-0.000910539 	-0.0140294 	0
0.0629894 	-0.000960686 	-0.0137035 	0
0.0634362 	-0.00101377 	-0.0133438 	0
0.0638829 	-0.00107964 	-0.0128575 	0
0.0643296 	-0.00114551 	-0.0123712 	0
0.0647764 	-0.00119317 	-0.0116894 	0
0.0652231 	-0.00123189 	-0.0109305 	0
0.0656698 	-0.0012171 	-0.0100309 	0
0.0661166 	-0.00101589 	-0.00867046 	0
0.0665633 	-0.000814675 	-0.00731005 	0
0.0670101 	-0.000563775 	-0.00557466 	0
0.0674568 	-0.000311498 	-0.00373253 	0
0.0679035 	-0.000113268 	-0.00210765 	0
0.0683503 	-6.17873e-05 	-0.00115094 	0
0.068797 	-1.03063e-05 	-0.000194222 	0
0.0692437 	8.26426e-08 	-3.70935e-07 	0
0.0696905 	3.38604e-08 	-3.35184e-07 	0
0.0701372 	-5.79967e-09 	-3.10761e-07 	0
0.0705839 	-2.33027e-08 	-3.12439e-07 	0
0.0710307 	-4.08057e-08 	-3.14117e-07 	0
0.0714774 	-5.03383e-08 	-3.14382e-07 	0
0.0719241 	-5.787e-08 	-3.14601e-07 	0
0.0723709 	-6.36738e-08 	-3.14966e-07 	0
0.0728176 	-6.58143e-08 	-3.16034e-07 	0
0.0732643 	-6.79547e-08 	-3.17101e-07 	0
0.0737111 	-6.78148e-08 	-3.19208e-07 	0
0.0741578 	-6.72465e-08 	-3.21602e-07 	0
0.0746045 	-6.62134e-08 	-3.24399e-07 	-1.22647e-29
0.0750513 	-6.43803e-08 	-3.28056e-07 	-5.11892e-29
0.075498 	-6.25472e-08 	-3.31713e-07 	-9.01138e-29
0.0759447 	-6.02472e-08 	-3.36282e-07 	-1.29299e-28
0.0763915 	-5.78998e-08 	-3.41022e-07 	-1.62215e-28
0.0768382 	-5.54782e-08 	-3.46091e-07 	-1.68146e-28
0.0772849 	-5.29905e-08 	-3.51742e-07 	-1.29222e-28
0.0777317 	-5.05028e-08 	-3.57393e-07 	-9.02973e-29
0.0781784 	-4.80273e-08 	-3.63726e-07 	-5.23391e-29
0.0786251 	-4.55753e-08 	-3.70153e-07 	-1.94233e-29
0.0790719 	-4.31497e-08 	-3.76848e-07 	0
0.0795186 	-4.0807e-08 	-3.83954e-07 	0
0.0799653 	-3.84644e-08 	-3.91059e-07 	0
0.0804121 	-3.62258e-08 	-3.98716e-07 	0
0.0808588 	-3.40144e-08 	-4.06429e-07 	0
0.0813055 	-3.18426e-08 	-4.14375e-07 	-1.15391e-29
0.0817523 	-2.9758e-08 	-4.22645e-07 	-4.11197e-29
0.082199 	-2.76734e-08 	-4.30915e-07 	-7.07003e-29
0.0826457 	-2.56788e-08 	-4.3967e-07 	-9.73136e-29
0.0830925 	-2.37042e-08 	-4.48461e-07 	-1.22348e-28
0.0835392 	-2.17568e-08 	-4.57472e-07 	-1.14296e-28
0.0839859 	-1.98696e-08 	-4.66759e-07 	-6.32787e-29
0.0844327 	-1.79824e-08 	-4.76047e-07 	-1.22609e-29
0.0848794 	-1.61439e-08 	-4.85791e-07 	3.35871e-29
0.0853261 	-1.43192e-08 	-4.95558e-07 	7.73809e-29
0.0857729 	-1.25011e-08 	-5.05543e-07 	9.02712e-29
0.0862196 	-1.0713e-08 	-5.15778e-07 	6.8834e-29
0.0866663 	-8.92498e-09 	-5.26013e-07 	4.73969e-29
0.0871131 	-7.13719e-09 	-5.36689e-07 	2.79526e-29
0.0875598 	-5.35983e-09 	-5.47376e-07 	9.19361e-30
0.0880065 	-3.56977e-09 	-4.49726e-07 	0
0.0884533 	-1.78751e-09 	-2.27456e-07 	0
0.0889 	0 	0 	0
