0 	506.15 	-1.02505e-05
0.000446734 	506.127 	-1.02547e-05
0.000893467 	506.105 	-1.02589e-05
0.0013402 	506.082 	-1.02674e-05
0.00178693 	506.059 	-1.028e-05
0.00223367 	506.037 	-1.02927e-05
0.0026804 	506.014 	-1.03131e-05
0.00312714 	505.992 	-1.03334e-05
0.00357387 	505.969 	-1.03597e-05
0.0040206 	505.947 	-1.0391e-05
0.00446734 	505.925 	-1.04235e-05
0.00491407 	505.903 	-1.04772e-05
0.0053608 	505.881 	-1.05309e-05
0.00580754 	505.86 	-1.06046e-05
0.00625427 	505.839 	-1.06939e-05
0.00670101 	505.817 	-1.07861e-05
0.00714774 	505.797 	-1.09158e-05
0.00759447 	505.776 	-1.10455e-05
0.00804121 	505.756 	-1.11965e-05
0.00848794 	505.736 	-1.13624e-05
0.00893467 	505.716 	-1.15314e-05
0.00938141 	505.697 	-1.17274e-05
0.00982814 	505.678 	-1.19234e-05
0.0102749 	505.66 	-1.21372e-05
0.0107216 	505.642 	-1.23622e-05
0.0111683 	505.625 	-1.25918e-05
0.0116151 	505.608 	-1.28535e-05
0.0120618 	505.591 	-1.31152e-05
0.0125085 	505.575 	-1.34104e-05
0.0129553 	505.56 	-1.37248e-05
0.013402 	505.545 	-1.40502e-05
0.0138487 	505.531 	-1.44387e-05
0.0142955 	505.517 	-1.48272e-05
0.0147422 	505.504 	-1.52802e-05
0.0151889 	505.491 	-1.57659e-05
0.0156357 	505.479 	-1.62721e-05
0.0160824 	505.468 	-1.68745e-05
0.0165291 	505.457 	-1.74769e-05
0.0169759 	505.446 	-1.8167e-05
0.0174226 	505.437 	-1.8897e-05
0.0178693 	505.427 	-1.96523e-05
0.0183161 	505.419 	-2.05091e-05
0.0187628 	505.411 	-2.13658e-05
0.0192095 	505.403 	-2.23033e-05
0.0196563 	505.396 	-2.32734e-05
0.020103 	505.389 	-2.42635e-05
0.0205497 	505.383 	-2.53227e-05
0.0209965 	505.377 	-2.63818e-05
0.0214432 	505.372 	-2.74834e-05
0.0218899 	505.367 	-2.86e-05
0.0223367 	505.363 	-2.97222e-05
0.0227834 	505.358 	-3.0861e-05
0.0232302 	505.354 	-3.19997e-05
0.0236769 	505.351 	-3.31282e-05
0.0241236 	505.348 	-3.42534e-05
0.0245704 	505.344 	-3.53655e-05
0.0250171 	505.342 	-3.64429e-05
0.0254638 	505.339 	-3.75203e-05
0.0259106 	505.337 	-3.85353e-05
0.0263573 	505.334 	-3.95334e-05
0.026804 	505.332 	-4.04991e-05
0.0272508 	505.33 	-4.13892e-05
0.0276975 	505.328 	-4.22794e-05
0.0281442 	505.327 	-4.30611e-05
0.028591 	505.325 	-4.38178e-05
0.0290377 	505.324 	-4.45238e-05
0.0294844 	505.322 	-4.51245e-05
0.0299312 	505.321 	-4.57252e-05
0.0303779 	505.32 	-4.61792e-05
0.0308246 	505.318 	-4.66046e-05
0.0312714 	505.317 	-4.69631e-05
0.0317181 	505.316 	-4.71972e-05
0.0321648 	505.315 	-4.74314e-05
0.0326116 	505.314 	-4.74896e-05
0.0330583 	505.312 	-4.75197e-05
0.033505 	505.311 	-4.747e-05
0.0339518 	505.31 	-4.7287e-05
0.0343985 	505.309 	-4.7104e-05
0.0348452 	505.308 	-4.67267e-05
0.035292 	505.307 	-4.63248e-05
0.0357387 	505.305 	-4.58347e-05
0.0361854 	505.304 	-4.52124e-05
0.0366322 	505.303 	-4.45901e-05
0.0370789 	505.302 	-4.37697e-05
0.0375256 	505.3 	-4.29303e-05
0.0379724 	505.299 	-4.20022e-05
0.0384191 	505.297 	-4.09539e-05
0.0388658 	505.296 	-3.99057e-05
0.0393126 	505.294 	-3.86742e-05
0.0397593 	505.293 	-3.74306e-05
0.040206 	505.291 	-3.61076e-05
0.0406528 	505.289 	-3.46878e-05
0.0410995 	505.288 	-3.3268e-05
0.0415462 	505.286 	-3.17034e-05
0.041993 	505.284 	-3.01331e-05
0.0424397 	505.282 	-2.85066e-05
0.0428864 	505.28 	-2.68181e-05
0.0433332 	505.277 	-2.51296e-05
0.0437799 	505.275 	-2.3363e-05
0.0442266 	505.273 	-2.15953e-05
0.0446734 	505.27 	-1.98106e-05
0.0451201 	505.268 	-1.80089e-05
0.0455668 	505.265 	-1.62074e-05
0.0460136 	505.263 	-1.44218e-05
0.0464603 	505.26 	-1.26363e-05
0.046907 	505.257 	-1.08871e-05
0.0473538 	505.254 	-9.17083e-06
0.0478005 	505.251 	-7.45917e-06
0.0482472 	505.248 	-5.86557e-06
0.048694 	505.244 	-4.27198e-06
0.0491407 	505.241 	-2.77324e-06
0.0495874 	505.238 	-1.35211e-06
0.0500342 	505.234 	5.56475e-08
0.0504809 	505.23 	1.26275e-06
0.0509276 	505.227 	2.46985e-06
0.0513744 	505.223 	3.53765e-06
0.0518211 	505.219 	4.50249e-06
0.0522678 	505.215 	5.44526e-06
0.0527146 	505.211 	6.15778e-06
0.0531613 	505.207 	6.87031e-06
0.053608 	505.202 	7.43818e-06
0.0540548 	505.198 	7.90962e-06
0.0545015 	505.193 	8.35757e-06
0.0549482 	505.189 	8.62021e-06
0.055395 	505.184 	8.88285e-06
0.0558417 	505.18 	9.04529e-06
0.0562884 	505.175 	9.14761e-06
0.0567352 	505.17 	9.2355e-06
0.0571819 	505.165 	9.23293e-06
0.0576286 	505.16 	9.23037e-06
0.0580754 	505.155 	9.19302e-06
0.0585221 	505.15 	9.13694e-06
0.0589688 	505.145 	9.07842e-06
0.0594156 	505.139 	9.00732e-06
0.0598623 	505.134 	8.93623e-06
0.060309 	505.128 	8.87005e-06
0.0607558 	505.123 	8.80624e-06
0.0612025 	505.117 	8.74537e-06
0.0616492 	505.111 	8.69726e-06
0.062096 	505.105 	8.64916e-06
0.0625427 	505.099 	8.6122e-06
0.0629894 	505.093 	8.58002e-06
0.0634362 	505.087 	8.55083e-06
0.0638829 	505.081 	8.53273e-06
0.0643296 	505.074 	8.51463e-06
0.0647764 	505.064 	8.50771e-06
0.0652231 	505.053 	8.50503e-06
0.0656698 	505.036 	8.50566e-06
0.0661166 	505.002 	8.51695e-06
0.0665633 	504.967 	8.52824e-06
0.0670101 	504.92 	9.11108e-06
0.0674568 	504.867 	9.88444e-06
0.0679035 	504.815 	1.08586e-05
0.0683503 	504.761 	1.23971e-05
0.068797 	504.708 	1.39356e-05
0.0692437 	504.654 	1.54835e-05
0.0696905 	504.6 	1.70342e-05
0.0701372 	504.546 	1.85855e-05
0.0705839 	504.491 	2.01383e-05
0.0710307 	504.436 	2.16911e-05
0.0714774 	504.381 	2.32364e-05
0.0719241 	504.326 	2.47799e-05
0.0723709 	504.27 	2.63168e-05
0.0728176 	504.214 	2.78392e-05
0.0732643 	504.159 	2.93616e-05
0.0737111 	504.102 	3.08571e-05
0.0741578 	504.046 	3.23469e-05
0.0746045 	503.99 	3.38217e-05
0.0750513 	503.933 	3.52675e-05
0.075498 	503.877 	3.67132e-05
0.0759447 	503.82 	3.8112e-05
0.0763915 	503.763 	3.95025e-05
0.0768382 	503.706 	4.0869e-05
0.0772849 	503.649 	4.21933e-05
0.0777317 	503.592 	4.35176e-05
0.0781784 	503.535 	4.47744e-05
0.0786251 	503.478 	4.60216e-05
0.0790719 	503.421 	4.72345e-05
0.0795186 	503.363 	4.83935e-05
0.0799653 	503.306 	4.95525e-05
0.0804121 	503.249 	5.06222e-05
0.0808588 	503.191 	5.1682e-05
0.0813055 	503.134 	5.26964e-05
0.0817523 	503.076 	5.3646e-05
0.082199 	503.018 	5.45957e-05
0.0826457 	502.961 	5.54333e-05
0.0830925 	502.903 	5.62619e-05
0.0835392 	502.845 	5.70328e-05
0.0839859 	502.787 	5.77297e-05
0.0844327 	502.729 	5.84265e-05
0.0848794 	502.672 	5.89887e-05
0.0853261 	502.614 	5.95437e-05
0.0857729 	502.556 	6.0029e-05
0.0862196 	502.498 	6.04331e-05
0.0866663 	502.44 	6.08373e-05
0.0871131 	502.382 	6.10871e-05
0.0875598 	502.324 	6.13329e-05
0.0880065 	502.266 	6.14992e-05
0.0884533 	502.208 	6.15818e-05
0.0889 	502.15 	6.16643e-05
