0 	0 	0 	0
0.000446734 	-1.87689e-05 	0.000449881 	-6.32146e-27
0.000893467 	-3.75378e-05 	0.000899762 	-1.26429e-26
0.0013402 	-7.11322e-05 	0.00117317 	-1.41179e-26
0.00178693 	-0.000118829 	0.00127871 	-1.09827e-26
0.00223367 	-0.000166551 	0.00137951 	-7.8463e-27
0.0026804 	-0.000215277 	0.00129538 	-4.65998e-27
0.00312714 	-0.000264003 	0.00121124 	-1.47367e-27
0.00357387 	-0.000299965 	0.00107997 	0
0.0040206 	-0.000324945 	0.000908133 	0
0.00446734 	-0.00034829 	0.000734957 	0
0.00491407 	-0.00034058 	0.000536303 	0
0.0053608 	-0.00033287 	0.00033765 	0
0.00580754 	-0.00030903 	0.000148046 	0
0.00625427 	-0.000272643 	-3.4518e-05 	0
0.00670101 	-0.000235022 	-0.000213575 	-4.58983e-28
0.00714774 	-0.000182178 	-0.000349368 	-6.57876e-27
0.00759447 	-0.000129333 	-0.000485162 	-1.26985e-26
0.00804121 	-7.51963e-05 	-0.000585136 	-1.85663e-26
0.00848794 	-2.01526e-05 	-0.000659962 	-2.42572e-26
0.00893467 	3.40412e-05 	-0.000729138 	-2.8767e-26
0.00938141 	8.05846e-05 	-0.000747466 	-2.26473e-26
0.00982814 	0.000127128 	-0.000765795 	-1.65275e-26
0.0102749 	0.00016556 	-0.000759945 	-1.06704e-26
0.0107216 	0.000198861 	-0.000738797 	-4.97952e-27
0.0111683 	0.000230546 	-0.000715169 	-2.84268e-28
0.0116151 	0.000250919 	-0.000674175 	-2.55841e-27
0.0120618 	0.000271293 	-0.000633181 	-4.83256e-27
0.0125085 	0.000285329 	-0.000589305 	-7.01365e-27
0.0129553 	0.000295761 	-0.00054379 	-9.14184e-27
0.013402 	0.000305241 	-0.000498934 	-1.06097e-26
0.0138487 	0.000309321 	-0.000457813 	-8.33553e-27
0.0142955 	0.000313402 	-0.000416692 	-6.06139e-27
0.0147422 	0.000315322 	-0.00038075 	-3.88394e-27
0.0151889 	0.000316142 	-0.000347447 	-1.75575e-27
0.0156357 	0.000316788 	-0.000315497 	0
0.0160824 	0.000316616 	-0.000289933 	0
0.0165291 	0.000316443 	-0.000264369 	0
0.0169759 	0.000316635 	-0.000242925 	0
0.0174226 	0.000316993 	-0.000223353 	0
0.0178693 	0.000317652 	-0.000204547 	0
0.0183161 	0.000319516 	-0.000188803 	0
0.0187628 	0.000321379 	-0.000173058 	0
0.0192095 	0.000324734 	-0.000158676 	0
0.0196563 	0.000328691 	-0.000144842 	0
0.020103 	0.000333178 	-0.00013112 	0
0.0205497 	0.000339489 	-0.000117782 	0
0.0209965 	0.000345801 	-0.000104443 	0
0.0214432 	0.000353809 	-9.08121e-05 	0
0.0218899 	0.000362422 	-7.70763e-05 	0
0.0223367 	0.000371515 	-6.31282e-05 	-2.76202e-28
0.0227834 	0.00038205 	-4.8543e-05 	-1.38101e-27
0.0232302 	0.000392585 	-3.39579e-05 	-2.48581e-27
0.0236769 	0.000404047 	-1.86455e-05 	-3.51589e-27
0.0241236 	0.000415797 	-3.1066e-06 	-4.52269e-27
0.0245704 	0.000427618 	1.26448e-05 	-4.94879e-27
0.0250171 	0.000439625 	2.89563e-05 	-3.84399e-27
0.0254638 	0.000451632 	4.52677e-05 	-2.73918e-27
0.0259106 	0.00046294 	6.18141e-05 	-3.01093e-27
0.0263573 	0.000474061 	7.84239e-05 	-3.65413e-27
0.026804 	0.000484535 	9.48752e-05 	-4.54954e-27
0.0272508 	0.000493498 	0.000110957 	-6.03341e-27
0.0276975 	0.000502462 	0.000127038 	-7.51728e-27
0.0281442 	0.000508656 	0.000141691 	-6.45488e-27
0.028591 	0.000514212 	0.000156014 	-4.80488e-27
0.0290377 	0.0005183 	0.000169226 	-3.20887e-27
0.0294844 	0.00051934 	0.000180129 	-1.725e-27
0.0299312 	0.00052038 	0.000191032 	-2.41129e-28
0.0303779 	0.000516892 	0.000197342 	0
0.0308246 	0.000512526 	0.000202761 	0
0.0312714 	0.00050604 	0.000205446 	0
0.0317181 	0.000495619 	0.000203051 	0
0.0321648 	0.000485197 	0.000200656 	0
0.0326116 	0.000469208 	0.000189566 	-1.38165e-27
0.0330583 	0.00045233 	0.00017709 	-2.98356e-27
0.033505 	0.000432993 	0.000160252 	-4.51665e-27
0.0339518 	0.000409556 	0.000136142 	-5.93504e-27
0.0343985 	0.000386119 	0.000112033 	-7.35343e-27
0.0348452 	0.00035717 	7.78241e-05 	-6.0913e-27
0.035292 	0.000327523 	4.23354e-05 	-4.48939e-27
0.0357387 	0.000295851 	3.82333e-06 	-2.96088e-27
0.0361854 	0.000261142 	-3.92236e-05 	-1.5425e-27
0.0366322 	0.000226432 	-8.22705e-05 	-1.24109e-28
0.0370789 	0.000189121 	-0.000123104 	2.49693e-28
0.0375256 	0.000151561 	-0.000163724 	5.23329e-28
0.0379724 	0.000114564 	-0.000194917 	8.02939e-28
0.0384191 	7.83296e-05 	-0.000213355 	1.09063e-27
0.0388658 	4.20949e-05 	-0.000231792 	1.37832e-27
0.0393126 	2.36234e-05 	-0.000197153 	1.13977e-27
0.0397593 	6.33606e-06 	-0.000158975 	8.66136e-28
0.040206 	-2.94157e-06 	-0.000116806 	5.86174e-28
0.0406528 	-2.42962e-06 	-6.97582e-05 	2.98481e-28
0.0410995 	-1.91766e-06 	-2.27109e-05 	1.07885e-29
0.0415462 	-1.23738e-06 	-1.28508e-05 	0
0.041993 	-5.50538e-07 	-4.43965e-06 	0
0.0424397 	-2.02805e-07 	-2.15286e-08 	0
0.0428864 	-2.29874e-07 	-1.67934e-08 	0
0.0433332 	-2.56942e-07 	-1.20582e-08 	0
0.0437799 	-2.59092e-07 	-8.99142e-09 	-2.1128e-30
0.0442266 	-2.60927e-07 	-5.94579e-09 	-4.25235e-30
0.0446734 	-2.6272e-07 	-3.43394e-09 	-6.76622e-30
0.0451201 	-2.64472e-07 	-1.45587e-09 	-9.65441e-30
0.0455668 	-2.66221e-07 	5.12396e-10 	-1.24797e-29
0.0460136 	-2.67772e-07 	1.70576e-09 	-1.03402e-29
0.0464603 	-2.69323e-07 	2.89913e-09 	-8.20065e-30
0.046907 	-2.70756e-07 	3.79294e-09 	-5.66807e-30
0.0473538 	-2.72083e-07 	4.4157e-09 	-2.77988e-30
0.0478005 	-2.73401e-07 	5.02247e-09 	1.79598e-31
0.0482472 	-2.74512e-07 	5.21866e-09 	4.96888e-30
0.048694 	-2.75624e-07 	5.41484e-09 	9.75816e-30
0.0491407 	-2.76622e-07 	5.42989e-09 	1.48585e-29
0.0495874 	-2.77529e-07 	5.29673e-09 	2.02134e-29
0.0500342 	-2.78423e-07 	5.1473e-09 	2.49343e-29
0.0504809 	-2.7913e-07 	4.75391e-09 	2.0145e-29
0.0509276 	-2.79837e-07 	4.36052e-09 	1.53557e-29
0.0513744 	-2.80429e-07 	3.84749e-09 	1.7635e-29
0.0518211 	-2.80937e-07 	3.24601e-09 	2.51389e-29
0.0522678 	-2.81426e-07 	2.62993e-09 	3.32005e-29
0.0527146 	-2.8173e-07 	1.86155e-09 	4.70772e-29
0.0531613 	-2.82034e-07 	1.09316e-09 	6.0954e-29
0.053608 	-2.82213e-07 	2.44667e-10 	5.87894e-29
0.0540548 	-2.82309e-07 	-6.57234e-10 	4.59306e-29
0.0545015 	-2.82381e-07 	-1.57108e-09 	3.29573e-29
0.0549482 	-2.82265e-07 	-2.57914e-09 	1.90805e-29
0.055395 	-2.82149e-07 	-3.5872e-09 	5.20379e-30
0.0558417 	-2.81898e-07 	-4.64764e-09 	0
0.0562884 	-2.81565e-07 	-5.73951e-09 	0
0.0567352 	-2.81203e-07 	-6.84041e-09 	0
0.0571819 	-2.80653e-07 	-7.99802e-09 	0
0.0576286 	-2.80102e-07 	-9.15563e-09 	0
0.0580754 	-2.79409e-07 	-1.03467e-08 	0
0.0585221 	-2.78638e-07 	-1.15557e-08 	0
0.0589688 	-2.77832e-07 	-1.27714e-08 	-3.25066e-30
0.0594156 	-2.76841e-07 	-1.40209e-08 	-2.32547e-29
0.0598623 	-2.7585e-07 	-1.52704e-08 	-4.32588e-29
0.060309 	-2.7471e-07 	-1.65418e-08 	-6.39502e-29
0.0607558 	-2.73499e-07 	-1.78237e-08 	-8.49726e-29
0.0612025 	-2.72246e-07 	-1.91107e-08 	-9.83024e-29
0.0616492 	-2.70815e-07 	-2.04196e-08 	-7.82984e-29
0.062096 	-2.69383e-07 	-2.17285e-08 	-5.82943e-29
0.0625427 	-2.67797e-07 	-2.30539e-08 	-3.75774e-29
0.0629894 	-2.66145e-07 	-2.43866e-08 	-1.65551e-29
0.0634362 	-2.64447e-07 	-2.5724e-08 	0
0.0638829 	-2.62575e-07 	-2.70791e-08 	0
0.0643296 	-2.60704e-07 	-2.84343e-08 	0
0.0647764 	-2.58672e-07 	-2.98062e-08 	0
0.0652231 	-2.56581e-07 	-3.11845e-08 	0
0.0656698 	-2.54436e-07 	-3.25688e-08 	-3.10709e-30
0.0661166 	-2.52123e-07 	-3.39723e-08 	-1.61896e-29
0.0665633 	-2.4981e-07 	-3.53759e-08 	-2.92721e-29
0.0670101 	-2.4733e-07 	-3.68011e-08 	-4.27422e-29
0.0674568 	-2.44795e-07 	-3.82336e-08 	-5.63415e-29
0.0679035 	-2.422e-07 	-3.96749e-08 	-6.29368e-29
0.0683503 	-2.3944e-07 	-4.11412e-08 	-4.98543e-29
0.068797 	-2.36679e-07 	-4.26075e-08 	-3.67718e-29
0.0692437 	-2.33741e-07 	-4.41049e-08 	-2.32888e-29
0.0696905 	-2.30752e-07 	-4.56113e-08 	-9.68951e-30
0.0701372 	-2.27696e-07 	-4.71314e-08 	0
0.0705839 	-2.24474e-07 	-4.86855e-08 	0
0.0710307 	-2.21253e-07 	-5.02395e-08 	0
0.0714774 	-2.1784e-07 	-5.18388e-08 	-1.25184e-29
0.0719241 	-2.1438e-07 	-5.34494e-08 	-2.81664e-29
0.0723709 	-2.10844e-07 	-5.5081e-08 	-4.3971e-29
0.0728176 	-2.07139e-07 	-5.67586e-08 	-6.01204e-29
0.0732643 	-2.03434e-07 	-5.84362e-08 	-7.62698e-29
0.0737111 	-1.99522e-07 	-6.0179e-08 	-6.61863e-29
0.0741578 	-1.95565e-07 	-6.19357e-08 	-5.05383e-29
0.0746045 	-1.9152e-07 	-6.37239e-08 	-3.47211e-29
0.0750513 	-1.87302e-07 	-6.55738e-08 	-1.85718e-29
0.075498 	-1.83084e-07 	-6.74237e-08 	-2.42241e-30
0.0759447 	-1.78635e-07 	-6.93668e-08 	0
0.0763915 	-1.74147e-07 	-7.13264e-08 	0
0.0768382 	-1.69556e-07 	-7.33328e-08 	0
0.0772849 	-1.64786e-07 	-7.54215e-08 	0
0.0777317 	-1.60016e-07 	-7.75102e-08 	0
0.0781784 	-1.5499e-07 	-7.97321e-08 	0
0.0786251 	-1.49928e-07 	-8.19729e-08 	0
0.0790719 	-1.44748e-07 	-8.42834e-08 	0
0.0795186 	-1.39382e-07 	-8.67039e-08 	0
0.0799653 	-1.34017e-07 	-8.91244e-08 	0
0.0804121 	-1.28369e-07 	-9.17363e-08 	0
0.0808588 	-1.22691e-07 	-9.43695e-08 	0
0.0813055 	-1.1688e-07 	-9.71067e-08 	0
0.0817523 	-1.10881e-07 	-9.99921e-08 	0
0.082199 	-1.04881e-07 	-1.02877e-07 	0
0.0826457 	-9.85837e-08 	-1.0604e-07 	0
0.0830925 	-9.22617e-08 	-1.09225e-07 	0
0.0835392 	-8.58012e-08 	-1.12565e-07 	0
0.0839859 	-7.91627e-08 	-1.16105e-07 	0
0.0844327 	-7.25241e-08 	-1.19645e-07 	0
0.0848794 	-6.56031e-08 	-1.23582e-07 	0
0.0853261 	-5.86673e-08 	-1.2754e-07 	0
0.0857729 	-5.16117e-08 	-1.31723e-07 	0
0.0862196 	-4.4417e-08 	-1.36167e-07 	0
0.0866663 	-3.72223e-08 	-1.40611e-07 	0
0.0871131 	-2.98355e-08 	-1.45588e-07 	0
0.0875598 	-2.24439e-08 	-1.50579e-07 	0
0.0880065 	-1.49995e-08 	-1.23125e-07 	0
0.0884533 	-7.49976e-09 	-6.15626e-08 	0
0.0889 	-2.34912e-22 	-2.25835e-21 	0
