0 	0 	0 	0
0.000446734 	1.77001e-05 	0.000755202 	-7.17986e-26
0.000893467 	3.44793e-05 	0.00145661 	-1.2312e-25
0.0013402 	3.25902e-05 	0.00166152 	-1.12891e-25
0.00178693 	2.97328e-05 	0.00173799 	-8.74183e-26
0.00223367 	1.54337e-05 	0.00160966 	-4.08687e-26
0.0026804 	6.23611e-06 	0.00133156 	-1.50205e-26
0.00312714 	-3.83658e-06 	0.00100635 	0
0.00357387 	5.91966e-06 	0.000602017 	0
0.0040206 	1.4259e-05 	0.000195393 	2.2618e-27
0.00446734 	4.23382e-05 	-0.000173935 	0
0.00491407 	7.04844e-05 	-0.000540725 	0
0.0053608 	9.67606e-05 	-0.000798344 	-3.32381e-26
0.00580754 	0.000120149 	-0.00102463 	-8.26012e-26
0.00625427 	0.000133974 	-0.00115846 	-1.43884e-25
0.00670101 	0.000132702 	-0.0012202 	-1.90155e-25
0.00714774 	0.000128277 	-0.00124182 	-1.99341e-25
0.00759447 	0.000101408 	-0.00118611 	-1.28051e-25
0.00804121 	7.49649e-05 	-0.00112263 	-3.19108e-26
0.00848794 	3.57979e-05 	-0.00101979 	3.97806e-26
0.00893467 	-6.50204e-06 	-0.00091549 	1.06773e-25
0.00938141 	-4.87595e-05 	-0.000809962 	9.05013e-26
0.00982814 	-9.56421e-05 	-0.000705651 	6.85741e-26
0.0102749 	-0.0001376 	-0.000612344 	3.08519e-26
0.0107216 	-0.000181104 	-0.000526972 	1.01301e-26
0.0111683 	-0.000219488 	-0.000448234 	4.06267e-27
0.0116151 	-0.000254488 	-0.000382133 	2.08146e-26
0.0120618 	-0.000286804 	-0.000317013 	3.31273e-26
0.0125085 	-0.000310512 	-0.000264232 	6.48431e-26
0.0129553 	-0.000334899 	-0.000211242 	9.83893e-26
0.013402 	-0.000346828 	-0.000164012 	1.05513e-25
0.0138487 	-0.000358551 	-0.00011833 	1.18626e-25
0.0142955 	-0.000363649 	-7.30302e-05 	1.11918e-25
0.0147422 	-0.00036445 	-2.9475e-05 	9.41113e-26
0.0151889 	-0.000363122 	1.57291e-05 	7.76073e-26
0.0156357 	-0.000355013 	6.11701e-05 	4.77427e-26
0.0160824 	-0.000348444 	0.000108211 	2.79568e-26
0.0165291 	-0.000333749 	0.000158696 	3.90858e-26
0.0169759 	-0.000317484 	0.000209051 	5.35011e-26
0.0174226 	-0.000303947 	0.000266407 	8.20175e-26
0.0178693 	-0.000284703 	0.000323316 	1.0507e-25
0.0183161 	-0.000267793 	0.000383988 	9.89531e-26
0.0187628 	-0.000244875 	0.000444754 	8.38135e-26
0.0192095 	-0.000225594 	0.000504548 	6.3002e-26
0.0196563 	-0.000198324 	0.000559139 	5.73069e-26
0.020103 	-0.00017541 	0.000610517 	5.57012e-26
0.0205497 	-0.000142 	0.000637957 	7.65884e-26
0.0209965 	-0.000102948 	0.000661245 	1.03987e-25
0.0214432 	-7.29235e-05 	0.000639578 	1.13729e-25
0.0218899 	-3.25355e-05 	0.00060997 	1.15891e-25
0.0223367 	8.38743e-06 	0.000519815 	9.4136e-26
0.0227834 	5.18855e-05 	0.000408228 	6.33504e-26
0.0232302 	9.3276e-05 	0.000253007 	3.10163e-26
0.0236769 	0.000127595 	6.41037e-05 	1.14966e-26
0.0241236 	0.00016096 	-0.000140121 	0
0.0245704 	0.000167181 	-0.000348412 	0
0.0250171 	0.000177104 	-0.000554431 	0
0.0254638 	0.000137353 	-0.000671258 	0
0.0259106 	9.38244e-05 	-0.000775259 	0
0.0263573 	5.52286e-05 	-0.000673552 	0
0.026804 	1.6474e-05 	-0.000502532 	0
0.0272508 	2.72637e-06 	-0.000273644 	0
0.0276975 	1.02811e-06 	-9.64038e-05 	0
0.0281442 	1.14493e-07 	-1.40086e-07 	0
0.028591 	1.33557e-07 	-9.36452e-08 	0
0.0290377 	1.5112e-07 	-5.70799e-08 	0
0.0294844 	1.5551e-07 	-5.63773e-08 	0
0.0299312 	1.59256e-07 	-5.56018e-08 	0
0.0303779 	1.58831e-07 	-5.67293e-08 	-1.57149e-29
0.0308246 	1.57942e-07 	-5.79492e-08 	-3.77993e-29
0.0312714 	1.56603e-07 	-6.02983e-08 	-5.51987e-29
0.0317181 	1.54662e-07 	-6.31054e-08 	-7.99191e-29
0.0321648 	1.52579e-07 	-6.6462e-08 	-8.70167e-29
0.0326116 	1.49872e-07 	-7.04022e-08 	-6.49323e-29
0.0330583 	1.47175e-07 	-7.45343e-08 	-4.87902e-29
0.033505 	1.43911e-07 	-7.9176e-08 	-2.40698e-29
0.0339518 	1.40652e-07 	-8.38247e-08 	0
0.0343985 	1.37081e-07 	-8.88246e-08 	0
0.0348452 	1.3344e-07 	-9.37964e-08 	0
0.035292 	1.29659e-07 	-9.88391e-08 	0
0.0357387 	1.25808e-07 	-1.03852e-07 	0
0.0361854 	1.21901e-07 	-1.08813e-07 	0
0.0366322 	1.17985e-07 	-1.13653e-07 	0
0.0370789 	1.1403e-07 	-1.18437e-07 	0
0.0375256 	1.10167e-07 	-1.22957e-07 	0
0.0379724 	1.06289e-07 	-1.27474e-07 	0
0.0384191 	1.02515e-07 	-1.31592e-07 	0
0.0388658 	9.87942e-08 	-1.35697e-07 	0
0.0393126 	9.51522e-08 	-1.39448e-07 	9.32189e-29
0.0397593 	9.16372e-08 	-1.43085e-07 	2.58105e-28
0.040206 	8.81683e-08 	-1.46462e-07 	4.37689e-28
0.0406528 	8.48988e-08 	-1.49608e-07 	7.83033e-28
0.0410995 	8.16223e-08 	-1.52607e-07 	1.00127e-27
0.0415462 	7.86193e-08 	-1.55261e-07 	9.58213e-28
0.041993 	7.55879e-08 	-1.57898e-07 	1.00607e-27
0.0424397 	7.28185e-08 	-1.6006e-07 	6.42967e-28
0.0428864 	7.00886e-08 	-1.62237e-07 	2.38228e-28
0.0433332 	6.74994e-08 	-1.64039e-07 	1.16865e-28
0.0437799 	6.50383e-08 	-1.65764e-07 	-4.96288e-30
0.0442266 	6.26524e-08 	-1.67239e-07 	-9.48453e-29
0.0446734 	6.04483e-08 	-1.68544e-07 	-3.54501e-29
0.0451201 	5.82586e-08 	-1.69711e-07 	0
0.0455668 	5.62951e-08 	-1.70631e-07 	0
0.0460136 	5.43096e-08 	-1.7152e-07 	0
0.0464603 	5.25505e-08 	-1.7208e-07 	0
0.046907 	5.08079e-08 	-1.72652e-07 	0
0.0473538 	4.91837e-08 	-1.72949e-07 	0
0.0478005 	4.76416e-08 	-1.73209e-07 	0
0.0482472 	4.61631e-08 	-1.73291e-07 	0
0.048694 	4.48003e-08 	-1.73276e-07 	0
0.0491407 	4.34566e-08 	-1.73161e-07 	0
0.0495874 	4.22529e-08 	-1.72904e-07 	0
0.0500342 	4.10384e-08 	-1.72615e-07 	0
0.0504809 	3.99693e-08 	-1.72144e-07 	0
0.0509276 	3.89055e-08 	-1.71678e-07 	0
0.0513744 	3.79209e-08 	-1.71042e-07 	0
0.0518211 	3.69792e-08 	-1.70395e-07 	0
0.0522678 	3.60813e-08 	-1.6964e-07 	0
0.0527146 	3.52454e-08 	-1.68839e-07 	0
0.0531613 	3.44259e-08 	-1.67979e-07 	0
0.053608 	3.36811e-08 	-1.67049e-07 	0
0.0540548 	3.29328e-08 	-1.66095e-07 	0
0.0545015 	3.22656e-08 	-1.65059e-07 	0
0.0549482 	3.1598e-08 	-1.64022e-07 	0
0.055395 	3.09799e-08 	-1.62899e-07 	0
0.0558417 	3.03797e-08 	-1.61775e-07 	0
0.0562884 	2.98072e-08 	-1.60598e-07 	0
0.0567352 	2.92634e-08 	-1.59405e-07 	0
0.0571819 	2.87323e-08 	-1.58183e-07 	0
0.0576286 	2.82361e-08 	-1.56935e-07 	0
0.0580754 	2.77418e-08 	-1.55675e-07 	0
0.0585221 	2.72856e-08 	-1.54388e-07 	0
0.0589688 	2.68285e-08 	-1.53099e-07 	0
0.0594156 	2.64011e-08 	-1.51781e-07 	0
0.0598623 	2.59784e-08 	-1.50465e-07 	0
0.060309 	2.5573e-08 	-1.49133e-07 	0
0.0607558 	2.51782e-08 	-1.47799e-07 	0
0.0612025 	2.4793e-08 	-1.46458e-07 	0
0.0616492 	2.44212e-08 	-1.45116e-07 	0
0.062096 	2.40538e-08 	-1.43771e-07 	0
0.0625427 	2.37011e-08 	-1.42428e-07 	0
0.0629894 	2.33486e-08 	-1.41084e-07 	0
0.0634362 	2.30119e-08 	-1.39746e-07 	4.35947e-29
0.0638829 	2.26749e-08 	-1.38409e-07 	9.53656e-29
0.0643296 	2.2349e-08 	-1.37079e-07 	1.32559e-28
0.0647764 	2.20246e-08 	-1.35754e-07 	1.83218e-28
0.0652231 	2.17079e-08 	-1.34437e-07 	1.82869e-28
0.0656698 	2.13938e-08 	-1.33129e-07 	1.31098e-28
0.0661166 	2.1085e-08 	-1.31826e-07 	9.33748e-29
0.0665633 	2.07793e-08 	-1.3054e-07 	4.27156e-29
0.0670101 	2.04756e-08 	-1.29254e-07 	-1.68036e-29
0.0674568 	2.01781e-08 	-1.27993e-07 	0
0.0679035 	1.98791e-08 	-1.26732e-07 	0
0.0683503 	1.9588e-08 	-1.25492e-07 	0
0.068797 	1.92943e-08 	-1.2426e-07 	0
0.0692437 	1.9007e-08 	-1.23043e-07 	1.86763e-29
0.0696905 	1.87174e-08 	-1.21841e-07 	6.40899e-29
0.0701372 	1.84332e-08 	-1.20648e-07 	9.71372e-29
0.0705839 	1.81469e-08 	-1.19479e-07 	1.41582e-28
0.0710307 	1.78642e-08 	-1.18312e-07 	1.82911e-28
0.0714774 	1.75816e-08 	-1.17178e-07 	1.34578e-28
0.0719241 	1.72978e-08 	-1.16043e-07 	8.9164e-29
0.0723709 	1.70204e-08 	-1.14938e-07 	5.66233e-29
0.0728176 	1.67385e-08 	-1.1384e-07 	1.21786e-29
0.0732643 	1.64625e-08 	-1.12763e-07 	0
0.0737111 	1.6182e-08 	-1.11701e-07 	0
0.0741578 	1.59071e-08 	-1.10653e-07 	0
0.0746045 	1.56277e-08 	-1.0963e-07 	0
0.0750513 	1.53532e-08 	-1.08611e-07 	0
0.075498 	1.5075e-08 	-1.07626e-07 	0
0.0759447 	1.47966e-08 	-1.06642e-07 	0
0.0763915 	1.45236e-08 	-1.05691e-07 	0
0.0768382 	1.42456e-08 	-1.04746e-07 	0
0.0772849 	1.39732e-08 	-1.03826e-07 	0
0.0777317 	1.36955e-08 	-1.0292e-07 	0
0.0781784 	1.34234e-08 	-1.0203e-07 	0
0.0786251 	1.3146e-08 	-1.01164e-07 	0
0.0790719 	1.28741e-08 	-1.00304e-07 	0
0.0795186 	1.25969e-08 	-9.9478e-08 	0
0.0799653 	1.23208e-08 	-9.86518e-08 	0
0.0804121 	1.2048e-08 	-9.78625e-08 	0
0.0808588 	1.1771e-08 	-9.70763e-08 	0
0.0813055 	1.14993e-08 	-9.63174e-08 	1.99083e-29
0.0817523 	1.12224e-08 	-9.55711e-08 	5.6131e-29
0.082199 	1.09508e-08 	-9.48425e-08 	1.21369e-28
0.0826457 	1.06738e-08 	-9.4136e-08 	1.57028e-28
0.0830925 	1.04022e-08 	-9.34377e-08 	1.82369e-28
0.0835392 	1.01253e-08 	-9.27709e-08 	2.16162e-28
0.0839859 	9.85047e-09 	-9.2104e-08 	2.38982e-28
0.0844327 	9.57688e-09 	-9.14754e-08 	2.73749e-28
0.0848794 	9.3e-09 	-9.0848e-08 	3.07117e-28
0.0853261 	9.02841e-09 	-9.02494e-08 	2.69402e-28
0.0857729 	8.75155e-09 	-8.96613e-08 	1.99386e-28
0.0862196 	8.47994e-09 	-8.90924e-08 	1.11314e-28
0.0866663 	8.20309e-09 	-8.85433e-08 	4.22865e-29
0.0871131 	7.93145e-09 	-8.80042e-08 	0
0.0875598 	7.6546e-09 	-8.74939e-08 	0
0.0880065 	7.38062e-09 	-8.69843e-08 	0
0.0884533 	7.1061e-09 	-8.65127e-08 	5.78847e-29
0.0889 	6.82925e-09 	-8.60411e-08 	1.23639e-28
