0 	506.15 	7.17478e-05
0.000446734 	506.144 	7.17444e-05
0.000893467 	506.137 	7.1741e-05
0.0013402 	506.131 	7.17372e-05
0.00178693 	506.125 	7.17328e-05
0.00223367 	506.119 	7.17286e-05
0.0026804 	506.113 	7.17303e-05
0.00312714 	506.106 	7.1732e-05
0.00357387 	506.1 	7.17374e-05
0.0040206 	506.094 	7.1746e-05
0.00446734 	506.088 	7.17551e-05
0.00491407 	506.082 	7.17719e-05
0.0053608 	506.076 	7.17887e-05
0.00580754 	506.071 	7.18123e-05
0.00625427 	506.065 	7.18411e-05
0.00670101 	506.059 	7.18712e-05
0.00714774 	506.054 	7.19173e-05
0.00759447 	506.048 	7.19633e-05
0.00804121 	506.043 	7.20215e-05
0.00848794 	506.038 	7.20884e-05
0.00893467 	506.032 	7.2157e-05
0.00938141 	506.027 	7.22423e-05
0.00982814 	506.022 	7.23276e-05
0.0102749 	506.017 	7.2416e-05
0.0107216 	506.012 	7.25064e-05
0.0111683 	506.008 	7.25939e-05
0.0116151 	506.003 	7.26612e-05
0.0120618 	505.998 	7.27286e-05
0.0125085 	505.994 	7.27544e-05
0.0129553 	505.989 	7.27567e-05
0.013402 	505.985 	7.27417e-05
0.0138487 	505.981 	7.26287e-05
0.0142955 	505.976 	7.25158e-05
0.0147422 	505.972 	7.22945e-05
0.0151889 	505.968 	7.20179e-05
0.0156357 	505.964 	7.17063e-05
0.0160824 	505.961 	7.12294e-05
0.0165291 	505.957 	7.07525e-05
0.0169759 	505.953 	7.01255e-05
0.0174226 	505.95 	6.94302e-05
0.0178693 	505.946 	6.8692e-05
0.0183161 	505.943 	6.7782e-05
0.0187628 	505.939 	6.68719e-05
0.0192095 	505.936 	6.58259e-05
0.0196563 	505.933 	6.4725e-05
0.020103 	505.93 	6.35901e-05
0.0205497 	505.927 	6.23384e-05
0.0209965 	505.924 	6.10867e-05
0.0214432 	505.921 	5.97615e-05
0.0218899 	505.919 	5.84101e-05
0.0223367 	505.916 	5.70479e-05
0.0227834 	505.914 	5.56536e-05
0.0232302 	505.911 	5.42592e-05
0.0236769 	505.909 	5.28763e-05
0.0241236 	505.907 	5.14968e-05
0.0245704 	505.904 	5.01366e-05
0.0250171 	505.902 	4.88271e-05
0.0254638 	505.9 	4.75176e-05
0.0259106 	505.898 	4.63022e-05
0.0263573 	505.897 	4.51123e-05
0.026804 	505.895 	4.39709e-05
0.0272508 	505.893 	4.29429e-05
0.0276975 	505.891 	4.19149e-05
0.0281442 	505.89 	4.10463e-05
0.028591 	505.888 	4.02146e-05
0.0290377 	505.887 	3.94549e-05
0.0294844 	505.885 	3.88451e-05
0.0299312 	505.884 	3.82352e-05
0.0303779 	505.882 	3.7825e-05
0.0308246 	505.881 	3.74535e-05
0.0312714 	505.879 	3.71681e-05
0.0317181 	505.878 	3.70426e-05
0.0321648 	505.876 	3.69171e-05
0.0326116 	505.875 	3.70034e-05
0.0330583 	505.873 	3.71234e-05
0.033505 	505.872 	3.73323e-05
0.0339518 	505.87 	3.76892e-05
0.0343985 	505.869 	3.80461e-05
0.0348452 	505.867 	3.85991e-05
0.035292 	505.865 	3.9177e-05
0.0357387 	505.863 	3.98341e-05
0.0361854 	505.861 	4.06098e-05
0.0366322 	505.859 	4.13856e-05
0.0370789 	505.856 	4.23151e-05
0.0375256 	505.854 	4.32593e-05
0.0379724 	505.851 	4.42603e-05
0.0384191 	505.848 	4.5338e-05
0.0388658 	505.845 	4.64157e-05
0.0393126 	505.841 	4.75816e-05
0.0397593 	505.837 	4.87534e-05
0.040206 	505.833 	4.99484e-05
0.0406528 	505.828 	5.11717e-05
0.0410995 	505.823 	5.2395e-05
0.0415462 	505.817 	5.36252e-05
0.041993 	505.811 	5.48557e-05
0.0424397 	505.805 	5.60687e-05
0.0428864 	505.798 	5.72624e-05
0.0433332 	505.791 	5.84561e-05
0.0437799 	505.782 	5.95732e-05
0.0442266 	505.774 	6.06893e-05
0.0446734 	505.765 	6.17498e-05
0.0451201 	505.754 	6.27547e-05
0.0455668 	505.744 	6.3758e-05
0.0460136 	505.733 	6.46291e-05
0.0464603 	505.721 	6.55002e-05
0.046907 	505.708 	6.62966e-05
0.0473538 	505.695 	6.70254e-05
0.0478005 	505.681 	6.77491e-05
0.0482472 	505.666 	6.83415e-05
0.048694 	505.65 	6.89339e-05
0.0491407 	505.634 	6.94608e-05
0.0495874 	505.617 	6.99341e-05
0.0500342 	505.6 	7.04014e-05
0.0504809 	505.581 	7.07786e-05
0.0509276 	505.562 	7.11558e-05
0.0513744 	505.542 	7.14903e-05
0.0518211 	505.522 	7.17933e-05
0.0522678 	505.501 	7.20911e-05
0.0527146 	505.48 	7.23352e-05
0.0531613 	505.458 	7.25794e-05
0.053608 	505.436 	7.27922e-05
0.0540548 	505.413 	7.29842e-05
0.0545015 	505.39 	7.31703e-05
0.0549482 	505.366 	7.33108e-05
0.055395 	505.342 	7.34513e-05
0.0558417 	505.318 	7.35605e-05
0.0562884 	505.294 	7.36509e-05
0.0567352 	505.269 	7.37354e-05
0.0571819 	505.244 	7.37831e-05
0.0576286 	505.219 	7.38308e-05
0.0580754 	505.193 	7.38578e-05
0.0585221 	505.168 	7.38738e-05
0.0589688 	505.142 	7.38845e-05
0.0594156 	505.116 	7.3868e-05
0.0598623 	505.091 	7.38515e-05
0.060309 	505.058 	7.38528e-05
0.0607558 	505.022 	7.38628e-05
0.0612025 	504.985 	7.36343e-05
0.0616492 	504.94 	7.23731e-05
0.062096 	504.894 	7.11119e-05
0.0625427 	504.849 	6.89291e-05
0.0629894 	504.803 	6.63513e-05
0.0634362 	504.758 	6.37762e-05
0.0638829 	504.712 	6.12109e-05
0.0643296 	504.667 	5.86455e-05
0.0647764 	504.621 	5.61042e-05
0.0652231 	504.576 	5.35721e-05
0.0656698 	504.53 	5.10516e-05
0.0661166 	504.485 	4.85685e-05
0.0665633 	504.439 	4.60854e-05
0.0670101 	504.393 	4.36482e-05
0.0674568 	504.348 	4.12262e-05
0.0679035 	504.302 	3.88229e-05
0.0683503 	504.256 	3.64717e-05
0.068797 	504.211 	3.41204e-05
0.0692437 	504.165 	3.183e-05
0.0696905 	504.119 	2.95571e-05
0.0701372 	504.073 	2.73087e-05
0.0705839 	504.028 	2.51207e-05
0.0710307 	503.982 	2.29326e-05
0.0714774 	503.936 	2.0817e-05
0.0719241 	503.89 	1.87195e-05
0.0723709 	503.845 	1.66519e-05
0.0728176 	503.799 	1.46501e-05
0.0732643 	503.753 	1.26483e-05
0.0737111 	503.707 	1.07295e-05
0.0741578 	503.661 	8.82837e-06
0.0746045 	503.616 	6.96289e-06
0.0750513 	503.57 	5.16736e-06
0.075498 	503.524 	3.37184e-06
0.0759447 	503.478 	1.67034e-06
0.0763915 	503.432 	-1.45797e-08
0.0768382 	503.386 	-1.65753e-06
0.0772849 	503.341 	-3.22668e-06
0.0777317 	503.295 	-4.79583e-06
0.0781784 	503.249 	-6.25895e-06
0.0786251 	503.203 	-7.70694e-06
0.0790719 	503.157 	-9.10577e-06
0.0795186 	503.112 	-1.04269e-05
0.0799653 	503.066 	-1.1748e-05
0.0804121 	503.02 	-1.29496e-05
0.0808588 	502.974 	-1.4138e-05
0.0813055 	502.928 	-1.52689e-05
0.0817523 	502.883 	-1.63181e-05
0.082199 	502.837 	-1.73674e-05
0.0826457 	502.791 	-1.8282e-05
0.0830925 	502.745 	-1.91856e-05
0.0835392 	502.699 	-2.00228e-05
0.0839859 	502.654 	-2.07744e-05
0.0844327 	502.608 	-2.15259e-05
0.0848794 	502.562 	-2.21269e-05
0.0853261 	502.516 	-2.272e-05
0.0857729 	502.47 	-2.3237e-05
0.0862196 	502.425 	-2.36656e-05
0.0866663 	502.379 	-2.40943e-05
0.0871131 	502.333 	-2.43579e-05
0.0875598 	502.287 	-2.46173e-05
0.0880065 	502.242 	-2.47926e-05
0.0884533 	502.196 	-2.48794e-05
0.0889 	502.15 	-2.49663e-05
