0 	0 	0 	0
0.000446734 	0.00021395 	0.00330338 	4.41864e-26
0.000893467 	0.000427987 	0.00658739 	8.80678e-26
0.0013402 	0.000609739 	0.00915812 	9.79697e-26
0.00178693 	0.000759726 	0.0110489 	7.62904e-26
0.00223367 	0.000905029 	0.0129013 	5.41752e-26
0.0026804 	0.000949745 	0.0137232 	3.19731e-26
0.00312714 	0.00099446 	0.0145451 	9.77093e-27
0.00357387 	0.00101436 	0.015117 	1.03062e-26
0.0040206 	0.00101554 	0.0154844 	3.03147e-26
0.00446734 	0.00101545 	0.0158407 	5.1009e-26
0.00491407 	0.00100582 	0.0160066 	8.37139e-26
0.0053608 	0.000996191 	0.0161725 	1.16419e-25
0.00580754 	0.000983242 	0.0162512 	1.26134e-25
0.00625427 	0.000968573 	0.0162626 	1.19008e-25
0.00670101 	0.000953083 	0.0162633 	1.09637e-25
0.00714774 	0.000932847 	0.0161377 	7.69319e-26
0.00759447 	0.000912611 	0.016012 	4.42269e-26
0.00804121 	0.000889294 	0.0158208 	2.4189e-26
0.00848794 	0.000864343 	0.0155841 	1.1306e-26
0.00893467 	0.000838862 	0.015339 	0
0.00938141 	0.000810765 	0.0150206 	0
0.00982814 	0.000782669 	0.0147022 	0
0.0102749 	0.000753431 	0.0143496 	0
0.0107216 	0.000723685 	0.0139757 	0
0.0111683 	0.000693822 	0.0135973 	0
0.0116151 	0.000663619 	0.0131889 	0
0.0120618 	0.000633416 	0.0127804 	0
0.0125085 	0.00060346 	0.0123601 	0
0.0129553 	0.000573642 	0.0119332 	0
0.013402 	0.000544013 	0.0115053 	0
0.0138487 	0.000515134 	0.0110726 	0
0.0142955 	0.000486254 	0.0106399 	0
0.0147422 	0.000458318 	0.0102099 	0
0.0151889 	0.000430736 	0.0097813 	0
0.0156357 	0.000403532 	0.00935478 	0
0.0160824 	0.000377477 	0.00893813 	0
0.0165291 	0.000351423 	0.00852148 	0
0.0169759 	0.000326641 	0.00811693 	0
0.0174226 	0.000302248 	0.00771791 	0
0.0178693 	0.000278337 	0.00732318 	0
0.0183161 	0.000255645 	0.00694563 	0
0.0187628 	0.000232952 	0.00656807 	0
0.0192095 	0.000211588 	0.00620741 	0
0.0196563 	0.000190553 	0.00585353 	0
0.020103 	0.000170014 	0.0055052 	0
0.0205497 	0.00015053 	0.00517584 	0
0.0209965 	0.000131045 	0.00484647 	0
0.0214432 	0.000112729 	0.004535 	0
0.0218899 	9.46374e-05 	0.00422983 	0
0.0223367 	7.69742e-05 	0.00393044 	0
0.0227834 	6.00721e-05 	0.00364821 	0
0.0232302 	4.31699e-05 	0.00336598 	0
0.0236769 	2.71115e-05 	0.00309971 	0
0.0241236 	1.11618e-05 	0.00283836 	0
0.0245704 	-4.49821e-06 	0.00258206 	0
0.0250171 	-1.97609e-05 	0.0023389 	0
0.0254638 	-3.50235e-05 	0.00209574 	0
0.0259106 	-4.98935e-05 	0.00186445 	0
0.0263573 	-6.47613e-05 	0.00163631 	0
0.026804 	-7.9544e-05 	0.00141164 	0
0.0272508 	-9.433e-05 	0.00119494 	0
0.0276975 	-0.000109116 	0.000978249 	0
0.0281442 	-0.000124034 	0.0007678 	0
0.028591 	-0.000139028 	0.000558744 	0
0.0290377 	-0.00015417 	0.000350909 	0
0.0294844 	-0.000169664 	0.000145505 	0
0.0299312 	-0.000185157 	-5.98987e-05 	0
0.0303779 	-0.000201371 	-0.000265603 	0
0.0308246 	-0.000217714 	-0.000471398 	0
0.0312714 	-0.000234503 	-0.000678717 	0
0.0317181 	-0.000252021 	-0.000888919 	0
0.0321648 	-0.000269538 	-0.00109912 	0
0.0326116 	-0.000288377 	-0.00131648 	0
0.0330583 	-0.00030736 	-0.00153498 	0
0.033505 	-0.000327093 	-0.00175798 	0
0.0339518 	-0.000347863 	-0.00198845 	0
0.0343985 	-0.000368633 	-0.00221892 	0
0.0348452 	-0.000391376 	-0.00246299 	0
0.035292 	-0.000414255 	-0.00270878 	0
0.0357387 	-0.000438217 	-0.00296188 	0
0.0361854 	-0.000463502 	-0.00322589 	0
0.0366322 	-0.000488787 	-0.0034899 	0
0.0370789 	-0.000516651 	-0.00377274 	0
0.0375256 	-0.000544611 	-0.00405734 	0
0.0379724 	-0.000573961 	-0.00435146 	-1.28827e-26
0.0384191 	-0.000604829 	-0.00465833 	-4.48824e-26
0.0388658 	-0.000635698 	-0.00496519 	-7.6882e-26
0.0393126 	-0.000669635 	-0.00529379 	-1.07121e-25
0.0397593 	-0.000703601 	-0.00562376 	-1.38764e-25
0.040206 	-0.000739192 	-0.00596413 	-1.36853e-25
0.0406528 	-0.000776386 	-0.00631704 	-9.33397e-26
0.0410995 	-0.000813581 	-0.00666995 	-4.98264e-26
0.0415462 	-0.000854113 	-0.00704374 	-6.84977e-27
0.041993 	-0.000894594 	-0.00741824 	3.59715e-26
0.0424397 	-0.000936793 	-0.00780181 	5.2222e-26
0.0428864 	-0.00098053 	-0.00819516 	4.07084e-26
0.0433332 	-0.00102432 	-0.00858864 	2.88426e-26
0.0437799 	-0.00107123 	-0.0089963 	1.65168e-26
0.0442266 	-0.00111808 	-0.00940415 	5.3386e-27
0.0446734 	-0.00116648 	-0.00981629 	-5.05655e-27
0.0451201 	-0.00121615 	-0.0102324 	-1.56442e-26
0.0455668 	-0.00126595 	-0.0106488 	-2.7187e-26
0.0460136 	-0.00131801 	-0.011065 	-3.82796e-26
0.0464603 	-0.00137005 	-0.0114812 	-4.89042e-26
0.046907 	-0.00142307 	-0.0118921 	-4.83981e-26
0.0473538 	-0.00147682 	-0.0122979 	-3.78105e-26
0.0478005 	-0.00153063 	-0.0127029 	-2.57921e-26
0.0482472 	-0.00158505 	-0.0130847 	-1.51675e-26
0.048694 	-0.00163947 	-0.0134665 	-4.54296e-27
0.0491407 	-0.00169343 	-0.0138259 	0
0.0495874 	-0.00174702 	-0.0141666 	0
0.0500342 	-0.00180036 	-0.0145036 	1.01775e-27
0.0504809 	-0.00185104 	-0.014782 	2.64043e-26
0.0509276 	-0.00190173 	-0.0150604 	5.17908e-26
0.0513744 	-0.00194904 	-0.0152887 	8.173e-26
0.0518211 	-0.00199413 	-0.0154797 	1.09178e-25
0.0522678 	-0.00203819 	-0.0156607 	1.32327e-25
0.0527146 	-0.00207416 	-0.0157373 	1.0694e-25
0.0531613 	-0.00211014 	-0.0158139 	8.15534e-26
0.053608 	-0.00213856 	-0.015809 	5.11931e-26
0.0540548 	-0.00216253 	-0.01575 	2.37451e-26
0.0545015 	-0.00218487 	-0.0156746 	0
0.0549482 	-0.0021987 	-0.0154734 	0
0.055395 	-0.00221252 	-0.0152722 	0
0.0558417 	-0.00221665 	-0.0149614 	0
0.0562884 	-0.00221527 	-0.0145842 	0
0.0567352 	-0.00220183 	-0.0141538 	0
0.0571819 	-0.00210417 	-0.0133727 	0
0.0576286 	-0.00200652 	-0.0125916 	0
0.0580754 	-0.00171392 	-0.011277 	0
0.0585221 	-0.00131405 	-0.00967539 	0
0.0589688 	-0.000910027 	-0.00796311 	0
0.0594156 	-0.000560229 	-0.00575781 	0
0.0598623 	-0.000210431 	-0.00355251 	0
0.060309 	-7.34446e-05 	-0.00204671 	0
0.0607558 	-3.23652e-05 	-0.000903317 	0
0.0612025 	7.29448e-08 	6.78609e-08 	0
0.0616492 	-1.27192e-08 	4.37052e-08 	0
0.062096 	-9.83831e-08 	1.95495e-08 	0
0.0625427 	-1.47943e-07 	-3.13377e-08 	0
0.0629894 	-1.8194e-07 	-9.37724e-08 	0
0.0634362 	-2.08658e-07 	-1.48267e-07 	0
0.0638829 	-2.07951e-07 	-1.77078e-07 	0
0.0643296 	-2.07245e-07 	-2.05889e-07 	0
0.0647764 	-2.00704e-07 	-2.23207e-07 	0
0.0652231 	-1.91648e-07 	-2.36504e-07 	0
0.0656698 	-1.8252e-07 	-2.48121e-07 	0
0.0661166 	-1.72586e-07 	-2.54593e-07 	0
0.0665633 	-1.62651e-07 	-2.61065e-07 	0
0.0670101 	-1.53552e-07 	-2.65402e-07 	0
0.0674568 	-1.44641e-07 	-2.69025e-07 	0
0.0679035 	-1.36108e-07 	-2.72393e-07 	0
0.0683503 	-1.28526e-07 	-2.74971e-07 	0
0.068797 	-1.20944e-07 	-2.77548e-07 	0
0.0692437 	-1.14307e-07 	-2.79971e-07 	0
0.0696905 	-1.07932e-07 	-2.8232e-07 	0
0.0701372 	-1.01844e-07 	-2.84731e-07 	0
0.0705839 	-9.647e-08 	-2.87223e-07 	0
0.0710307 	-9.10959e-08 	-2.89716e-07 	0
0.0714774 	-8.6364e-08 	-2.92473e-07 	0
0.0719241 	-8.17987e-08 	-2.95275e-07 	0
0.0723709 	-7.74295e-08 	-2.98209e-07 	0
0.0728176 	-7.35143e-08 	-3.0139e-07 	0
0.0732643 	-6.95991e-08 	-3.04572e-07 	0
0.0737111 	-6.61077e-08 	-3.081e-07 	0
0.0741578 	-6.2716e-08 	-3.11687e-07 	0
0.0746045 	-5.94588e-08 	-3.15423e-07 	1.04502e-30
0.0750513 	-5.64907e-08 	-3.19422e-07 	4.3616e-30
0.075498 	-5.35227e-08 	-3.23421e-07 	7.67817e-30
0.0759447 	-5.08385e-08 	-3.27775e-07 	1.46999e-29
0.0763915 	-4.82145e-08 	-3.32184e-07 	2.19547e-29
0.0768382 	-4.56836e-08 	-3.36744e-07 	2.59952e-29
0.0772849 	-4.33399e-08 	-3.41555e-07 	2.26786e-29
0.0777317 	-4.09963e-08 	-3.46366e-07 	1.9362e-29
0.0781784 	-3.88438e-08 	-3.51529e-07 	1.15358e-29
0.0786251 	-3.67284e-08 	-3.56737e-07 	4.28098e-30
0.0790719 	-3.46762e-08 	-3.62099e-07 	0
0.0795186 	-3.2746e-08 	-3.67697e-07 	0
0.0799653 	-3.08157e-08 	-3.73294e-07 	0
0.0804121 	-2.90111e-08 	-3.79242e-07 	0
0.0808588 	-2.72297e-08 	-3.85225e-07 	0
0.0813055 	-2.54887e-08 	-3.91367e-07 	1.6102e-29
0.0817523 	-2.38253e-08 	-3.97731e-07 	5.73795e-29
0.082199 	-2.21619e-08 	-4.04095e-07 	9.8657e-29
0.0826457 	-2.05743e-08 	-4.1081e-07 	1.45214e-28
0.0830925 	-1.90018e-08 	-4.17553e-07 	1.90124e-28
0.0835392 	-1.74503e-08 	-4.24461e-07 	1.77716e-28
0.0839859 	-1.59448e-08 	-4.31579e-07 	8.86247e-29
0.0844327 	-1.44392e-08 	-4.38698e-07 	-4.66669e-31
0.0848794 	-1.29683e-08 	-4.46174e-07 	-9.95415e-29
0.0853261 	-1.15079e-08 	-4.53668e-07 	-1.94442e-28
0.0857729 	-1.00508e-08 	-4.61336e-07 	-2.22473e-28
0.0862196 	-8.61547e-09 	-4.69205e-07 	-1.74659e-28
0.0866663 	-7.18009e-09 	-4.77074e-07 	-1.26845e-28
0.0871131 	-5.74227e-09 	-4.853e-07 	-7.44899e-29
0.0875598 	-4.31283e-09 	-4.93535e-07 	-2.44997e-29
0.0880065 	-2.87266e-09 	-4.04875e-07 	0
0.0884533 	-1.43848e-09 	-2.04758e-07 	0
0.0889 	0 	0 	0
