0 	0 	0 	0
0.000446734 	-7.78314e-06 	-2.90827e-05 	8.80194e-26
0.000893467 	-1.55663e-05 	-5.81655e-05 	1.76039e-25
0.0013402 	-2.09716e-05 	-7.36692e-05 	3.09348e-25
0.00178693 	-2.41152e-05 	-7.62563e-05 	4.85737e-25
0.00223367 	-2.67478e-05 	-7.78194e-05 	6.55518e-25
0.0026804 	-9.44994e-06 	-3.94465e-05 	5.67561e-25
0.00312714 	7.84788e-06 	-1.07356e-06 	4.79605e-25
0.00357387 	4.45213e-05 	6.4947e-05 	2.98146e-25
0.0040206 	9.78668e-05 	0.000154757 	3.62325e-26
0.00446734 	0.000153757 	0.000247375 	-2.14662e-25
0.00491407 	0.000258003 	0.000393332 	-2.56197e-25
0.0053608 	0.000362249 	0.000539289 	-2.97733e-25
0.00580754 	0.00050124 	0.000714866 	-1.99233e-25
0.00625427 	0.000667254 	0.00091348 	8.18313e-27
0.00670101 	0.000838169 	0.00111507 	2.15311e-25
0.00714774 	0.00106952 	0.00135337 	4.18889e-25
0.00759447 	0.00130088 	0.00159167 	6.22467e-25
0.00804121 	0.00156729 	0.00184098 	6.34832e-25
0.00848794 	0.00185833 	0.00209804 	5.1294e-25
0.00893467 	0.00215397 	0.00235454 	3.99593e-25
0.00938141 	0.00249108 	0.0026061 	3.63138e-25
0.00982814 	0.00282819 	0.00285766 	3.26683e-25
0.0102749 	0.00318266 	0.00309237 	4.80566e-25
0.0107216 	0.00354811 	0.00331642 	7.54866e-25
0.0111683 	0.0039149 	0.00353508 	9.73733e-25
0.0116151 	0.00429106 	0.00371591 	8.04572e-25
0.0120618 	0.00466723 	0.00389674 	6.35411e-25
0.0125085 	0.00504093 	0.00404486 	2.64013e-25
0.0129553 	0.00541324 	0.00417438 	-2.22383e-25
0.013402 	0.00578343 	0.00429601 	-6.63382e-25
0.0138487 	0.00614161 	0.00437292 	-8.4713e-25
0.0142955 	0.00649978 	0.00444982 	-1.03088e-24
0.0147422 	0.00684448 	0.00449421 	-9.493e-25
0.0151889 	0.00718232 	0.00452202 	-7.32556e-25
0.0156357 	0.00751606 	0.00454235 	-4.68895e-25
0.0160824 	0.0078305 	0.00452733 	1.59452e-26
0.0165291 	0.00814495 	0.00451231 	5.00786e-25
0.0169759 	0.00844263 	0.00447287 	6.49103e-25
0.0174226 	0.00873271 	0.00442234 	6.44455e-25
0.0178693 	0.00901795 	0.00436616 	5.8922e-25
0.0183161 	0.00928389 	0.00428743 	3.31637e-25
0.0187628 	0.00954983 	0.00420869 	7.4055e-26
0.0192095 	0.00979917 	0.00411463 	0
0.0196563 	0.0100418 	0.00401438 	0
0.020103 	0.0102795 	0.00391062 	-6.17754e-26
0.0205497 	0.0104999 	0.00379471 	-3.36333e-25
0.0209965 	0.0107204 	0.00367881 	-6.1089e-25
0.0214432 	0.0109255 	0.00355499 	-9.83335e-25
0.0218899 	0.011125 	0.00342834 	-1.39062e-24
0.0223367 	0.0113196 	0.00330003 	-1.67614e-24
0.0227834 	0.0114995 	0.00316668 	-1.59634e-24
0.0232302 	0.0116793 	0.00303333 	-1.51654e-24
0.0236769 	0.0118452 	0.00289733 	-1.02697e-24
0.0241236 	0.0120066 	0.00276051 	-4.09751e-25
0.0245704 	0.0121634 	0.00262341 	1.64733e-25
0.0250171 	0.0123077 	0.00248561 	6.26562e-25
0.0254638 	0.012452 	0.0023478 	1.08839e-24
0.0259106 	0.0125838 	0.0022107 	1.12554e-24
0.0263573 	0.0127121 	0.00207379 	1.04809e-24
0.026804 	0.0128361 	0.00193755 	9.52632e-25
0.0272508 	0.0129496 	0.00180286 	8.15177e-25
0.0276975 	0.0130632 	0.00166817 	6.77722e-25
0.0281442 	0.0131657 	0.00153601 	6.98801e-25
0.028591 	0.0132655 	0.00140443 	7.56465e-25
0.0290377 	0.0133613 	0.00127403 	7.34915e-25
0.0294844 	0.0134484 	0.00114606 	5.48845e-25
0.0299312 	0.0135356 	0.00101809 	3.62776e-25
0.0303779 	0.0136128 	0.000893313 	-7.67377e-26
0.0308246 	0.0136881 	0.000769155 	-5.65427e-25
0.0312714 	0.0137594 	0.000646316 	-8.63316e-25
0.0317181 	0.0138236 	0.000525928 	-8.06861e-25
0.0321648 	0.0138878 	0.000405539 	-7.50405e-25
0.0326116 	0.0139429 	0.000288204 	-2.36394e-25
0.0330583 	0.0139966 	0.000171356 	3.50561e-25
0.033505 	0.0140465 	5.56983e-05 	7.59489e-25
0.0339518 	0.0140902 	-5.79758e-05 	8.71709e-25
0.0343985 	0.0141339 	-0.00017165 	9.83928e-25
0.0348452 	0.014169 	-0.000282901 	6.42929e-25
0.035292 	0.0142031 	-0.000393844 	2.4448e-25
0.0357387 	0.0142334 	-0.000503884 	2.41264e-26
0.0361854 	0.0142581 	-0.000612568 	7.09159e-26
0.0366322 	0.0142828 	-0.000721252 	1.17705e-25
0.0370789 	0.0142991 	-0.000828305 	5.11379e-25
0.0375256 	0.0143146 	-0.000935202 	9.38316e-25
0.0379724 	0.0143262 	-0.00104153 	1.09317e-24
0.0384191 	0.0143324 	-0.00114708 	8.79914e-25
0.0388658 	0.0143387 	-0.00125263 	6.66657e-25
0.0393126 	0.0143362 	-0.00135727 	9.907e-27
0.0397593 	0.0143332 	-0.00146184 	-6.76409e-25
0.040206 	0.0143257 	-0.0015661 	-1.10032e-24
0.0406528 	0.014313 	-0.00166995 	-1.20351e-24
0.0410995 	0.0143003 	-0.00177381 	-1.3067e-24
0.0415462 	0.0142778 	-0.00187706 	-1.00483e-24
0.041993 	0.014255 	-0.00198029 	-6.8719e-25
0.0424397 	0.0142269 	-0.00208316 	-4.70243e-25
0.0428864 	0.014193 	-0.00218562 	-3.64594e-25
0.0433332 	0.0141592 	-0.00228809 	-2.58944e-25
0.0437799 	0.0141133 	-0.00238936 	-2.06492e-25
0.0442266 	0.0140673 	-0.00249063 	-1.54712e-25
0.0446734 	0.0140143 	-0.00259086 	-1.02929e-25
0.0451201 	0.0139544 	-0.00269008 	-5.11406e-26
0.0455668 	0.0138942 	-0.00278925 	1.95173e-27
0.0460136 	0.013818 	-0.00288505 	1.58091e-25
0.0464603 	0.0137417 	-0.00298086 	3.14229e-25
0.046907 	0.0136552 	-0.00307383 	6.05126e-25
0.0473538 	0.0135595 	-0.00316424 	1.01795e-24
0.0478005 	0.0134628 	-0.00325435 	1.41327e-24
0.0482472 	0.0133437 	-0.00333668 	1.35941e-24
0.048694 	0.0132246 	-0.00341901 	1.30555e-24
0.0491407 	0.0130901 	-0.00349503 	1.03224e-24
0.0495874 	0.0129431 	-0.00356588 	5.7939e-25
0.0500342 	0.012794 	-0.00363576 	1.55052e-25
0.0504809 	0.0126141 	-0.00369111 	1.58403e-25
0.0509276 	0.0124343 	-0.00374646 	1.61754e-25
0.0513744 	0.012233 	-0.00379035 	1.86196e-25
0.0518211 	0.0120157 	-0.00382579 	2.26227e-25
0.0522678 	0.0117949 	-0.0038591 	2.53513e-25
0.0527146 	0.0115367 	-0.00387025 	1.47882e-25
0.0531613 	0.0112784 	-0.00388141 	4.22521e-26
0.053608 	0.0109946 	-0.00387572 	0
0.0540548 	0.0106937 	-0.0038588 	0
0.0545015 	0.0103881 	-0.00383844 	0
0.0549482 	0.0100457 	-0.00379094 	0
0.055395 	0.00970332 	-0.00374343 	0
0.0558417 	0.00933795 	-0.00367641 	3.84257e-26
0.0562884 	0.0089588 	-0.00359769 	9.99069e-26
0.0567352 	0.00857577 	-0.00351492 	1.60516e-25
0.0571819 	0.00816847 	-0.00340675 	2.15654e-25
0.0576286 	0.00776117 	-0.00329859 	2.70792e-25
0.0580754 	0.00734347 	-0.0031741 	2.69014e-25
0.0585221 	0.00692018 	-0.00304082 	2.36588e-25
0.0589688 	0.00649667 	-0.00290453 	1.92688e-25
0.0594156 	0.00607209 	-0.00275273 	8.96549e-26
0.0598623 	0.0056475 	-0.00260094 	-1.33785e-26
0.060309 	0.00523257 	-0.0024421 	-8.16269e-26
0.0607558 	0.00482229 	-0.00227986 	-1.33127e-25
0.0612025 	0.00441741 	-0.00211724 	-1.58724e-25
0.0616492 	0.00403594 	-0.00195295 	-7.20721e-26
0.062096 	0.00365447 	-0.00178866 	1.45794e-26
0.0625427 	0.00330122 	-0.00162804 	8.11305e-26
0.0629894 	0.00296006 	-0.001469 	1.39067e-25
0.0634362 	0.002629 	-0.00131214 	1.83586e-25
0.0638829 	0.00233534 	-0.00116338 	1.78384e-25
0.0643296 	0.00204168 	-0.00101462 	1.73181e-25
0.0647764 	0.00178424 	-0.000874837 	1.90479e-25
0.0652231 	0.00154054 	-0.000738456 	2.16312e-25
0.0656698 	0.00130833 	-0.000604854 	2.38384e-25
0.0661166 	0.00111301 	-0.000480169 	2.48382e-25
0.0665633 	0.000917684 	-0.000355485 	2.58381e-25
0.0670101 	0.000755536 	-0.000237957 	1.94136e-25
0.0674568 	0.000604446 	-0.000122815 	1.05143e-25
0.0679035 	0.000463702 	-9.92672e-06 	2.12243e-26
0.0683503 	0.000352026 	9.66294e-05 	-4.84364e-26
0.068797 	0.00024035 	0.000203186 	-1.18097e-25
0.0692437 	0.000156229 	0.000299947 	-1.28469e-25
0.0696905 	8.01075e-05 	0.000393865 	-1.21627e-25
0.0701372 	1.35151e-05 	0.000480623 	-1.19107e-25
0.0705839 	-2.94627e-05 	0.000549635 	-1.27299e-25
0.0710307 	-7.24405e-05 	0.000618647 	-1.3549e-25
0.0714774 	-9.08556e-05 	0.00065183 	-1.19588e-25
0.0719241 	-0.00010313 	0.000676057 	-9.76618e-26
0.0723709 	-0.000107542 	0.000680063 	-6.60442e-26
0.0728176 	-9.46556e-05 	0.000639585 	-1.31055e-26
0.0732643 	-8.17695e-05 	0.000599106 	3.98332e-26
0.0737111 	-5.72475e-05 	0.000499608 	6.52565e-26
0.0741578 	-3.02572e-05 	0.000387591 	8.48432e-26
0.0746045 	-3.58621e-06 	0.000256992 	1.01461e-25
0.0750513 	2.24581e-05 	8.9917e-05 	1.12251e-25
0.075498 	4.85025e-05 	-7.71576e-05 	1.23041e-25
0.0759447 	6.24998e-05 	-0.00025709 	1.15794e-25
0.0763915 	7.43711e-05 	-0.000439291 	1.05364e-25
0.0768382 	7.9538e-05 	-0.000605505 	8.28751e-26
0.0772849 	7.29142e-05 	-0.000743602 	3.918e-26
0.0777317 	6.62903e-05 	-0.000881699 	-4.51511e-27
0.0781784 	5.02721e-05 	-0.000909768 	-3.70773e-26
0.0786251 	3.29118e-05 	-0.000922118 	-6.80491e-26
0.0790719 	1.86555e-05 	-0.00085429 	-8.64981e-26
0.0795186 	9.30541e-06 	-0.000659727 	-8.51531e-26
0.0799653 	-4.4683e-08 	-0.000465164 	-8.3808e-26
0.0804121 	-6.53979e-07 	-0.000294264 	-6.50489e-26
0.0808588 	-2.92075e-07 	-0.000125993 	-4.43549e-26
0.0813055 	-5.09738e-08 	-2.26594e-05 	-2.68677e-26
0.0817523 	1.80753e-08 	-1.18137e-05 	-1.39479e-26
0.082199 	8.71243e-08 	-9.67919e-07 	-1.02814e-27
0.0826457 	1.01554e-07 	-1.68359e-07 	-7.51604e-29
0.0830925 	1.11555e-07 	-1.83354e-07 	-9.24612e-29
0.0835392 	1.14873e-07 	-1.99258e-07 	-1.31304e-28
0.0839859 	1.09597e-07 	-2.16329e-07 	-1.97844e-28
0.0844327 	1.04322e-07 	-2.334e-07 	-2.64383e-28
0.0848794 	9.64683e-08 	-2.52332e-07 	-1.82319e-28
0.0853261 	8.84791e-08 	-2.71361e-07 	-9.24336e-29
0.0857729 	7.95267e-08 	-2.91457e-07 	-4.03118e-29
0.0862196 	6.94547e-08 	-3.12792e-07 	-3.20777e-29
0.0866663 	5.93827e-08 	-3.34127e-07 	-2.38436e-29
0.0871131 	4.79056e-08 	-3.57996e-07 	-2.22022e-28
0.0875598 	3.63924e-08 	-3.81929e-07 	-4.25493e-28
0.0880065 	2.45161e-08 	-3.16941e-07 	-4.25947e-28
0.0884533 	1.22581e-08 	-1.58471e-07 	-2.12974e-28
0.0889 	3.42053e-22 	-1.10179e-20 	-1.60646e-41
