5.55112e-20 	3.55141e-22 	4.67936e-19 	0
0.000446734 	-2.23007e-05 	0.00343097 	1.08652e-27
0.000893467 	-0.000236937 	0.00493938 	5.63417e-27
0.0013402 	-0.000560465 	0.00574578 	3.2565e-27
0.00178693 	-0.000843061 	0.00590067 	2.26182e-27
0.00223367 	-0.00116844 	0.00568601 	2.15755e-27
0.0026804 	-0.00143771 	0.00532639 	0
0.00312714 	-0.00168065 	0.00475939 	0
0.00357387 	-0.00189666 	0.0041532 	0
0.0040206 	-0.00203907 	0.00342667 	0
0.00446734 	-0.0021841 	0.00269594 	0
0.00491407 	-0.00222288 	0.00188454 	0
0.0053608 	-0.00227554 	0.00109238 	0
0.00580754 	-0.00220708 	0.000259883 	0
0.00625427 	-0.00212545 	-0.000530048 	0
0.00670101 	-0.00198381 	-0.00130122 	7.50444e-30
0.00714774 	-0.00177274 	-0.00197428 	3.51863e-29
0.00759447 	-0.00157708 	-0.00259445 	0
0.00804121 	-0.00129939 	-0.00304331 	5.46831e-29
0.00848794 	-0.00107626 	-0.00343281 	0
0.00893467 	-0.000815226 	-0.00361225 	3.54281e-28
0.00938141 	-0.000589815 	-0.00374934 	-1.77142e-28
0.00982814 	-0.000396485 	-0.00369265 	-3.15288e-27
0.0102749 	-0.000211209 	-0.00360057 	-1.14674e-26
0.0107216 	-9.34226e-05 	-0.00341637 	-1.56077e-26
0.0111683 	1.28526e-05 	-0.00320001 	-1.51129e-26
0.0116151 	6.71283e-05 	-0.00298379 	-1.61937e-26
0.0120618 	9.09346e-05 	-0.0027595 	-1.08483e-26
0.0125085 	9.1474e-05 	-0.00257968 	-2.83928e-27
0.0129553 	6.04533e-05 	-0.0023772 	-3.29708e-27
0.013402 	2.60871e-05 	-0.0022263 	-1.17066e-27
0.0138487 	-2.36855e-05 	-0.00196808 	3.34714e-28
0.0142955 	-6.14421e-05 	-0.00169975 	7.89555e-29
0.0147422 	-7.07637e-05 	-0.00122704 	2.20755e-27
0.0151889 	-2.74715e-05 	-0.000556756 	8.77638e-27
0.0156357 	-4.22632e-06 	-0.000105165 	1.15458e-26
0.0160824 	-1.89098e-06 	-4.57822e-05 	3.91008e-27
0.0165291 	-5.05379e-07 	-8.35049e-06 	5.68886e-28
0.0169759 	-2.02177e-07 	-1.08833e-07 	3.40782e-29
0.0174226 	-2.60387e-07 	-9.85667e-08 	3.21721e-30
0.0178693 	-2.76524e-07 	-8.9317e-08 	-1.85527e-29
0.0183161 	-2.74736e-07 	-8.25805e-08 	-4.71022e-29
0.0187628 	-2.73747e-07 	-7.63915e-08 	-5.28432e-29
0.0192095 	-2.719e-07 	-7.08805e-08 	-4.73972e-29
0.0196563 	-2.70603e-07 	-6.63153e-08 	-4.00797e-29
0.020103 	-2.68759e-07 	-6.19482e-08 	-1.52219e-29
0.0205497 	-2.67179e-07 	-5.85938e-08 	-2.66482e-30
0.0209965 	-2.65481e-07 	-5.51968e-08 	2.76144e-30
0.0214432 	-2.63726e-07 	-5.27511e-08 	0
0.0218899 	-2.6208e-07 	-5.02982e-08 	8.68972e-31
0.0223367 	-2.60202e-07 	-4.83692e-08 	1.25333e-32
0.0227834 	-2.58536e-07 	-4.66259e-08 	0
0.0232302 	-2.56616e-07 	-4.51305e-08 	0
0.0236769 	-2.54828e-07 	-4.39141e-08 	0
0.0241236 	-2.52855e-07 	-4.27743e-08 	0
0.0245704 	-2.5091e-07 	-4.19371e-08 	0
0.0250171 	-2.4891e-07 	-4.10936e-08 	0
0.0254638 	-2.46825e-07 	-4.05263e-08 	1.59935e-30
0.0259106 	-2.4476e-07 	-3.99631e-08 	8.86357e-30
0.0263573 	-2.42576e-07 	-3.95435e-08 	2.04698e-29
0.026804 	-2.40429e-07 	-3.9189e-08 	1.87145e-29
0.0272508 	-2.3818e-07 	-3.88831e-08 	8.21509e-30
0.0276975 	-2.35936e-07 	-3.86643e-08 	-1.71767e-31
0.0281442 	-2.33629e-07 	-3.84459e-08 	-9.06763e-30
0.028591 	-2.31295e-07 	-3.83067e-08 	-1.8822e-29
0.0290377 	-2.28941e-07 	-3.8157e-08 	-1.10321e-29
0.0294844 	-2.26534e-07 	-3.80603e-08 	-6.03534e-30
0.0299312 	-2.2413e-07 	-3.79637e-08 	-1.71615e-29
0.0303779 	-2.21679e-07 	-3.78813e-08 	-2.44812e-29
0.0308246 	-2.19227e-07 	-3.78122e-08 	-2.96094e-29
0.0312714 	-2.16749e-07 	-3.77351e-08 	-4.09273e-29
0.0317181 	-2.1426e-07 	-3.76694e-08 	-3.62017e-29
0.0321648 	-2.11763e-07 	-3.75915e-08 	-2.32714e-29
0.0326116 	-2.0925e-07 	-3.75136e-08 	-1.82781e-29
0.0330583 	-2.0674e-07 	-3.74293e-08 	-5.69158e-30
0.033505 	-2.04219e-07 	-3.73318e-08 	-8.86444e-31
0.0339518 	-2.01699e-07 	-3.72333e-08 	0
0.0343985 	-1.99183e-07 	-3.71158e-08 	4.00313e-31
0.0348452 	-1.96663e-07 	-3.69936e-08 	3.45768e-30
0.035292 	-1.94156e-07 	-3.68584e-08 	2.51881e-30
0.0357387 	-1.91646e-07 	-3.67089e-08 	5.43528e-30
0.0361854 	-1.89152e-07 	-3.6555e-08 	6.46973e-30
0.0366322 	-1.86663e-07 	-3.63792e-08 	5.946e-30
0.0370789 	-1.84185e-07 	-3.62058e-08 	1.60195e-29
0.0375256 	-1.81725e-07 	-3.60078e-08 	2.2168e-29
0.0379724 	-1.79267e-07 	-3.58109e-08 	2.00822e-29
0.0384191 	-1.76841e-07 	-3.55951e-08 	2.17256e-29
0.0388658 	-1.74414e-07 	-3.5371e-08 	1.33734e-29
0.0393126 	-1.72018e-07 	-3.51427e-08 	4.35787e-30
0.0397593 	-1.69627e-07 	-3.48939e-08 	0
0.040206 	-1.67262e-07 	-3.46512e-08 	0
0.0406528 	-1.64913e-07 	-3.4384e-08 	0
0.0410995 	-1.6258e-07 	-3.41278e-08 	0
0.0415462 	-1.60279e-07 	-3.38501e-08 	0
0.041993 	-1.57978e-07 	-3.35767e-08 	0
0.0424397 	-1.55725e-07 	-3.3292e-08 	0
0.0428864 	-1.53471e-07 	-3.30002e-08 	0
0.0433332 	-1.51255e-07 	-3.2713e-08 	0
0.0437799 	-1.49049e-07 	-3.24055e-08 	0
0.0442266 	-1.46871e-07 	-3.21118e-08 	0
0.0446734 	-1.44715e-07 	-3.17965e-08 	-1.92612e-30
0.0451201 	-1.42575e-07 	-3.14974e-08 	-3.11943e-30
0.0455668 	-1.40471e-07 	-3.11818e-08 	-5.46209e-30
0.0460136 	-1.38369e-07 	-3.08733e-08 	-1.60575e-29
0.0464603 	-1.36316e-07 	-3.05603e-08 	-2.01247e-29
0.046907 	-1.34264e-07 	-3.02424e-08 	-2.04554e-29
0.0473538 	-1.32251e-07 	-2.99341e-08 	-2.04325e-29
0.0478005 	-1.3025e-07 	-2.96086e-08 	-1.25004e-29
0.0482472 	-1.28276e-07 	-2.93006e-08 	-4.56161e-30
0.048694 	-1.26325e-07 	-2.89744e-08 	0
0.0491407 	-1.2439e-07 	-2.86666e-08 	0
0.0495874 	-1.22489e-07 	-2.8346e-08 	0
0.0500342 	-1.20592e-07 	-2.8035e-08 	0
0.0504809 	-1.18741e-07 	-2.7723e-08 	0
0.0509276 	-1.1689e-07 	-2.74086e-08 	0
0.0513744 	-1.15079e-07 	-2.71053e-08 	3.00562e-31
0.0518211 	-1.13277e-07 	-2.67888e-08 	4.84402e-30
0.0522678 	-1.11503e-07 	-2.64904e-08 	1.21871e-29
0.0527146 	-1.09749e-07 	-2.61767e-08 	1.59133e-29
0.0531613 	-1.08011e-07 	-2.58817e-08 	1.49512e-29
0.053608 	-1.06304e-07 	-2.55763e-08 	1.3626e-29
0.0540548 	-1.04601e-07 	-2.52824e-08 	6.23991e-30
0.0545015 	-1.02939e-07 	-2.49883e-08 	2.05748e-30
0.0549482 	-1.01277e-07 	-2.4694e-08 	2.67552e-30
0.055395 	-9.96535e-08 	-2.44107e-08 	1.64265e-30
0.0558417 	-9.80369e-08 	-2.41175e-08 	4.35191e-30
0.0562884 	-9.64462e-08 	-2.38417e-08 	3.22296e-30
0.0567352 	-9.48735e-08 	-2.35528e-08 	1.68953e-30
0.0571819 	-9.33154e-08 	-2.32819e-08 	2.04403e-30
0.0576286 	-9.17847e-08 	-2.30016e-08 	1.34063e-31
0.0580754 	-9.02587e-08 	-2.27344e-08 	0
0.0585221 	-8.87681e-08 	-2.24664e-08 	0
0.0589688 	-8.72771e-08 	-2.22001e-08 	0
0.0594156 	-8.58225e-08 	-2.19436e-08 	-5.26846e-31
0.0598623 	-8.43722e-08 	-2.16801e-08 	-4.27804e-30
0.060309 	-8.29464e-08 	-2.14323e-08 	-1.03292e-29
0.0607558 	-8.15352e-08 	-2.11732e-08 	-1.24658e-29
0.0612025 	-8.01382e-08 	-2.09309e-08 	-1.21099e-29
0.0616492 	-7.87643e-08 	-2.06799e-08 	-1.05789e-29
0.062096 	-7.73955e-08 	-2.04426e-08 	-4.57325e-30
0.0625427 	-7.60568e-08 	-2.02037e-08 	-1.51025e-30
0.0629894 	-7.47173e-08 	-1.99678e-08 	-2.28981e-30
0.0634362 	-7.34117e-08 	-1.97404e-08 	-1.45867e-30
0.0638829 	-7.2108e-08 	-1.95079e-08 	-3.77935e-30
0.0643296 	-7.08274e-08 	-1.92896e-08 	-2.29965e-30
0.0647764 	-6.95582e-08 	-1.90612e-08 	-1.49917e-30
0.0652231 	-6.83027e-08 	-1.88482e-08 	-1.50089e-30
0.0656698 	-6.70661e-08 	-1.86275e-08 	0
0.0661166 	-6.58351e-08 	-1.84199e-08 	0
0.0665633 	-6.46291e-08 	-1.821e-08 	0
0.0670101 	-6.34228e-08 	-1.80044e-08 	0
0.0674568 	-6.22463e-08 	-1.78053e-08 	6.63769e-31
0.0679035 	-6.10705e-08 	-1.76032e-08 	3.82839e-30
0.0683503 	-5.99161e-08 	-1.7413e-08 	8.86244e-30
0.068797 	-5.87704e-08 	-1.72146e-08 	1.00045e-29
0.0692437 	-5.76376e-08 	-1.70299e-08 	1.0066e-29
0.0696905 	-5.65201e-08 	-1.68384e-08 	8.24434e-30
0.0701372 	-5.54084e-08 	-1.66587e-08 	3.41466e-30
0.0705839 	-5.43174e-08 	-1.64765e-08 	1.01022e-30
0.0710307 	-5.32269e-08 	-1.62995e-08 	3.43829e-30
0.0714774 	-5.21611e-08 	-1.61271e-08 	6.92895e-30
0.0719241 	-5.10958e-08 	-1.59533e-08 	2.82896e-30
0.0723709 	-5.00501e-08 	-1.57893e-08 	-4.47417e-31
0.0728176 	-4.90106e-08 	-1.56191e-08 	-5.64197e-30
0.0732643 	-4.79832e-08 	-1.54606e-08 	-1.42235e-29
0.0737111 	-4.6968e-08 	-1.52962e-08 	-1.48578e-29
0.0741578 	-4.59587e-08 	-1.51423e-08 	-9.67397e-30
0.0746045 	-4.49662e-08 	-1.49858e-08 	-7.33457e-30
0.0750513 	-4.39749e-08 	-1.48351e-08 	-2.56348e-30
0.075498 	-4.30039e-08 	-1.46874e-08 	-3.68891e-31
0.0759447 	-4.20329e-08 	-1.45394e-08 	0
0.0763915 	-4.10799e-08 	-1.43994e-08 	0
0.0768382 	-4.0131e-08 	-1.4255e-08 	0
0.0772849 	-3.91934e-08 	-1.41205e-08 	0
0.0777317 	-3.82652e-08 	-1.39808e-08 	0
0.0781784 	-3.73428e-08 	-1.38505e-08 	0
0.0786251 	-3.64339e-08 	-1.37174e-08 	0
0.0790719 	-3.55266e-08 	-1.35904e-08 	0
0.0795186 	-3.46358e-08 	-1.34652e-08 	-3.73767e-31
0.0799653 	-3.37448e-08 	-1.33405e-08 	-2.4589e-30
0.0804121 	-3.28699e-08 	-1.32223e-08 	-6.51151e-30
0.0808588 	-3.19974e-08 	-1.3101e-08 	-6.01549e-30
0.0813055 	-3.11352e-08 	-1.2988e-08 	-6.79783e-30
0.0817523 	-3.02803e-08 	-1.28706e-08 	-6.31501e-30
0.082199 	-2.94308e-08 	-1.27613e-08 	-2.61198e-30
0.0826457 	-2.8592e-08 	-1.26494e-08 	-2.92198e-30
0.0830925 	-2.77549e-08 	-1.25435e-08 	-7.31441e-30
0.0835392 	-2.69312e-08 	-1.24383e-08 	-8.92258e-30
0.0839859 	-2.6107e-08 	-1.23344e-08 	-8.8655e-30
0.0844327 	-2.5297e-08 	-1.22355e-08 	-8.48384e-30
0.0848794 	-2.44883e-08 	-1.21345e-08 	-4.7834e-30
0.0853261 	-2.36886e-08 	-1.20405e-08 	-1.50684e-30
0.0857729 	-2.28944e-08 	-1.19426e-08 	9.17148e-32
0.0862196 	-2.21052e-08 	-1.18517e-08 	9.78401e-32
0.0866663 	-2.13243e-08 	-1.17582e-08 	7.79901e-31
0.0871131 	-2.05451e-08 	-1.16704e-08 	1.6585e-30
0.0875598 	-1.97765e-08 	-1.15826e-08 	1.70693e-30
0.0880065 	-1.90075e-08 	-1.14964e-08 	5.95011e-30
0.0884533 	-1.82504e-08 	-1.14138e-08 	7.49964e-30
0.0889 	-1.74937e-08 	-1.13299e-08 	6.85589e-30
