0 	0 	0 	0
0.000446734 	-1.19772e-05 	-5.84714e-05 	7.9545e-26
0.000893467 	-2.39543e-05 	-0.000116943 	1.5909e-25
0.0013402 	-3.81899e-05 	-0.000167274 	2.79208e-25
0.00178693 	-5.45736e-05 	-0.000209862 	4.37919e-25
0.00223367 	-7.07304e-05 	-0.000251661 	5.90692e-25
0.0026804 	-7.80327e-05 	-0.000262713 	5.11852e-25
0.00312714 	-8.5335e-05 	-0.000273765 	4.33013e-25
0.00357387 	-7.99233e-05 	-0.000260984 	2.68854e-25
0.0040206 	-6.35717e-05 	-0.000227695 	3.12797e-26
0.00446734 	-4.5246e-05 	-0.000191687 	-1.96381e-25
0.00491407 	1.05854e-05 	-0.000103992 	-2.35699e-25
0.0053608 	6.64167e-05 	-1.6297e-05 	-2.75017e-25
0.00580754 	0.000153469 	0.000105569 	-1.84679e-25
0.00625427 	0.000264804 	0.000254012 	6.50373e-27
0.00670101 	0.000381352 	0.000407015 	1.97272e-25
0.00714774 	0.000562184 	0.000616263 	3.82938e-25
0.00759447 	0.000743017 	0.00082551 	5.68604e-25
0.00804121 	0.000969144 	0.00106498 	5.79203e-25
0.00848794 	0.00122707 	0.00132567 	4.66883e-25
0.00893467 	0.00149244 	0.00158954 	3.62203e-25
0.00938141 	0.00182475 	0.00188201 	3.26282e-25
0.00982814 	0.00215705 	0.00217447 	2.90361e-25
0.0102749 	0.00252657 	0.00246997 	4.23504e-25
0.0107216 	0.00291961 	0.00276738 	6.63605e-25
0.0111683 	0.00331761 	0.00306193 	8.55099e-25
0.0116151 	0.00375026 	0.00333642 	7.06342e-25
0.0120618 	0.00418291 	0.00361091 	5.57586e-25
0.0125085 	0.00462591 	0.00385618 	2.26973e-25
0.0129553 	0.0050748 	0.00408483 	-2.07047e-25
0.013402 	0.00552299 	0.00430444 	-6.02608e-25
0.0138487 	0.00596721 	0.0044728 	-7.80229e-25
0.0142955 	0.00641144 	0.00464116 	-9.5785e-25
0.0147422 	0.00684214 	0.00476594 	-8.8495e-25
0.0151889 	0.00726594 	0.00486851 	-6.84426e-25
0.0156357 	0.00768444 	0.0049599 	-4.35118e-25
0.0160824 	0.00807791 	0.00499857 	4.41679e-26
0.0165291 	0.00847138 	0.00503724 	5.23454e-25
0.0169759 	0.00884065 	0.00503661 	6.6869e-25
0.0174226 	0.00919894 	0.00501814 	6.62085e-25
0.0178693 	0.00954996 	0.00499007 	6.03993e-25
0.0183161 	0.00987192 	0.00492367 	3.39952e-25
0.0187628 	0.0101939 	0.00485726 	7.59117e-26
0.0192095 	0.0104908 	0.0047637 	0
0.0196563 	0.0107776 	0.00465919 	0
0.020103 	0.0110571 	0.00454817 	-6.93547e-26
0.0205497 	0.0113111 	0.00441477 	-3.77598e-25
0.0209965 	0.0115652 	0.00428136 	-6.85841e-25
0.0214432 	0.011797 	0.00413257 	-1.10866e-24
0.0218899 	0.0120211 	0.00397831 	-1.57226e-24
0.0223367 	0.0122382 	0.00382047 	-1.89857e-24
0.0227834 	0.012435 	0.00365196 	-1.81304e-24
0.0232302 	0.0126317 	0.00348344 	-1.72751e-24
0.0236769 	0.0128095 	0.00330804 	-1.16392e-24
0.0241236 	0.0129814 	0.0031305 	-4.51412e-25
0.0245704 	0.0131471 	0.00295159 	2.13912e-25
0.0250171 	0.0132964 	0.00276903 	7.54848e-25
0.0254638 	0.0134456 	0.00258647 	1.29578e-24
0.0259106 	0.0135785 	0.00240227 	1.34094e-24
0.0263573 	0.013707 	0.00221764 	1.25232e-24
0.026804 	0.0138297 	0.00203302 	1.14244e-24
0.0272508 	0.0139389 	0.00184842 	9.82973e-25
0.0276975 	0.0140481 	0.00166382 	8.23502e-25
0.0281442 	0.0141427 	0.0014804 	8.54965e-25
0.028591 	0.0142338 	0.00129726 	9.30489e-25
0.0290377 	0.0143195 	0.00111489 	9.07612e-25
0.0294844 	0.0143935 	0.000934119 	6.80362e-25
0.0299312 	0.0144676 	0.00075335 	4.53112e-25
0.0303779 	0.014528 	0.000575013 	-9.71082e-26
0.0308246 	0.0145857 	0.000397148 	-7.09995e-25
0.0312714 	0.0146378 	0.000220393 	-1.0844e-24
0.0317181 	0.0146795 	4.57001e-05 	-1.0159e-24
0.0321648 	0.0147213 	-0.000128993 	-9.47401e-25
0.0326116 	0.0147494 	-0.000300845 	-3.01279e-25
0.0330583 	0.0147754 	-0.000472245 	4.36928e-25
0.033505 	0.0147955 	-0.000642376 	9.51078e-25
0.0339518 	0.0148057 	-0.000810396 	1.0918e-24
0.0343985 	0.0148159 	-0.000978415 	1.23253e-24
0.0348452 	0.0148118 	-0.00114333 	8.05118e-25
0.035292 	0.014806 	-0.00130784 	3.05694e-25
0.0357387 	0.0147936 	-0.00147087 	2.87024e-26
0.0361854 	0.0147714 	-0.00163167 	8.5359e-26
0.0366322 	0.0147491 	-0.00179247 	1.42016e-25
0.0370789 	0.0147113 	-0.00194951 	6.31991e-25
0.0375256 	0.0146719 	-0.0021062 	1.16352e-24
0.0379724 	0.014625 	-0.00226086 	1.35622e-24
0.0384191 	0.0145677 	-0.00241277 	1.09052e-24
0.0388658 	0.0145104 	-0.00256469 	8.24816e-25
0.0393126 	0.014435 	-0.00271115 	1.56102e-26
0.0397593 	0.0143585 	-0.00285725 	-8.29829e-25
0.040206 	0.0142725 	-0.00300002 	-1.34892e-24
0.0406528 	0.0141749 	-0.00313872 	-1.46915e-24
0.0410995 	0.0140773 	-0.00327741 	-1.58937e-24
0.0415462 	0.013957 	-0.00340672 	-1.21595e-24
0.041993 	0.0138358 	-0.00353566 	-8.23295e-25
0.0424397 	0.0137017 	-0.00365839 	-5.54859e-25
0.0428864 	0.0135532 	-0.00377423 	-4.23717e-25
0.0433332 	0.0134048 	-0.00389007 	-2.92575e-25
0.0437799 	0.0132248 	-0.00398853 	-2.32126e-25
0.0442266 	0.0130445 	-0.00408676 	-1.72572e-25
0.0446734 	0.0128454 	-0.00417334 	-1.14092e-25
0.0451201 	0.0126275 	-0.00424827 	-5.66873e-26
0.0455668 	0.0124091 	-0.00432283 	1.86502e-27
0.0460136 	0.0121479 	-0.00436788 	1.51067e-25
0.0464603 	0.0118868 	-0.00441293 	3.00269e-25
0.046907 	0.0116004 	-0.00443876 	5.62999e-25
0.0473538 	0.0112911 	-0.00444721 	9.28446e-25
0.0478005 	0.01098 	-0.00445407 	1.27773e-24
0.0482472 	0.0106206 	-0.00442016 	1.21219e-24
0.048694 	0.0102612 	-0.00438626 	1.14664e-24
0.0491407 	0.00987556 	-0.00432723 	9.06334e-25
0.0495874 	0.00946836 	-0.00424764 	5.23039e-25
0.0500342 	0.00905867 	-0.00416522 	1.63278e-25
0.0504809 	0.0086118 	-0.00404041 	1.56526e-25
0.0509276 	0.00816492 	-0.00391559 	1.49775e-25
0.0513744 	0.00770345 	-0.00376772 	1.57168e-25
0.0518211 	0.0072312 	-0.00360281 	1.75016e-25
0.0522678 	0.00675843 	-0.00343524 	1.84573e-25
0.0527146 	0.00628023 	-0.00323994 	1.07668e-25
0.0531613 	0.00580202 	-0.00304465 	3.07622e-26
0.053608 	0.00533338 	-0.00283893 	0
0.0540548 	0.00487112 	-0.00262626 	0
0.0545015 	0.004413 	-0.00241319 	0
0.0549482 	0.00398745 	-0.00219699 	0
0.055395 	0.0035619 	-0.00198078 	0
0.0558417 	0.00316925 	-0.00176978 	1.67099e-26
0.0562884 	0.00279633 	-0.00156189 	4.34458e-26
0.0567352 	0.00243183 	-0.00135623 	6.98243e-26
0.0571819 	0.0021202 	-0.00116451 	9.39603e-26
0.0576286 	0.00180857 	-0.000972797 	1.18096e-25
0.0580754 	0.00153767 	-0.000794322 	1.15558e-25
0.0585221 	0.00128871 	-0.000622976 	9.86563e-26
0.0589688 	0.00104935 	-0.000455593 	7.76255e-26
0.0594156 	0.000859507 	-0.000308627 	3.53129e-26
0.0598623 	0.000669662 	-0.000161662 	-6.9997e-27
0.060309 	0.000516227 	-3.71638e-05 	-3.2349e-26
0.0607558 	0.000380322 	7.65167e-05 	-4.95308e-26
0.0612025 	0.000253631 	0.000180916 	-5.76401e-26
0.0616492 	0.000166866 	0.000245095 	-2.64354e-26
0.062096 	8.01018e-05 	0.000309274 	4.76938e-27
0.0625427 	2.37586e-05 	0.00032644 	2.73406e-26
0.0629894 	-1.95469e-05 	0.000323457 	4.62117e-26
0.0634362 	-5.5766e-05 	0.000305329 	6.04573e-26
0.0638829 	-6.57232e-05 	0.000231076 	5.75618e-26
0.0643296 	-7.56805e-05 	0.000156822 	5.46663e-26
0.0647764 	-7.25038e-05 	4.77401e-05 	5.85119e-26
0.0652231 	-6.43453e-05 	-7.45527e-05 	6.49144e-26
0.0656698 	-5.53717e-05 	-0.000195949 	7.06463e-26
0.0661166 	-4.3781e-05 	-0.000314465 	7.42256e-26
0.0665633 	-3.21903e-05 	-0.000432981 	7.78049e-26
0.0670101 	-2.29918e-05 	-0.000494038 	5.8044e-26
0.0674568 	-1.45909e-05 	-0.000535941 	3.05031e-26
0.0679035 	-7.50545e-06 	-0.000535878 	6.55419e-27
0.0683503 	-4.11602e-06 	-0.000417908 	-7.30293e-27
0.068797 	-7.26584e-07 	-0.000299939 	-2.116e-26
0.0692437 	1.09129e-07 	-0.000188335 	-1.68232e-26
0.0696905 	2.0344e-07 	-7.85788e-05 	-7.20417e-27
0.0701372 	2.7083e-07 	-3.39502e-07 	-2.98746e-28
0.0705839 	2.71503e-07 	-2.06739e-07 	-1.18265e-28
0.0710307 	2.72176e-07 	-7.39771e-08 	6.22158e-29
0.0714774 	2.93093e-07 	-5.16829e-08 	9.2393e-29
0.0719241 	3.1907e-07 	-5.70057e-08 	8.49944e-29
0.0723709 	3.35886e-07 	-6.22264e-08 	4.46211e-29
0.0728176 	3.32545e-07 	-6.72221e-08 	-6.82965e-29
0.0732643 	3.29204e-07 	-7.22178e-08 	-1.81214e-28
0.0737111 	3.25176e-07 	-7.70796e-08 	-3.0814e-28
0.0741578 	3.21002e-07 	-8.1913e-08 	-4.38037e-28
0.0746045 	3.1652e-07 	-8.67431e-08 	-5.83429e-28
0.0750513 	3.11431e-07 	-9.15668e-08 	-7.59236e-28
0.075498 	3.06342e-07 	-9.63904e-08 	-9.35043e-28
0.0759447 	3.00481e-07 	-1.01302e-07 	-9.37463e-28
0.0763915 	2.94483e-07 	-1.06229e-07 	-9.09284e-28
0.0768382 	2.88169e-07 	-1.11224e-07 	-7.39047e-28
0.0772849 	2.81299e-07 	-1.16339e-07 	-3.18981e-28
0.0777317 	2.74428e-07 	-1.21454e-07 	1.01084e-28
0.0781784 	2.66824e-07 	-1.26796e-07 	4.69873e-28
0.0786251 	2.59116e-07 	-1.32171e-07 	8.31337e-28
0.0790719 	2.51093e-07 	-1.37674e-07 	1.09844e-27
0.0795186 	2.42574e-07 	-1.4338e-07 	1.21641e-27
0.0799653 	2.34054e-07 	-1.49086e-07 	1.33437e-27
0.0804121 	2.2482e-07 	-1.55164e-07 	1.2464e-27
0.0808588 	2.15507e-07 	-1.61283e-07 	1.13556e-27
0.0813055 	2.05872e-07 	-1.67612e-07 	8.83955e-28
0.0817523 	1.95778e-07 	-1.74238e-07 	4.31868e-28
0.082199 	1.85685e-07 	-1.80865e-07 	-2.02186e-29
0.0826457 	1.74887e-07 	-1.88065e-07 	-4.41383e-28
0.0830925 	1.64031e-07 	-1.95312e-07 	-8.60039e-28
0.0835392 	1.52855e-07 	-2.02887e-07 	-1.11974e-27
0.0839859 	1.41267e-07 	-2.10884e-07 	-1.17506e-27
0.0844327 	1.29679e-07 	-2.18882e-07 	-1.23039e-27
0.0848794 	1.17449e-07 	-2.27734e-07 	-8.00682e-28
0.0853261 	1.05185e-07 	-2.36631e-07 	-3.45447e-28
0.0857729 	9.26529e-08 	-2.46018e-07 	-8.418e-29
0.0862196 	7.98086e-08 	-2.55973e-07 	-4.83358e-29
0.0866663 	6.69642e-08 	-2.65929e-07 	-1.24915e-29
0.0871131 	5.36965e-08 	-2.77056e-07 	-5.84022e-28
0.0875598 	4.04179e-08 	-2.88214e-07 	-1.17113e-27
0.0880065 	2.70252e-08 	-2.36328e-07 	-1.18353e-27
0.0884533 	1.35126e-08 	-1.18164e-07 	-5.91765e-28
0.0889 	4.0074e-22 	-8.12902e-21 	-4.70587e-41
