0 	0 	0 	0
0.000446734 	0.000115264 	0.00278898 	2.77427e-26
0.000893467 	0.000230117 	0.00555876 	5.54248e-26
0.0013402 	0.000306786 	0.00765644 	6.17286e-26
0.00178693 	0.000347903 	0.00912598 	4.81421e-26
0.00223367 	0.000385594 	0.0105671 	3.43944e-26
0.0026804 	0.000361377 	0.0112757 	2.02989e-26
0.00312714 	0.00033716 	0.0119842 	6.20331e-27
0.00357387 	0.00030416 	0.0125339 	6.69973e-27
0.0040206 	0.00026548 	0.0129526 	1.97066e-26
0.00446734 	0.000226247 	0.0133632 	3.30938e-26
0.00491407 	0.00018944 	0.0136228 	5.59208e-26
0.0053608 	0.000152633 	0.0138824 	7.87477e-26
0.00580754 	0.0001177 	0.0140587 	8.64742e-26
0.00625427 	8.5086e-05 	0.0141701 	8.31474e-26
0.00670101 	5.23597e-05 	0.0142711 	7.82039e-26
0.00714774 	2.33584e-05 	0.0142466 	5.53769e-26
0.00759447 	-5.64291e-06 	0.0142222 	3.255e-26
0.00804121 	-3.28713e-05 	0.0141323 	1.81753e-26
0.00848794 	-5.83684e-05 	0.0139969 	8.49516e-27
0.00893467 	-8.36919e-05 	0.013853 	0
0.00938141 	-0.000105496 	0.0136339 	0
0.00982814 	-0.000127301 	0.0134147 	0
0.0102749 	-0.000146864 	0.0131584 	0
0.0107216 	-0.000164819 	0.0128788 	0
0.0111683 	-0.000182341 	0.0125939 	0
0.0116151 	-0.000196453 	0.0122726 	0
0.0120618 	-0.000210565 	0.0119512 	0
0.0125085 	-0.000222334 	0.0116128 	0
0.0129553 	-0.000232786 	0.0112647 	0
0.013402 	-0.000242676 	0.0109145 	0
0.0138487 	-0.000249765 	0.0105523 	0
0.0142955 	-0.000256854 	0.01019 	0
0.0147422 	-0.000261851 	0.00982514 	0
0.0151889 	-0.000265928 	0.00945897 	0
0.0156357 	-0.000269416 	0.00909354 	0
0.0160824 	-0.000270851 	0.00873176 	0
0.0165291 	-0.000272287 	0.00836999 	0
0.0169759 	-0.000272015 	0.0080157 	0
0.0174226 	-0.000271184 	0.00766484 	0
0.0178693 	-0.000269807 	0.00731713 	0
0.0183161 	-0.000267072 	0.00698209 	0
0.0187628 	-0.000264338 	0.00664705 	0
0.0192095 	-0.000260319 	0.00632578 	0
0.0196563 	-0.000256027 	0.00601006 	0
0.020103 	-0.000251277 	0.00569921 	0
0.0205497 	-0.000245749 	0.0054051 	0
0.0209965 	-0.00024022 	0.00511099 	0
0.0214432 	-0.000233815 	0.00483375 	0
0.0218899 	-0.000227341 	0.0045625 	0
0.0223367 	-0.000220519 	0.00429708 	0
0.0227834 	-0.00021336 	0.00404907 	0
0.0232302 	-0.0002062 	0.00380106 	0
0.0236769 	-0.000198516 	0.00357052 	0
0.0241236 	-0.000190893 	0.00334539 	0
0.0245704 	-0.000183033 	0.00312632 	0
0.0250171 	-0.000175134 	0.00292312 	0
0.0254638 	-0.000167234 	0.00271992 	0
0.0259106 	-0.000159089 	0.00253286 	0
0.0263573 	-0.000151066 	0.00235013 	0
0.026804 	-0.000142906 	0.00217301 	0
0.0272508 	-0.000134874 	0.00200888 	0
0.0276975 	-0.000126842 	0.00184476 	0
0.0281442 	-0.000118754 	0.00169401 	0
0.028591 	-0.000110797 	0.00154632 	0
0.0290377 	-0.000102782 	0.0014032 	0
0.0294844 	-9.49535e-05 	0.00126952 	0
0.0299312 	-8.71249e-05 	0.00113583 	0
0.0303779 	-7.93471e-05 	0.00101173 	0
0.0308246 	-7.16752e-05 	0.000889446 	0
0.0312714 	-6.40004e-05 	0.000770224 	0
0.0317181 	-5.64932e-05 	0.000656606 	0
0.0321648 	-4.8986e-05 	0.000542987 	0
0.0326116 	-4.15695e-05 	0.00043443 	0
0.0330583 	-3.4214e-05 	0.000326647 	0
0.033505 	-2.68857e-05 	0.000220001 	0
0.0339518 	-1.96545e-05 	0.000115172 	0
0.0343985 	-1.24232e-05 	1.03428e-05 	0
0.0348452 	-5.276e-06 	-9.44129e-05 	0
0.035292 	1.8624e-06 	-0.000199194 	0
0.0357387 	8.95316e-06 	-0.000305087 	0
0.0361854 	1.60287e-05 	-0.000412725 	0
0.0366322 	2.31042e-05 	-0.000520364 	0
0.0370789 	3.01e-05 	-0.0006332 	0
0.0375256 	3.71354e-05 	-0.000746569 	0
0.0379724 	4.40932e-05 	-0.000863538 	-1.5711e-26
0.0384191 	5.10948e-05 	-0.000985449 	-5.47358e-26
0.0388658 	5.80964e-05 	-0.00110736 	-9.37606e-26
0.0393126 	6.49679e-05 	-0.0012398 	-1.30932e-25
0.0397593 	7.19191e-05 	-0.00137297 	-1.69842e-25
0.040206 	7.87289e-05 	-0.00151233 	-1.66055e-25
0.0406528 	8.55914e-05 	-0.00165934 	-1.09187e-25
0.0410995 	9.24539e-05 	-0.00180634 	-5.23188e-26
0.0415462 	9.905e-05 	-0.00196895 	4.94156e-27
0.041993 	0.000105759 	-0.00213218 	6.15353e-26
0.0424397 	0.000112216 	-0.00230412 	8.18744e-26
0.0428864 	0.000118677 	-0.00248572 	6.40311e-26
0.0433332 	0.000125102 	-0.00266745 	4.57754e-26
0.0437799 	0.000131078 	-0.00286884 	2.61285e-26
0.0442266 	0.000137162 	-0.00307063 	8.44532e-27
0.0446734 	0.000142816 	-0.00328323 	-8.17367e-27
0.0451201 	0.000148361 	-0.00350664 	-2.52881e-26
0.0455668 	0.00015376 	-0.00373048 	-4.40002e-26
0.0460136 	0.000158532 	-0.00397628 	-6.16151e-26
0.0464603 	0.000163339 	-0.00422222 	-7.85244e-26
0.046907 	0.000167457 	-0.00448019 	-7.75391e-26
0.0473538 	0.000171293 	-0.00474899 	-6.04247e-26
0.0478005 	0.0001749 	-0.00501868 	-4.1049e-26
0.0482472 	0.000177497 	-0.00530992 	-2.41396e-26
0.048694 	0.000180095 	-0.00560117 	-7.23027e-27
0.0491407 	0.000181665 	-0.00590411 	0
0.0495874 	0.000182728 	-0.00621651 	0
0.0500342 	0.000183496 	-0.00653017 	1.29834e-27
0.0504809 	0.000182701 	-0.00686141 	3.36839e-26
0.0509276 	0.000181906 	-0.00719265 	6.60695e-26
0.0513744 	0.000179678 	-0.0075328 	1.02687e-25
0.0518211 	0.000176686 	-0.00787935 	1.3485e-25
0.0522678 	0.000173317 	-0.00822693 	1.61331e-25
0.0527146 	0.000167783 	-0.00858386 	1.28945e-25
0.0531613 	0.000162249 	-0.00894079 	9.65599e-26
0.053608 	0.000154852 	-0.00930016 	5.99878e-26
0.0540548 	0.00014644 	-0.00966092 	2.78243e-26
0.0545015 	0.000137559 	-0.0100213 	0
0.0549482 	0.000125956 	-0.0103775 	0
0.055395 	0.000114353 	-0.0107337 	0
0.0558417 	0.000100519 	-0.0110808 	0
0.0562884 	8.54662e-05 	-0.0114221 	0
0.0567352 	6.98831e-05 	-0.0117598 	0
0.0571819 	5.12155e-05 	-0.0120737 	0
0.0576286 	3.25478e-05 	-0.0123875 	0
0.0580754 	1.15567e-05 	-0.0126741 	0
0.0585221 	-1.07105e-05 	-0.0129455 	0
0.0589688 	-3.34396e-05 	-0.0132075 	0
0.0594156 	-5.90004e-05 	-0.0134185 	0
0.0598623 	-8.45611e-05 	-0.0136295 	0
0.060309 	-0.00011175 	-0.0137851 	0
0.0607558 	-0.000139932 	-0.0139134 	0
0.0612025 	-0.000168196 	-0.0140218 	0
0.0616492 	-0.000198 	-0.0140417 	0
0.062096 	-0.000227804 	-0.0140616 	0
0.0625427 	-0.000257679 	-0.0139888 	0
0.0629894 	-0.000288045 	-0.0138759 	0
0.0634362 	-0.000317829 	-0.0137323 	0
0.0638829 	-0.000347428 	-0.0134744 	0
0.0643296 	-0.000377028 	-0.0132166 	0
0.0647764 	-0.000405614 	-0.0128555 	0
0.0652231 	-0.000434581 	-0.0124554 	0
0.0656698 	-0.000459161 	-0.0120096 	0
0.0661166 	-0.000470643 	-0.0114132 	0
0.0665633 	-0.000482124 	-0.0108169 	0
0.0670101 	-0.00042876 	-0.00985715 	0
0.0674568 	-0.000353391 	-0.00877119 	0
0.0679035 	-0.000268371 	-0.00745758 	0
0.0683503 	-0.000172442 	-0.00549931 	0
0.068797 	-7.65135e-05 	-0.00354104 	0
0.0692437 	-3.74548e-05 	-0.00210452 	0
0.0696905 	-1.4429e-05 	-0.000866006 	0
0.0701372 	1.26227e-06 	-9.92357e-06 	0
0.0705839 	6.30147e-07 	-5.43224e-06 	0
0.0710307 	-1.97732e-09 	-9.40907e-07 	0
0.0714774 	-1.21365e-07 	-1.61228e-07 	0
0.0719241 	-1.29167e-07 	-1.82781e-07 	0
0.0723709 	-1.31511e-07 	-2.02426e-07 	0
0.0728176 	-1.2282e-07 	-2.17852e-07 	0
0.0732643 	-1.14128e-07 	-2.33277e-07 	0
0.0737111 	-1.06911e-07 	-2.45969e-07 	0
0.0741578 	-9.99136e-08 	-2.58063e-07 	0
0.0746045 	-9.34018e-08 	-2.69605e-07 	-9.83264e-30
0.0750513 	-8.7715e-08 	-2.80019e-07 	-4.10384e-29
0.075498 	-8.20282e-08 	-2.90432e-07 	-7.22442e-29
0.0759447 	-7.71827e-08 	-3.00208e-07 	-1.05077e-28
0.0763915 	-7.24609e-08 	-3.09854e-07 	-1.33179e-28
0.0768382 	-6.80073e-08 	-3.1942e-07 	-1.39294e-28
0.0772849 	-6.40028e-08 	-3.2881e-07 	-1.08088e-28
0.0777317 	-5.99983e-08 	-3.382e-07 	-7.68826e-29
0.0781784 	-5.64705e-08 	-3.47628e-07 	-4.46841e-29
0.0786251 	-5.30098e-08 	-3.57049e-07 	-1.65825e-29
0.0790719 	-4.97083e-08 	-3.66555e-07 	0
0.0795186 	-4.6667e-08 	-3.76172e-07 	0
0.0799653 	-4.36257e-08 	-3.8579e-07 	0
0.0804121 	-4.08721e-08 	-3.95673e-07 	0
0.0808588 	-3.8157e-08 	-4.05579e-07 	0
0.0813055 	-3.55393e-08 	-4.15631e-07 	-1.18538e-29
0.0817523 	-3.30778e-08 	-4.25879e-07 	-4.2241e-29
0.082199 	-3.06162e-08 	-4.36127e-07 	-7.26282e-29
0.0826457 	-2.83267e-08 	-4.46724e-07 	-1.00561e-28
0.0830925 	-2.60597e-08 	-4.57344e-07 	-1.26955e-28
0.0835392 	-2.38478e-08 	-4.68139e-07 	-1.18632e-28
0.0839859 	-2.17261e-08 	-4.7915e-07 	-6.50595e-29
0.0844327 	-1.96043e-08 	-4.90161e-07 	-1.14875e-29
0.0848794 	-1.75711e-08 	-5.01555e-07 	3.78026e-29
0.0853261 	-1.55517e-08 	-5.12967e-07 	8.49665e-29
0.0857729 	-1.35531e-08 	-5.24569e-07 	9.8849e-29
0.0862196 	-1.15979e-08 	-5.3639e-07 	7.56642e-29
0.0866663 	-9.64263e-09 	-5.4821e-07 	5.24793e-29
0.0871131 	-7.70668e-09 	-5.60422e-07 	3.09484e-29
0.0875598 	-5.78042e-09 	-5.72644e-07 	1.01789e-29
0.0880065 	-3.84733e-09 	-4.70942e-07 	0
0.0884533 	-1.92603e-09 	-2.38197e-07 	0
0.0889 	0 	0 	0
