0 	506.15 	3.55391e-05
0.000446734 	506.127 	3.54079e-05
0.000893467 	506.104 	3.52755e-05
0.0013402 	506.081 	3.49773e-05
0.00178693 	506.058 	3.45201e-05
0.00223367 	506.035 	3.40533e-05
0.0026804 	506.012 	3.31847e-05
0.00312714 	505.99 	3.23161e-05
0.00357387 	505.967 	3.12096e-05
0.0040206 	505.945 	2.98979e-05
0.00446734 	505.923 	2.8564e-05
0.00491407 	505.902 	2.68137e-05
0.0053608 	505.881 	2.50634e-05
0.00580754 	505.861 	2.30942e-05
0.00625427 	505.841 	2.09566e-05
0.00670101 	505.822 	1.87958e-05
0.00714774 	505.804 	1.63704e-05
0.00759447 	505.785 	1.39451e-05
0.00804121 	505.768 	1.14176e-05
0.00848794 	505.752 	8.82156e-06
0.00893467 	505.736 	6.21777e-06
0.00938141 	505.722 	3.56089e-06
0.00982814 	505.707 	9.04017e-07
0.0102749 	505.694 	-1.73584e-06
0.0107216 	505.681 	-4.36258e-06
0.0111683 	505.669 	-6.97802e-06
0.0116151 	505.658 	-9.50455e-06
0.0120618 	505.647 	-1.20311e-05
0.0125085 	505.637 	-1.4462e-05
0.0129553 	505.628 	-1.68369e-05
0.013402 	505.619 	-1.91847e-05
0.0138487 	505.612 	-2.13729e-05
0.0142955 	505.604 	-2.35612e-05
0.0147422 	505.597 	-2.56125e-05
0.0151889 	505.591 	-2.75932e-05
0.0156357 	505.585 	-2.95365e-05
0.0160824 	505.58 	-3.13008e-05
0.0165291 	505.575 	-3.30651e-05
0.0169759 	505.571 	-3.46818e-05
0.0174226 	505.567 	-3.62308e-05
0.0178693 	505.564 	-3.77387e-05
0.0183161 	505.561 	-3.9081e-05
0.0187628 	505.558 	-4.04232e-05
0.0192095 	505.556 	-4.16281e-05
0.0196563 	505.553 	-4.27773e-05
0.020103 	505.552 	-4.38869e-05
0.0205497 	505.55 	-4.48599e-05
0.0209965 	505.549 	-4.58329e-05
0.0214432 	505.548 	-4.66897e-05
0.0218899 	505.547 	-4.75051e-05
0.0223367 	505.547 	-4.8286e-05
0.0227834 	505.546 	-4.89628e-05
0.0232302 	505.546 	-4.96397e-05
0.0236769 	505.546 	-5.0225e-05
0.0241236 	505.546 	-5.07818e-05
0.0245704 	505.547 	-5.13104e-05
0.0250171 	505.547 	-5.17646e-05
0.0254638 	505.548 	-5.22188e-05
0.0259106 	505.548 	-5.26046e-05
0.0263573 	505.549 	-5.2972e-05
0.026804 	505.55 	-5.33176e-05
0.0272508 	505.551 	-5.36123e-05
0.0276975 	505.552 	-5.3907e-05
0.0281442 	505.553 	-5.41525e-05
0.028591 	505.555 	-5.43867e-05
0.0290377 	505.556 	-5.46046e-05
0.0294844 	505.557 	-5.47887e-05
0.0299312 	505.559 	-5.49728e-05
0.0303779 	505.56 	-5.51221e-05
0.0308246 	505.562 	-5.52646e-05
0.0312714 	505.563 	-5.53951e-05
0.0317181 	505.565 	-5.55031e-05
0.0321648 	505.566 	-5.56111e-05
0.0326116 	505.568 	-5.5694e-05
0.0330583 	505.57 	-5.57729e-05
0.033505 	505.571 	-5.58425e-05
0.0339518 	505.573 	-5.58965e-05
0.0343985 	505.575 	-5.59504e-05
0.0348452 	505.576 	-5.59849e-05
0.035292 	505.578 	-5.60168e-05
0.0357387 	505.58 	-5.60406e-05
0.0361854 	505.582 	-5.60522e-05
0.0366322 	505.584 	-5.60638e-05
0.0370789 	505.585 	-5.60576e-05
0.0375256 	505.587 	-5.60496e-05
0.0379724 	505.589 	-5.60332e-05
0.0384191 	505.591 	-5.60053e-05
0.0388658 	505.592 	-5.59773e-05
0.0393126 	505.594 	-5.59295e-05
0.0397593 	505.596 	-5.58802e-05
0.040206 	505.597 	-5.58202e-05
0.0406528 	505.599 	-5.57471e-05
0.0410995 	505.601 	-5.56739e-05
0.0415462 	505.602 	-5.55743e-05
0.041993 	505.604 	-5.54736e-05
0.0424397 	505.606 	-5.53575e-05
0.0428864 	505.607 	-5.52241e-05
0.0433332 	505.609 	-5.50904e-05
0.0437799 	505.61 	-5.49189e-05
0.0442266 	505.612 	-5.47465e-05
0.0446734 	505.613 	-5.45506e-05
0.0451201 	505.614 	-5.43309e-05
0.0455668 	505.616 	-5.41102e-05
0.0460136 	505.617 	-5.38341e-05
0.0464603 	505.618 	-5.35574e-05
0.046907 	505.619 	-5.32449e-05
0.0473538 	505.62 	-5.28995e-05
0.0478005 	505.621 	-5.25513e-05
0.0482472 	505.621 	-5.21235e-05
0.048694 	505.622 	-5.16958e-05
0.0491407 	505.622 	-5.12147e-05
0.0495874 	505.622 	-5.06892e-05
0.0500342 	505.623 	-5.01569e-05
0.0504809 	505.623 	-4.95166e-05
0.0509276 	505.623 	-4.88762e-05
0.0513744 	505.622 	-4.81597e-05
0.0518211 	505.622 	-4.7386e-05
0.0522678 	505.621 	-4.65995e-05
0.0527146 	505.62 	-4.56734e-05
0.0531613 	505.619 	-4.47473e-05
0.053608 	505.617 	-4.37187e-05
0.0540548 	505.615 	-4.2621e-05
0.0545015 	505.613 	-4.15025e-05
0.0549482 	505.611 	-4.02153e-05
0.055395 	505.608 	-3.89282e-05
0.0558417 	505.605 	-3.75137e-05
0.0562884 	505.601 	-3.60219e-05
0.0567352 	505.598 	-3.4501e-05
0.0571819 	505.593 	-3.27941e-05
0.0576286 	505.589 	-3.10871e-05
0.0580754 	505.583 	-2.92383e-05
0.0585221 	505.577 	-2.73124e-05
0.0589688 	505.571 	-2.53522e-05
0.0594156 	505.564 	-2.3213e-05
0.0598623 	505.557 	-2.10737e-05
0.060309 	505.549 	-1.88023e-05
0.0607558 	505.54 	-1.64669e-05
0.0612025 	505.531 	-1.41007e-05
0.0616492 	505.521 	-1.16004e-05
0.062096 	505.511 	-9.10007e-06
0.0625427 	505.499 	-6.51709e-06
0.0629894 	505.487 	-3.89883e-06
0.0634362 	505.474 	-1.2689e-06
0.0638829 	505.461 	1.40262e-06
0.0643296 	505.447 	4.07414e-06
0.0647764 	505.431 	6.72368e-06
0.0652231 	505.416 	9.364e-06
0.0656698 	505.399 	1.19731e-05
0.0661166 	505.382 	1.44782e-05
0.0665633 	505.364 	1.69832e-05
0.0670101 	505.345 	1.93006e-05
0.0674568 	505.326 	2.1554e-05
0.0679035 	505.307 	2.3714e-05
0.0683503 	505.286 	2.56079e-05
0.068797 	505.265 	2.75018e-05
0.0692437 	505.244 	2.90597e-05
0.0696905 	505.222 	3.05188e-05
0.0701372 	505.2 	3.18527e-05
0.0705839 	505.177 	3.28757e-05
0.0710307 	505.155 	3.38986e-05
0.0714774 	505.132 	3.4608e-05
0.0719241 	505.109 	3.52378e-05
0.0723709 	505.084 	3.57136e-05
0.0728176 	505.056 	3.58331e-05
0.0732643 	505.028 	3.59526e-05
0.0737111 	504.975 	3.58823e-05
0.0741578 	504.917 	3.57785e-05
0.0746045 	504.849 	3.58302e-05
0.0750513 	504.765 	3.62095e-05
0.075498 	504.68 	3.65888e-05
0.0759447 	504.596 	3.72655e-05
0.0763915 	504.511 	3.79881e-05
0.0768382 	504.426 	3.8677e-05
0.0772849 	504.341 	3.93053e-05
0.0777317 	504.256 	3.99336e-05
0.0781784 	504.171 	4.04734e-05
0.0786251 	504.086 	4.09993e-05
0.0790719 	504.002 	4.14909e-05
0.0795186 	503.917 	4.19254e-05
0.0799653 	503.832 	4.23599e-05
0.0804121 	503.748 	4.27253e-05
0.0808588 	503.663 	4.30818e-05
0.0813055 	503.579 	4.3412e-05
0.0817523 	503.495 	4.37023e-05
0.082199 	503.41 	4.39926e-05
0.0826457 	503.326 	4.42309e-05
0.0830925 	503.242 	4.44641e-05
0.0835392 	503.158 	4.46761e-05
0.0839859 	503.074 	4.48592e-05
0.0844327 	502.989 	4.50424e-05
0.0848794 	502.905 	4.51833e-05
0.0853261 	502.821 	4.53213e-05
0.0857729 	502.737 	4.54406e-05
0.0862196 	502.653 	4.55372e-05
0.0866663 	502.569 	4.56337e-05
0.0871131 	502.486 	4.56922e-05
0.0875598 	502.402 	4.57494e-05
0.0880065 	502.318 	4.57881e-05
0.0884533 	502.234 	4.58071e-05
0.0889 	502.15 	4.58261e-05
