0 	0 	0 	0
0.000446734 	-1.00678e-05 	-4.84305e-05 	8.21062e-26
0.000893467 	-2.01356e-05 	-9.68609e-05 	1.64212e-25
0.0013402 	-3.04711e-05 	-0.000134073 	2.88358e-25
0.00178693 	-4.10613e-05 	-0.000160613 	4.52493e-25
0.00223367 	-5.13041e-05 	-0.000186233 	6.10489e-25
0.0026804 	-4.80018e-05 	-0.000176011 	5.2908e-25
0.00312714 	-4.46995e-05 	-0.000165789 	4.47672e-25
0.00357387 	-2.58108e-05 	-0.000129539 	2.78263e-25
0.0040206 	6.4894e-06 	-7.08949e-05 	3.31312e-26
0.00446734 	4.10289e-05 	-9.42998e-06 	-2.01743e-25
0.00491407 	0.000118115 	0.000105622 	-2.41725e-25
0.0053608 	0.000195201 	0.000220674 	-2.81707e-25
0.00580754 	0.000305546 	0.00036881 	-1.89124e-25
0.00625427 	0.00044176 	0.000542677 	6.56339e-27
0.00670101 	0.000583137 	0.000720513 	2.01864e-25
0.00714774 	0.000788191 	0.000947304 	3.92394e-25
0.00759447 	0.000993245 	0.00117409 	5.82923e-25
0.00804121 	0.0012395 	0.00142282 	5.94135e-25
0.00848794 	0.00151469 	0.00168694 	4.79444e-25
0.00893467 	0.00179601 	0.00195247 	3.72695e-25
0.00938141 	0.00213258 	0.00223056 	3.37418e-25
0.00982814 	0.00246915 	0.00250865 	3.02141e-25
0.0102749 	0.00283305 	0.00277936 	4.43438e-25
0.0107216 	0.00321423 	0.00304539 	6.96444e-25
0.0111683 	0.00359845 	0.00330705 	8.98343e-25
0.0116151 	0.00400389 	0.00353814 	7.42489e-25
0.0120618 	0.00440933 	0.00376923 	5.86635e-25
0.0125085 	0.00481784 	0.003968 	2.40631e-25
0.0129553 	0.0052281 	0.00414839 	-2.13497e-25
0.013402 	0.00563675 	0.00432005 	-6.26478e-25
0.0138487 	0.0060363 	0.00444226 	-8.06286e-25
0.0142955 	0.00643585 	0.00456447 	-9.86095e-25
0.0147422 	0.00682132 	0.00464796 	-9.09842e-25
0.0151889 	0.0071996 	0.00471172 	-7.03144e-25
0.0156357 	0.00757313 	0.00476608 	-4.48785e-25
0.0160824 	0.00792422 	0.00477617 	3.02557e-26
0.0165291 	0.00827532 	0.00478625 	5.09296e-25
0.0169759 	0.00860607 	0.00476464 	6.55163e-25
0.0174226 	0.00892756 	0.00472863 	6.49586e-25
0.0178693 	0.00924312 	0.0046851 	5.93256e-25
0.0183161 	0.00953493 	0.00461154 	3.33909e-25
0.0187628 	0.00982673 	0.00453797 	7.45622e-26
0.0192095 	0.0100982 	0.0044436 	0
0.0196563 	0.0103615 	0.00434082 	0
0.020103 	0.0106188 	0.00423316 	-6.51138e-26
0.0205497 	0.0108554 	0.00410865 	-3.54509e-25
0.0209965 	0.0110919 	0.00398415 	-6.43903e-25
0.0214432 	0.0113102 	0.00384829 	-1.0387e-24
0.0218899 	0.0115219 	0.0037084 	-1.471e-24
0.0223367 	0.0117279 	0.00356596 	-1.77469e-24
0.0227834 	0.0119168 	0.00341586 	-1.69251e-24
0.0232302 	0.0121056 	0.00326577 	-1.61034e-24
0.0236769 	0.0122783 	0.00311101 	-1.08766e-24
0.0241236 	0.012446 	0.00295481 	-4.27768e-25
0.0245704 	0.0126083 	0.00279779 	1.87473e-25
0.0250171 	0.0127564 	0.00263862 	6.85008e-25
0.0254638 	0.0129045 	0.00247945 	1.18254e-24
0.0259106 	0.0130383 	0.00231977 	1.22341e-24
0.0263573 	0.0131683 	0.00215995 	1.14105e-24
0.026804 	0.0132932 	0.00200044 	1.03922e-24
0.0272508 	0.0134063 	0.00184163 	8.91957e-25
0.0276975 	0.0135194 	0.00168282 	7.44697e-25
0.0281442 	0.0136197 	0.00152573 	7.7083e-25
0.028591 	0.013717 	0.00136903 	8.36977e-25
0.0290377 	0.0138095 	0.00121324 	8.14961e-25
0.0294844 	0.013892 	0.00105932 	6.09839e-25
0.0299312 	0.0139745 	0.000905405 	4.04717e-25
0.0303779 	0.0140453 	0.000754088 	-8.67818e-26
0.0308246 	0.0141137 	0.000603277 	-6.33846e-25
0.0312714 	0.0141774 	0.000453578 	-9.67716e-25
0.0317181 	0.0142324 	0.000305946 	-9.05652e-25
0.0321648 	0.0142874 	0.000158315 	-8.43589e-25
0.0326116 	0.0143312 	1.33309e-05 	-2.65893e-25
0.0330583 	0.0143732 	-0.000131231 	3.94004e-25
0.033505 	0.0144104 	-0.000274719 	8.53847e-25
0.0339518 	0.0144396 	-0.000416419 	9.80264e-25
0.0343985 	0.0144688 	-0.00055812 	1.10668e-24
0.0348452 	0.0144869 	-0.000697487 	7.22808e-25
0.035292 	0.0145035 	-0.000836559 	2.7425e-25
0.0357387 	0.014515 	-0.000974666 	2.61579e-26
0.0361854 	0.014519 	-0.00111133 	7.87657e-26
0.0366322 	0.014523 	-0.00124799 	1.31374e-25
0.0370789 	0.0145153 	-0.00138259 	5.75814e-25
0.0375256 	0.0145065 	-0.00151699 	1.05783e-24
0.0379724 	0.0144921 	-0.00165045 	1.23263e-24
0.0384191 	0.0144701 	-0.00178262 	9.91787e-25
0.0388658 	0.0144482 	-0.0019148 	7.50945e-25
0.0393126 	0.0144133 	-0.00204475 	1.01872e-26
0.0397593 	0.0143776 	-0.00217454 	-7.63898e-25
0.040206 	0.0143353 	-0.00230307 	-1.24109e-24
0.0406528 	0.014285 	-0.00243005 	-1.35541e-24
0.0410995 	0.0142346 	-0.00255703 	-1.46973e-24
0.0415462 	0.0141689 	-0.00268049 	-1.12809e-24
0.041993 	0.0141025 	-0.00280382 	-7.6868e-25
0.0424397 	0.0140276 	-0.00292476 	-5.23036e-25
0.0428864 	0.0139433 	-0.00304305 	-4.03127e-25
0.0433332 	0.0138589 	-0.00316135 	-2.83219e-25
0.0437799 	0.0137539 	-0.00327258 	-2.25406e-25
0.0442266 	0.0136486 	-0.00338373 	-1.6838e-25
0.0446734 	0.013531 	-0.00348979 	-1.11753e-25
0.0451201 	0.0134009 	-0.00359076 	-5.5525e-26
0.0455668 	0.0132705 	-0.00369156 	1.99211e-27
0.0460136 	0.0131108 	-0.00377835 	1.61361e-25
0.0464603 	0.0129512 	-0.00386514 	3.20729e-25
0.046907 	0.012773 	-0.00394186 	6.10342e-25
0.0473538 	0.0125781 	-0.00400947 	1.01779e-24
0.0478005 	0.0123817 	-0.00407615 	1.40765e-24
0.0482472 	0.012146 	-0.00411893 	1.34574e-24
0.048694 	0.0119103 	-0.00416171 	1.28383e-24
0.0491407 	0.0116496 	-0.00418766 	1.0161e-24
0.0495874 	0.0113685 	-0.00419985 	5.79968e-25
0.0500342 	0.0110845 	-0.00420981 	1.71048e-25
0.0504809 	0.0107557 	-0.0041864 	1.70246e-25
0.0509276 	0.0104269 	-0.00416299 	1.69444e-25
0.0513744 	0.0100716 	-0.00411729 	1.85592e-25
0.0518211 	0.00969662 	-0.0040551 	2.14268e-25
0.0522678 	0.00931814 	-0.00398949 	2.31977e-25
0.0527146 	0.00890317 	-0.00388818 	1.3532e-25
0.0531613 	0.0084882 	-0.00378687 	3.86629e-26
0.053608 	0.00805609 	-0.00366403 	0
0.0540548 	0.00761257 	-0.00352684 	0
0.0545015 	0.00716763 	-0.00338638 	0
0.0549482 	0.00671156 	-0.00322022 	0
0.055395 	0.00625548 	-0.00305406 	0
0.0558417 	0.00580333 	-0.00287599 	2.43217e-26
0.0562884 	0.00535354 	-0.00269077 	6.32364e-26
0.0567352 	0.00490723 	-0.0025045 	1.01566e-25
0.0571819 	0.00448274 	-0.0023116 	1.36226e-25
0.0576286 	0.00405824 	-0.00211869 	1.70885e-25
0.0580754 	0.00366073 	-0.00192776 	1.68276e-25
0.0585221 	0.00327775 	-0.00173789 	1.45599e-25
0.0589688 	0.0029033 	-0.00154983 	1.16342e-25
0.0594156 	0.00257279 	-0.00137104 	5.31764e-26
0.0598623 	0.00224229 	-0.00119226 	-9.98969e-27
0.060309 	0.0019503 	-0.0010238 	-4.98516e-26
0.0607558 	0.00167685 	-0.000860304 	-7.8493e-26
0.0612025 	0.00141389 	-0.000699861 	-9.20403e-26
0.0616492 	0.00119637 	-0.000552644 	-4.01797e-26
0.062096 	0.000978855 	-0.000405427 	1.16808e-26
0.0625427 	0.000797281 	-0.000270058 	5.13651e-26
0.0629894 	0.000631111 	-0.000139767 	8.5831e-26
0.0634362 	0.000474727 	-1.40848e-05 	1.12094e-25
0.0638829 	0.000354611 	9.45167e-05 	1.07959e-25
0.0643296 	0.000234495 	0.000203118 	1.03824e-25
0.0647764 	0.000144709 	0.000286949 	1.08998e-25
0.0652231 	6.64281e-05 	0.000361384 	1.17704e-25
0.0656698 	-2.81853e-06 	0.000423315 	1.24408e-25
0.0661166 	-4.30601e-05 	0.0004451 	1.2468e-25
0.0665633 	-8.33017e-05 	0.000466885 	1.24952e-25
0.0670101 	-9.98426e-05 	0.000438332 	9.33534e-26
0.0674568 	-0.000108483 	0.000393001 	5.11308e-26
0.0679035 	-0.000111853 	0.000330977 	1.20048e-26
0.0683503 	-0.000100412 	0.000222056 	-1.84211e-26
0.068797 	-8.8971e-05 	0.000113135 	-4.8847e-26
0.0692437 	-7.31927e-05 	-2.23679e-05 	-5.38069e-26
0.0696905 	-5.61552e-05 	-0.000165588 	-5.13735e-26
0.0701372 	-4.0619e-05 	-0.000303495 	-5.16335e-26
0.0705839 	-2.88036e-05 	-0.000428233 	-5.85688e-26
0.0710307 	-1.69881e-05 	-0.000552972 	-6.5504e-26
0.0714774 	-1.06142e-05 	-0.000605646 	-5.92908e-26
0.0719241 	-5.60077e-06 	-0.000640304 	-4.97906e-26
0.0723709 	-1.77491e-06 	-0.000621967 	-3.52843e-26
0.0728176 	-5.61815e-07 	-0.000487038 	-9.76432e-27
0.0732643 	6.51285e-07 	-0.00035211 	1.57556e-26
0.0737111 	7.15204e-07 	-0.000224661 	1.98617e-26
0.0741578 	5.35356e-07 	-9.87998e-05 	1.94255e-26
0.0746045 	3.87075e-07 	-1.33375e-05 	1.65515e-26
0.0750513 	3.00755e-07 	-7.17766e-06 	8.89217e-27
0.075498 	2.14435e-07 	-1.01782e-06 	1.23287e-27
0.0759447 	2.23354e-07 	-9.74233e-08 	2.24373e-29
0.0763915 	2.49079e-07 	-1.01633e-07 	-4.99591e-29
0.0768382 	2.64407e-07 	-1.0617e-07 	-6.725e-29
0.0772849 	2.61449e-07 	-1.1128e-07 	1.23687e-29
0.0777317 	2.58491e-07 	-1.1639e-07 	9.19874e-29
0.0781784 	2.53887e-07 	-1.22127e-07 	2.48394e-28
0.0786251 	2.49048e-07 	-1.27953e-07 	4.15769e-28
0.0790719 	2.43587e-07 	-1.34073e-07 	5.59458e-28
0.0795186 	2.3714e-07 	-1.4066e-07 	6.65707e-28
0.0799653 	2.30694e-07 	-1.47247e-07 	7.71956e-28
0.0804121 	2.2297e-07 	-1.5455e-07 	7.45575e-28
0.0808588 	2.15104e-07 	-1.61932e-07 	7.04457e-28
0.0813055 	2.06706e-07 	-1.69665e-07 	5.57282e-28
0.0817523 	1.9755e-07 	-1.77896e-07 	2.59055e-28
0.082199 	1.88394e-07 	-1.86127e-07 	-3.91719e-29
0.0826457 	1.78139e-07 	-1.95222e-07 	-3.44746e-28
0.0830925 	1.67794e-07 	-2.04386e-07 	-6.50916e-28
0.0835392 	1.56971e-07 	-2.14011e-07 	-8.50168e-28
0.0839859 	1.45533e-07 	-2.24229e-07 	-9.11953e-28
0.0844327 	1.34095e-07 	-2.34447e-07 	-9.73739e-28
0.0848794 	1.21727e-07 	-2.45813e-07 	-6.41126e-28
0.0853261 	1.09311e-07 	-2.57238e-07 	-2.87755e-28
0.0857729 	9.65129e-08 	-2.69304e-07 	-8.23732e-29
0.0862196 	8.32728e-08 	-2.82114e-07 	-4.89786e-29
0.0866663 	7.00327e-08 	-2.94924e-07 	-1.55839e-29
0.0871131 	5.62002e-08 	-3.09248e-07 	-4.80763e-28
0.0875598 	4.23525e-08 	-3.23611e-07 	-9.58725e-28
0.0880065 	2.83462e-08 	-2.66108e-07 	-9.67784e-28
0.0884533 	1.41731e-08 	-1.33054e-07 	-4.83892e-28
0.0889 	4.16125e-22 	-9.18058e-21 	-3.80669e-41
