5.55112e-20 	-1.10923e-20 	4.84155e-19 	0
0.000446734 	-0.000119376 	0.00357049 	9.80976e-29
0.000893467 	-0.000453757 	0.00520046 	5.08685e-28
0.0013402 	-0.00092081 	0.00607873 	2.93935e-28
0.00178693 	-0.00133659 	0.00641962 	2.66933e-29
0.00223367 	-0.00180229 	0.00644664 	2.54627e-29
0.0026804 	-0.0022178 	0.00635038 	0
0.00312714 	-0.00260535 	0.00607286 	0
0.00357387 	-0.00298928 	0.00575144 	0
0.0040206 	-0.00327886 	0.00527496 	0
0.00446734 	-0.00361506 	0.00478617 	0
0.00491407 	-0.00381851 	0.00415542 	0
0.0053608 	-0.00407842 	0.00352718 	0
0.00580754 	-0.00419293 	0.00277431 	0
0.00625427 	-0.00431939 	0.00202416 	0
0.00670101 	-0.00437286 	0.00121021 	1.83864e-28
0.00714774 	-0.00433803 	0.000401306 	8.62088e-28
0.00759447 	-0.00432374 	-0.000425024 	0
0.00804121 	-0.00414506 	-0.00121211 	1.33977e-27
0.00848794 	-0.00405116 	-0.0019893 	0
0.00893467 	-0.00377893 	-0.00268424 	-8.58067e-28
0.00938141 	-0.0035821 	-0.00334381 	1.66142e-28
0.00982814 	-0.00325158 	-0.00387303 	2.70641e-27
0.0102749 	-0.00293109 	-0.00431879 	1.06582e-26
0.0107216 	-0.00258722 	-0.00463146 	1.17491e-26
0.0111683 	-0.0021837 	-0.00477569 	6.3309e-27
0.0116151 	-0.0018474 	-0.0048409 	4.12131e-27
0.0120618 	-0.00144195 	-0.0046929 	8.58055e-28
0.0125085 	-0.00112685 	-0.00451493 	-6.56964e-29
0.0129553 	-0.000793001 	-0.00416511 	-8.36922e-28
0.013402 	-0.000514715 	-0.0038193 	-2.71727e-28
0.0138487 	-0.000280071 	-0.00337091 	2.64055e-28
0.0142955 	-6.13367e-05 	-0.00294718 	6.22878e-29
0.0147422 	8.54346e-05 	-0.00250393 	1.56329e-27
0.0151889 	0.000214509 	-0.00211179 	6.00397e-27
0.0156357 	0.000297033 	-0.00174754 	8.38598e-27
0.0160824 	0.000334655 	-0.00146989 	7.17851e-27
0.0165291 	0.000361201 	-0.00123987 	7.84243e-27
0.0169759 	0.000332056 	-0.00109152 	3.64614e-27
0.0174226 	0.000314794 	-0.00100214 	2.0632e-28
0.0178693 	0.000254448 	-0.000968987 	-2.91541e-27
0.0183161 	0.000205273 	-0.000984865 	-7.41556e-27
0.0187628 	0.000142726 	-0.00100559 	-8.56732e-27
0.0192095 	8.94655e-05 	-0.00103468 	-8.16537e-27
0.0196563 	4.30664e-05 	-0.00102948 	-7.18713e-27
0.020103 	1.94567e-05 	-0.000923008 	-2.71203e-27
0.0205497 	2.70802e-06 	-0.000767805 	-4.77638e-28
0.0209965 	-1.08015e-06 	-0.000421225 	2.93528e-28
0.0214432 	-2.11469e-07 	-9.00784e-05 	0
0.0218899 	-1.34527e-07 	-1.07129e-07 	1.78366e-30
0.0223367 	-1.73867e-07 	-6.22131e-08 	2.57259e-32
0.0227834 	-1.89823e-07 	-3.97976e-08 	0
0.0232302 	-1.95575e-07 	-3.82945e-08 	0
0.0236769 	-2.00712e-07 	-3.76106e-08 	0
0.0241236 	-2.02123e-07 	-3.58385e-08 	0
0.0245704 	-2.02266e-07 	-3.43543e-08 	0
0.0250171 	-2.02507e-07 	-3.2635e-08 	0
0.0254638 	-2.02084e-07 	-3.10134e-08 	1.31321e-30
0.0259106 	-2.0174e-07 	-2.93925e-08 	7.34379e-30
0.0263573 	-2.01159e-07 	-2.78795e-08 	1.75089e-29
0.026804 	-2.00628e-07 	-2.64416e-08 	1.53946e-29
0.0272508 	-1.99975e-07 	-2.51159e-08 	6.40235e-30
0.0276975 	-1.99384e-07 	-2.39162e-08 	-1.35071e-31
0.0281442 	-1.98697e-07 	-2.27946e-08 	-6.40612e-30
0.028591 	-1.98065e-07 	-2.18591e-08 	-1.26962e-29
0.0290377 	-1.97381e-07 	-2.09436e-08 	-7.14747e-30
0.0294844 	-1.96699e-07 	-2.02637e-08 	-3.45644e-30
0.0299312 	-1.96027e-07 	-1.95846e-08 	-9.39902e-30
0.0303779 	-1.95293e-07 	-1.90961e-08 	-1.37496e-29
0.0308246 	-1.94613e-07 	-1.86519e-08 	-1.61627e-29
0.0312714 	-1.93839e-07 	-1.83153e-08 	-2.20505e-29
0.0317181 	-1.93113e-07 	-1.80734e-08 	-1.94676e-29
0.0321648 	-1.92301e-07 	-1.78723e-08 	-1.23127e-29
0.0326116 	-1.91496e-07 	-1.77927e-08 	-9.61539e-30
0.0330583 	-1.90646e-07 	-1.77126e-08 	-3.01584e-30
0.033505 	-1.89749e-07 	-1.77549e-08 	-4.66305e-31
0.0339518 	-1.88849e-07 	-1.77952e-08 	0
0.0343985 	-1.87867e-07 	-1.79157e-08 	2.11902e-31
0.0348452 	-1.86895e-07 	-1.80641e-08 	1.83029e-30
0.035292 	-1.85845e-07 	-1.82355e-08 	1.33331e-30
0.0357387 	-1.84788e-07 	-1.84605e-08 	2.94788e-30
0.0361854 	-1.83676e-07 	-1.86752e-08 	3.50893e-30
0.0366322 	-1.82528e-07 	-1.89447e-08 	3.42864e-30
0.0370789 	-1.81354e-07 	-1.91939e-08 	9.37535e-30
0.0375256 	-1.80118e-07 	-1.94805e-08 	1.32736e-29
0.0379724 	-1.7888e-07 	-1.97615e-08 	1.22277e-29
0.0384191 	-1.77569e-07 	-2.00489e-08 	1.35721e-29
0.0388658 	-1.76254e-07 	-2.03493e-08 	8.40008e-30
0.0393126 	-1.74889e-07 	-2.06296e-08 	2.7235e-30
0.0397593 	-1.73501e-07 	-2.09329e-08 	0
0.040206 	-1.72085e-07 	-2.12069e-08 	0
0.0406528 	-1.7063e-07 	-2.14959e-08 	0
0.0410995 	-1.69168e-07 	-2.17597e-08 	0
0.0415462 	-1.67658e-07 	-2.2021e-08 	0
0.041993 	-1.6615e-07 	-2.2276e-08 	0
0.0424397 	-1.64595e-07 	-2.25064e-08 	0
0.0428864 	-1.63035e-07 	-2.27415e-08 	0
0.0433332 	-1.61452e-07 	-2.29457e-08 	0
0.0437799 	-1.59848e-07 	-2.31554e-08 	0
0.0442266 	-1.58238e-07 	-2.3337e-08 	0
0.0446734 	-1.56601e-07 	-2.35145e-08 	-1.68961e-30
0.0451201 	-1.54968e-07 	-2.3673e-08 	-2.73638e-30
0.0455668 	-1.53308e-07 	-2.38151e-08 	-4.93299e-30
0.0460136 	-1.51652e-07 	-2.39524e-08 	-1.45891e-29
0.0464603 	-1.49977e-07 	-2.40604e-08 	-1.85689e-29
0.046907 	-1.48299e-07 	-2.41693e-08 	-1.9052e-29
0.0473538 	-1.46617e-07 	-2.42517e-08 	-1.94026e-29
0.0478005 	-1.44923e-07 	-2.43308e-08 	-1.19831e-29
0.0482472 	-1.43235e-07 	-2.43908e-08 	-4.35182e-30
0.048694 	-1.41534e-07 	-2.44398e-08 	0
0.0491407 	-1.39842e-07 	-2.44784e-08 	0
0.0495874 	-1.38142e-07 	-2.4499e-08 	0
0.0500342 	-1.36446e-07 	-2.45173e-08 	0
0.0504809 	-1.34751e-07 	-2.45124e-08 	0
0.0509276 	-1.33056e-07 	-2.45068e-08 	0
0.0513744 	-1.31369e-07 	-2.44831e-08 	3.32859e-31
0.0518211 	-1.29678e-07 	-2.44531e-08 	5.37282e-30
0.0522678 	-1.27999e-07 	-2.44136e-08 	1.36105e-29
0.0527146 	-1.26317e-07 	-2.43616e-08 	1.78378e-29
0.0531613 	-1.24647e-07 	-2.43069e-08 	1.69117e-29
0.053608 	-1.2298e-07 	-2.42363e-08 	1.55904e-29
0.0540548 	-1.2132e-07 	-2.41669e-08 	7.09363e-30
0.0545015 	-1.19671e-07 	-2.40812e-08 	2.36013e-30
0.0549482 	-1.18022e-07 	-2.39953e-08 	3.13365e-30
0.055395 	-1.16391e-07 	-2.38988e-08 	1.92916e-30
0.0558417 	-1.14759e-07 	-2.3796e-08 	5.14488e-30
0.0562884 	-1.13143e-07 	-2.36909e-08 	3.81022e-30
0.0567352 	-1.11531e-07 	-2.3574e-08 	2.01648e-30
0.0571819 	-1.09931e-07 	-2.346e-08 	2.43957e-30
0.0576286 	-1.08341e-07 	-2.33328e-08 	1.60005e-31
0.0580754 	-1.06757e-07 	-2.32103e-08 	0
0.0585221 	-1.05191e-07 	-2.30766e-08 	0
0.0589688 	-1.03625e-07 	-2.29438e-08 	0
0.0594156 	-1.02082e-07 	-2.2806e-08 	-6.78035e-31
0.0598623 	-1.00539e-07 	-2.26629e-08 	-5.51837e-30
0.060309 	-9.90152e-08 	-2.25225e-08 	-1.345e-29
0.0607558 	-9.74968e-08 	-2.23713e-08 	-1.62302e-29
0.0612025 	-9.59914e-08 	-2.22269e-08 	-1.58485e-29
0.0616492 	-9.44983e-08 	-2.20713e-08 	-1.39643e-29
0.062096 	-9.3012e-08 	-2.19232e-08 	-5.97868e-30
0.0625427 	-9.15448e-08 	-2.17672e-08 	-1.97841e-30
0.0629894 	-9.0078e-08 	-2.16133e-08 	-3.01498e-30
0.0634362 	-8.86361e-08 	-2.1458e-08 	-1.92502e-30
0.0638829 	-8.71947e-08 	-2.12988e-08 	-5.00104e-30
0.0643296 	-8.57725e-08 	-2.11451e-08 	-3.04303e-30
0.0647764 	-8.43568e-08 	-2.09818e-08 	-1.99387e-30
0.0652231 	-8.2954e-08 	-2.08274e-08 	-1.99617e-30
0.0656698 	-8.1564e-08 	-2.06636e-08 	0
0.0661166 	-8.01806e-08 	-2.05089e-08 	0
0.0665633 	-7.88161e-08 	-2.03482e-08 	0
0.0670101 	-7.74521e-08 	-2.01909e-08 	0
0.0674568 	-7.61126e-08 	-2.00342e-08 	9.24531e-31
0.0679035 	-7.47733e-08 	-1.98748e-08 	5.34706e-30
0.0683503 	-7.3453e-08 	-1.97222e-08 	1.25085e-29
0.068797 	-7.21387e-08 	-1.95615e-08 	1.40741e-29
0.0692437 	-7.0837e-08 	-1.94105e-08 	1.42122e-29
0.0696905 	-6.95472e-08 	-1.92518e-08 	1.17033e-29
0.0701372 	-6.82639e-08 	-1.91023e-08 	4.7978e-30
0.0705839 	-6.69978e-08 	-1.89482e-08 	1.43829e-30
0.0710307 	-6.57328e-08 	-1.87986e-08 	4.98993e-30
0.0714774 	-6.44897e-08 	-1.86503e-08 	9.99027e-30
0.0719241 	-6.32468e-08 	-1.85006e-08 	4.20456e-30
0.0723709 	-6.20222e-08 	-1.83577e-08 	-6.09082e-31
0.0728176 	-6.08025e-08 	-1.82087e-08 	-8.06202e-30
0.0732643 	-5.95947e-08 	-1.80691e-08 	-2.05291e-29
0.0737111 	-5.83973e-08 	-1.7923e-08 	-2.15218e-29
0.0741578 	-5.72061e-08 	-1.77861e-08 	-1.40336e-29
0.0746045 	-5.603e-08 	-1.76453e-08 	-1.06586e-29
0.0750513 	-5.48554e-08 	-1.75098e-08 	-3.76211e-30
0.075498 	-5.36996e-08 	-1.73757e-08 	-5.36486e-31
0.0759447 	-5.25438e-08 	-1.72413e-08 	0
0.0763915 	-5.14052e-08 	-1.71132e-08 	0
0.0768382 	-5.02701e-08 	-1.69807e-08 	0
0.0772849 	-4.9146e-08 	-1.68569e-08 	0
0.0777317 	-4.80306e-08 	-1.67277e-08 	0
0.0781784 	-4.69211e-08 	-1.66072e-08 	0
0.0786251 	-4.58242e-08 	-1.64834e-08 	0
0.0790719 	-4.4729e-08 	-1.63654e-08 	0
0.0795186 	-4.36495e-08 	-1.62484e-08 	-5.45672e-31
0.0799653 	-4.25699e-08 	-1.61321e-08 	-3.61779e-30
0.0804121 	-4.15057e-08 	-1.60214e-08 	-9.50607e-30
0.0808588 	-4.04439e-08 	-1.59077e-08 	-8.81454e-30
0.0813055 	-3.9392e-08 	-1.58018e-08 	-9.92026e-30
0.0817523 	-3.8347e-08 	-1.56916e-08 	-9.18075e-30
0.082199 	-3.73073e-08 	-1.55892e-08 	-3.781e-30
0.0826457 	-3.62779e-08 	-1.54841e-08 	-4.17507e-30
0.0830925 	-3.52501e-08 	-1.53848e-08 	-1.04982e-29
0.0835392 	-3.42352e-08 	-1.52863e-08 	-1.28881e-29
0.0839859 	-3.32198e-08 	-1.5189e-08 	-1.2723e-29
0.0844327 	-3.22181e-08 	-1.50968e-08 	-1.22439e-29
0.0848794 	-3.12176e-08 	-1.50025e-08 	-6.89415e-30
0.0853261 	-3.02256e-08 	-1.49152e-08 	-2.16e-30
0.0857729 	-2.9239e-08 	-1.48243e-08 	1.35712e-31
0.0862196 	-2.8257e-08 	-1.47404e-08 	1.44775e-31
0.0866663 	-2.72831e-08 	-1.46543e-08 	1.10167e-30
0.0871131 	-2.63106e-08 	-1.45738e-08 	2.36501e-30
0.0875598 	-2.53482e-08 	-1.44937e-08 	2.41658e-30
0.0880065 	-2.43854e-08 	-1.44153e-08 	8.47993e-30
0.0884533 	-2.34336e-08 	-1.43411e-08 	1.07058e-29
0.0889 	-2.24824e-08 	-1.42658e-08 	9.79658e-30
