0 	506.15 	1.32584e-05
0.000446734 	506.129 	1.3249e-05
0.000893467 	506.109 	1.32395e-05
0.0013402 	506.088 	1.32218e-05
0.00178693 	506.068 	1.31963e-05
0.00223367 	506.047 	1.31707e-05
0.0026804 	506.027 	1.31392e-05
0.00312714 	506.006 	1.31078e-05
0.00357387 	505.986 	1.308e-05
0.0040206 	505.966 	1.30554e-05
0.00446734 	505.946 	1.30311e-05
0.00491407 	505.926 	1.30148e-05
0.0053608 	505.906 	1.29985e-05
0.00580754 	505.887 	1.29787e-05
0.00625427 	505.867 	1.29563e-05
0.00670101 	505.848 	1.29319e-05
0.00714774 	505.829 	1.28836e-05
0.00759447 	505.81 	1.28353e-05
0.00804121 	505.791 	1.27654e-05
0.00848794 	505.773 	1.26803e-05
0.00893467 	505.755 	1.25919e-05
0.00938141 	505.737 	1.24726e-05
0.00982814 	505.719 	1.23533e-05
0.0102749 	505.701 	1.22184e-05
0.0107216 	505.684 	1.20735e-05
0.0111683 	505.667 	1.19263e-05
0.0116151 	505.651 	1.17629e-05
0.0120618 	505.635 	1.15995e-05
0.0125085 	505.619 	1.14257e-05
0.0129553 	505.603 	1.1246e-05
0.013402 	505.588 	1.10634e-05
0.0138487 	505.574 	1.08641e-05
0.0142955 	505.559 	1.06649e-05
0.0147422 	505.545 	1.04473e-05
0.0151889 	505.532 	1.02205e-05
0.0156357 	505.518 	9.98657e-06
0.0160824 	505.506 	9.71969e-06
0.0165291 	505.493 	9.4528e-06
0.0169759 	505.482 	9.14784e-06
0.0174226 	505.471 	8.82557e-06
0.0178693 	505.459 	8.48892e-06
0.0183161 	505.449 	8.09476e-06
0.0187628 	505.439 	7.7006e-06
0.0192095 	505.43 	7.24472e-06
0.0196563 	505.421 	6.76393e-06
0.020103 	505.412 	6.26144e-06
0.0205497 	505.404 	5.6842e-06
0.0209965 	505.396 	5.10695e-06
0.0214432 	505.389 	4.45675e-06
0.0218899 	505.382 	3.78058e-06
0.0223367 	505.375 	3.08118e-06
0.0227834 	505.37 	2.31211e-06
0.0232302 	505.364 	1.54303e-06
0.0236769 	505.358 	7.13831e-07
0.0241236 	505.353 	-1.34099e-07
0.0245704 	505.349 	-9.98138e-07
0.0250171 	505.344 	-1.90464e-06
0.0254638 	505.34 	-2.81115e-06
0.0259106 	505.336 	-3.74483e-06
0.0263573 	505.333 	-4.68584e-06
0.026804 	505.33 	-5.62957e-06
0.0272508 	505.327 	-6.57964e-06
0.0276975 	505.324 	-7.52971e-06
0.0281442 	505.321 	-8.46685e-06
0.028591 	505.319 	-9.40101e-06
0.0290377 	505.316 	-1.03224e-05
0.0294844 	505.314 	-1.12173e-05
0.0299312 	505.312 	-1.21121e-05
0.0303779 	505.31 	-1.29563e-05
0.0308246 	505.308 	-1.37907e-05
0.0312714 	505.307 	-1.45971e-05
0.0317181 	505.305 	-1.53518e-05
0.0321648 	505.304 	-1.61064e-05
0.0326116 	505.302 	-1.67776e-05
0.0330583 	505.301 	-1.74355e-05
0.033505 	505.3 	-1.80513e-05
0.0339518 	505.298 	-1.8597e-05
0.0343985 	505.297 	-1.91428e-05
0.0348452 	505.296 	-1.95768e-05
0.035292 	505.295 	-1.99966e-05
0.0357387 	505.294 	-2.03612e-05
0.0361854 	505.293 	-2.06429e-05
0.0366322 	505.292 	-2.09247e-05
0.0370789 	505.291 	-2.10704e-05
0.0375256 	505.29 	-2.12032e-05
0.0379724 	505.289 	-2.12687e-05
0.0384191 	505.287 	-2.12432e-05
0.0388658 	505.286 	-2.12176e-05
0.0393126 	505.285 	-2.10363e-05
0.0397593 	505.284 	-2.08447e-05
0.040206 	505.283 	-2.05754e-05
0.0406528 	505.282 	-2.02111e-05
0.0410995 	505.281 	-1.98469e-05
0.0415462 	505.28 	-1.93117e-05
0.041993 	505.278 	-1.87699e-05
0.0424397 	505.277 	-1.81424e-05
0.0428864 	505.276 	-1.74201e-05
0.0433332 	505.275 	-1.66978e-05
0.0437799 	505.273 	-1.5797e-05
0.0442266 	505.272 	-1.48939e-05
0.0446734 	505.27 	-1.39017e-05
0.0451201 	505.269 	-1.28203e-05
0.0455668 	505.267 	-1.17367e-05
0.0460136 	505.266 	-1.04824e-05
0.0464603 	505.264 	-9.22814e-06
0.046907 	505.262 	-7.88786e-06
0.0473538 	505.261 	-6.46978e-06
0.0478005 	505.259 	-5.04606e-06
0.0482472 	505.257 	-3.47751e-06
0.048694 	505.255 	-1.90897e-06
0.0491407 	505.253 	-2.6771e-07
0.0495874 	505.251 	1.43305e-06
0.0500342 	505.249 	3.14058e-06
0.0504809 	505.247 	4.94987e-06
0.0509276 	505.244 	6.75916e-06
0.0513744 	505.242 	8.61396e-06
0.0518211 	505.239 	1.05024e-05
0.0522678 	505.237 	1.23947e-05
0.0527146 	505.234 	1.43273e-05
0.0531613 	505.231 	1.62598e-05
0.053608 	505.229 	1.81948e-05
0.0540548 	505.226 	2.01314e-05
0.0545015 	505.223 	2.20635e-05
0.0549482 	505.22 	2.39601e-05
0.055395 	505.216 	2.58567e-05
0.0558417 	505.213 	2.76994e-05
0.0562884 	505.21 	2.95099e-05
0.0567352 	505.206 	3.13021e-05
0.0571819 	505.203 	3.29804e-05
0.0576286 	505.199 	3.46587e-05
0.0580754 	505.195 	3.62233e-05
0.0585221 	505.191 	3.77267e-05
0.0589688 	505.187 	3.91959e-05
0.0594156 	505.183 	4.04884e-05
0.0598623 	505.179 	4.1781e-05
0.060309 	505.175 	4.2914e-05
0.0607558 	505.171 	4.39702e-05
0.0612025 	505.166 	4.498e-05
0.0616492 	505.162 	4.57887e-05
0.062096 	505.157 	4.65974e-05
0.0625427 	505.152 	4.72371e-05
0.0629894 	505.147 	4.78044e-05
0.0634362 	505.143 	4.83256e-05
0.0638829 	505.138 	4.86761e-05
0.0643296 	505.133 	4.90265e-05
0.0647764 	505.128 	4.92493e-05
0.0652231 	505.122 	4.94236e-05
0.0656698 	505.117 	4.95681e-05
0.0661166 	505.112 	4.96169e-05
0.0665633 	505.106 	4.96658e-05
0.0670101 	505.101 	4.96591e-05
0.0674568 	505.095 	4.96338e-05
0.0679035 	505.09 	4.96004e-05
0.0683503 	505.084 	4.95439e-05
0.068797 	505.078 	4.94874e-05
0.0692437 	505.072 	4.94288e-05
0.0696905 	505.066 	4.93697e-05
0.0701372 	505.06 	4.93139e-05
0.0705839 	505.054 	4.92664e-05
0.0710307 	505.048 	4.92189e-05
0.0714774 	505.041 	4.91834e-05
0.0719241 	505.035 	4.9151e-05
0.0723709 	505.029 	4.9123e-05
0.0728176 	505.022 	4.91049e-05
0.0732643 	505.016 	4.90867e-05
0.0737111 	505.01 	4.90885e-05
0.0741578 	505.003 	4.90945e-05
0.0746045 	504.996 	4.91025e-05
0.0750513 	504.986 	4.91141e-05
0.075498 	504.977 	4.91258e-05
0.0759447 	504.956 	4.91276e-05
0.0763915 	504.934 	4.91276e-05
0.0768382 	504.894 	4.91284e-05
0.0772849 	504.825 	4.91304e-05
0.0777317 	504.755 	4.91323e-05
0.0781784 	504.655 	4.95648e-05
0.0786251 	504.551 	5.00587e-05
0.0790719 	504.446 	5.07396e-05
0.0795186 	504.342 	5.17161e-05
0.0799653 	504.237 	5.26927e-05
0.0804121 	504.133 	5.36428e-05
0.0808588 	504.028 	5.459e-05
0.0813055 	503.924 	5.55133e-05
0.0817523 	503.82 	5.64029e-05
0.082199 	503.715 	5.72924e-05
0.0826457 	503.611 	5.81044e-05
0.0830925 	503.507 	5.89101e-05
0.0835392 	503.402 	5.96686e-05
0.0839859 	503.298 	6.03665e-05
0.0844327 	503.193 	6.10645e-05
0.0848794 	503.089 	6.16396e-05
0.0853261 	502.985 	6.22084e-05
0.0857729 	502.88 	6.27088e-05
0.0862196 	502.776 	6.31299e-05
0.0866663 	502.672 	6.35511e-05
0.0871131 	502.567 	6.38141e-05
0.0875598 	502.463 	6.40732e-05
0.0880065 	502.359 	6.42485e-05
0.0884533 	502.254 	6.4336e-05
0.0889 	502.15 	6.44234e-05
