0 	0 	0 	0
0.000446734 	-1.33647e-05 	0.000309751 	-6.61357e-27
0.000893467 	-2.67293e-05 	0.000619502 	-1.32271e-26
0.0013402 	-4.65821e-05 	0.000787454 	-1.47723e-26
0.00178693 	-7.26065e-05 	0.000820524 	-1.14964e-26
0.00223367 	-9.85607e-05 	0.000849985 	-8.21891e-27
0.0026804 	-0.000121779 	0.000738686 	-4.88128e-27
0.00312714 	-0.000144997 	0.000627388 	-1.54365e-27
0.00357387 	-0.000163452 	0.000495117 	0
0.0040206 	-0.000177808 	0.000344801 	0
0.00446734 	-0.00019217 	0.000195979 	0
0.00491407 	-0.000206653 	7.55418e-05 	0
0.0053608 	-0.000221136 	-4.48951e-05 	0
0.00580754 	-0.000243255 	-0.000131761 	0
0.00625427 	-0.000271315 	-0.000192516 	0
0.00670101 	-0.000300994 	-0.000249023 	-4.46394e-28
0.00714774 	-0.000350663 	-0.000253135 	-6.39831e-27
0.00759447 	-0.000400332 	-0.000257248 	-1.23502e-26
0.00804121 	-0.000463701 	-0.00023932 	-1.80535e-26
0.00848794 	-0.00053669 	-0.000205916 	-2.35823e-26
0.00893467 	-0.000611844 	-0.000170727 	-2.7963e-26
0.00938141 	-0.000706475 	-0.000119475 	-2.20111e-26
0.00982814 	-0.000801107 	-6.8223e-05 	-1.60591e-26
0.0102749 	-0.00090732 	-1.4464e-05 	-1.03664e-26
0.0107216 	-0.00102086 	4.0881e-05 	-4.83766e-27
0.0111683 	-0.00113639 	9.57305e-05 	-2.50113e-28
0.0116151 	-0.0012658 	0.000147111 	-2.25102e-27
0.0120618 	-0.00139522 	0.000198491 	-4.25192e-27
0.0125085 	-0.00153252 	0.000244453 	-6.0691e-27
0.0129553 	-0.00167431 	0.000287334 	-7.7818e-27
0.013402 	-0.0018173 	0.000328519 	-8.93745e-27
0.0138487 	-0.00196718 	0.000360097 	-6.93655e-27
0.0142955 	-0.00211705 	0.000391675 	-4.93564e-27
0.0147422 	-0.00226893 	0.000414498 	-3.12568e-27
0.0151889 	-0.00242182 	0.000432862 	-1.41298e-27
0.0156357 	-0.00257426 	0.0004487 	0
0.0160824 	-0.00272454 	0.000452627 	0
0.0165291 	-0.00287482 	0.000456555 	0
0.0169759 	-0.00301926 	0.000450218 	0
0.0174226 	-0.00316106 	0.000439217 	0
0.0178693 	-0.00330002 	0.000425299 	0
0.0183161 	-0.00342762 	0.000399714 	0
0.0187628 	-0.00355522 	0.000374129 	0
0.0192095 	-0.00366896 	0.000339029 	0
0.0196563 	-0.0037771 	0.00030009 	0
0.020103 	-0.00387984 	0.000258615 	0
0.0205497 	-0.00396392 	0.000208406 	0
0.0209965 	-0.00404801 	0.000158198 	0
0.0214432 	-0.00411155 	0.00010179 	0
0.0218899 	-0.00416779 	4.31766e-05 	0
0.0223367 	-0.00421635 	-1.6651e-05 	-1.03312e-28
0.0227834 	-0.00424188 	-8.01205e-05 	-5.16562e-28
0.0232302 	-0.00426742 	-0.00014359 	-9.29812e-28
0.0236769 	-0.00426804 	-0.000207678 	-1.29873e-27
0.0241236 	-0.00426089 	-0.000271958 	-1.65385e-27
0.0245704 	-0.00424451 	-0.000335295 	-1.79766e-27
0.0250171 	-0.00420376 	-0.000396146 	-1.38441e-27
0.0254638 	-0.00416302 	-0.000456996 	-9.71162e-28
0.0259106 	-0.0040961 	-0.000511832 	-1.10244e-27
0.0263573 	-0.00402211 	-0.000565045 	-1.38065e-27
0.026804 	-0.00393864 	-0.000614777 	-1.77097e-27
0.0272508 	-0.00383302 	-0.000656386 	-2.42285e-27
0.0276975 	-0.00372741 	-0.000697996 	-3.07474e-27
0.0281442 	-0.00359859 	-0.000727404 	-2.6824e-27
0.028591 	-0.00346441 	-0.000753995 	-2.04907e-27
0.0290377 	-0.00332243 	-0.000774888 	-1.40971e-27
0.0294844 	-0.00316425 	-0.000783945 	-7.57822e-28
0.0299312 	-0.00300607 	-0.000793001 	-1.05932e-28
0.0303779 	-0.00283292 	-0.000786298 	0
0.0308246 	-0.00265686 	-0.000776538 	0
0.0312714 	-0.00247719 	-0.000760274 	0
0.0317181 	-0.00229078 	-0.000731934 	0
0.0321648 	-0.00210437 	-0.000703593 	0
0.0326116 	-0.00191642 	-0.000660882 	-1.01463e-27
0.0330583 	-0.00172824 	-0.000615881 	-2.191e-27
0.033505 	-0.00154276 	-0.000565974 	-3.38253e-27
0.0339518 	-0.00136182 	-0.000507893 	-4.59931e-27
0.0343985 	-0.00118088 	-0.000449812 	-5.81609e-27
0.0348452 	-0.00101403 	-0.000384536 	-4.90894e-27
0.035292 	-0.00084898 	-0.000318349 	-3.73256e-27
0.0357387 	-0.000693205 	-0.000251249 	-2.54002e-27
0.0361854 	-0.000551348 	-0.000182778 	-1.32325e-27
0.0366322 	-0.000409492 	-0.000114308 	-1.06468e-28
0.0370789 	-0.00029347 	-4.92369e-05 	1.93869e-28
0.0375256 	-0.000179924 	1.5508e-05 	4.06327e-28
0.0379724 	-7.94597e-05 	7.62851e-05 	5.97941e-28
0.0384191 	3.30823e-06 	0.000131694 	7.61352e-28
0.0388658 	8.60761e-05 	0.000187103 	9.24763e-28
0.0393126 	0.000140099 	0.000229209 	7.35796e-28
0.0397593 	0.000192205 	0.000270427 	5.23337e-28
0.040206 	0.000231523 	0.000303544 	3.3295e-28
0.0406528 	0.00025521 	0.000326759 	1.69539e-28
0.0410995 	0.000278897 	0.000349974 	6.12791e-30
0.0415462 	0.000279041 	0.000353709 	0
0.041993 	0.000278267 	0.000356686 	0
0.0424397 	0.000268443 	0.000350103 	0
0.0428864 	0.000248615 	0.000332955 	0
0.0433332 	0.000228788 	0.000315808 	0
0.0437799 	0.000196483 	0.000282104 	1.34619e-29
0.0442266 	0.000164019 	0.000248191 	2.70943e-29
0.0446734 	0.00012859 	0.000209392 	3.01326e-29
0.0451201 	9.01952e-05 	0.000165709 	2.25769e-29
0.0455668 	5.20244e-05 	0.000122119 	1.49452e-29
0.0460136 	3.15675e-05 	8.58859e-05 	1.31291e-30
0.0464603 	1.11107e-05 	4.96533e-05 	-1.23194e-29
0.046907 	1.06438e-06 	2.55987e-05 	-1.4828e-29
0.0473538 	4.3707e-07 	1.25623e-05 	-7.27235e-30
0.0478005 	-1.67812e-07 	1.49481e-08 	1.06032e-31
0.0482472 	-1.96967e-07 	2.24978e-08 	2.93356e-30
0.048694 	-2.26121e-07 	3.00475e-08 	5.76109e-30
0.0491407 	-2.44156e-07 	3.16903e-08 	8.9035e-30
0.0495874 	-2.53092e-07 	2.85002e-08 	1.23035e-29
0.0500342 	-2.61709e-07 	2.53943e-08 	1.53144e-29
0.0504809 	-2.65542e-07 	2.35508e-08 	1.24868e-29
0.0509276 	-2.69375e-07 	2.17073e-08 	9.65931e-30
0.0513744 	-2.72312e-07 	2.01998e-08 	1.17759e-29
0.0518211 	-2.74587e-07 	1.89407e-08 	1.75469e-29
0.0522678 	-2.76804e-07 	1.76965e-08 	2.37106e-29
0.0527146 	-2.7842e-07 	1.66079e-08 	3.39705e-29
0.0531613 	-2.80036e-07 	1.55194e-08 	4.42303e-29
0.053608 	-2.81424e-07 	1.44173e-08 	4.28316e-29
0.0540548 	-2.82659e-07 	1.33062e-08 	3.36606e-29
0.0545015 	-2.8386e-07 	1.21839e-08 	2.43671e-29
0.0549482 	-2.84795e-07 	1.09736e-08 	1.41073e-29
0.055395 	-2.85729e-07 	9.76323e-09 	3.84743e-30
0.0558417 	-2.86486e-07 	8.47824e-09 	0
0.0562884 	-2.87136e-07 	7.14847e-09 	0
0.0567352 	-2.87746e-07 	5.80303e-09 	0
0.0571819 	-2.88109e-07 	4.35923e-09 	0
0.0576286 	-2.88471e-07 	2.91543e-09 	0
0.0580754 	-2.88643e-07 	1.40758e-09 	0
0.0585221 	-2.88712e-07 	-1.34761e-10 	0
0.0589688 	-2.88732e-07 	-1.69017e-09 	-2.71442e-30
0.0594156 	-2.88501e-07 	-3.31298e-09 	-1.94186e-29
0.0598623 	-2.88269e-07 	-4.93578e-09 	-3.61227e-29
0.060309 	-2.87833e-07 	-6.60135e-09 	-5.35499e-29
0.0607558 	-2.87298e-07 	-8.28753e-09 	-7.13253e-29
0.0612025 	-2.86705e-07 	-9.98286e-09 	-8.26358e-29
0.0616492 	-2.85865e-07 	-1.17179e-08 	-6.59316e-29
0.062096 	-2.85024e-07 	-1.34529e-08 	-4.92275e-29
0.0625427 	-2.83969e-07 	-1.52142e-08 	-3.17735e-29
0.0629894 	-2.82823e-07 	-1.69868e-08 	-1.39981e-29
0.0634362 	-2.81612e-07 	-1.87656e-08 	0
0.0638829 	-2.80161e-07 	-2.05676e-08 	0
0.0643296 	-2.7871e-07 	-2.23696e-08 	0
0.0647764 	-2.77039e-07 	-2.41894e-08 	0
0.0652231 	-2.75285e-07 	-2.60159e-08 	0
0.0656698 	-2.7346e-07 	-2.78477e-08 	-2.75338e-30
0.0661166 	-2.71404e-07 	-2.96967e-08 	-1.43465e-29
0.0665633 	-2.69349e-07 	-3.15456e-08 	-2.59397e-29
0.0670101 	-2.67068e-07 	-3.34119e-08 	-3.79434e-29
0.0674568 	-2.64712e-07 	-3.52838e-08 	-5.00838e-29
0.0679035 	-2.62278e-07 	-3.71626e-08 	-5.59942e-29
0.0683503 	-2.59623e-07 	-3.90606e-08 	-4.4401e-29
0.068797 	-2.56968e-07 	-4.09586e-08 	-3.28079e-29
0.0692437 	-2.5408e-07 	-4.28807e-08 	-2.07906e-29
0.0696905 	-2.51125e-07 	-4.48099e-08 	-8.65008e-30
0.0701372 	-2.48083e-07 	-4.67501e-08 	0
0.0705839 	-2.44827e-07 	-4.87177e-08 	0
0.0710307 	-2.41571e-07 	-5.06853e-08 	0
0.0714774 	-2.38071e-07 	-5.26911e-08 	-1.14626e-29
0.0719241 	-2.34511e-07 	-5.47064e-08 	-2.57909e-29
0.0723709 	-2.30855e-07 	-5.67403e-08 	-4.02879e-29
0.0728176 	-2.26987e-07 	-5.88148e-08 	-5.51562e-29
0.0732643 	-2.23119e-07 	-6.08892e-08 	-7.00245e-29
0.0737111 	-2.18993e-07 	-6.30237e-08 	-6.08056e-29
0.0741578 	-2.14812e-07 	-6.51709e-08 	-4.64773e-29
0.0746045 	-2.10523e-07 	-6.73481e-08 	-3.19668e-29
0.0750513 	-2.06022e-07 	-6.9584e-08 	-1.70985e-29
0.075498 	-2.01521e-07 	-7.18199e-08 	-2.23024e-30
0.0759447 	-1.96741e-07 	-7.41474e-08 	0
0.0763915 	-1.91912e-07 	-7.6491e-08 	0
0.0768382 	-1.86961e-07 	-7.88816e-08 	0
0.0772849 	-1.81795e-07 	-8.13551e-08 	0
0.0777317 	-1.76629e-07 	-8.38286e-08 	0
0.0781784 	-1.7116e-07 	-8.64389e-08 	0
0.0786251 	-1.65647e-07 	-8.90686e-08 	0
0.0790719 	-1.59996e-07 	-9.17711e-08 	0
0.0795186 	-1.54126e-07 	-9.45886e-08 	0
0.0799653 	-1.48256e-07 	-9.7406e-08 	0
0.0804121 	-1.42057e-07 	-1.00426e-07 	0
0.0808588 	-1.35821e-07 	-1.03469e-07 	0
0.0813055 	-1.29432e-07 	-1.06623e-07 	0
0.0817523 	-1.22825e-07 	-1.09936e-07 	0
0.082199 	-1.16217e-07 	-1.13248e-07 	0
0.0826457 	-1.09265e-07 	-1.16861e-07 	0
0.0830925 	-1.02285e-07 	-1.20497e-07 	0
0.0835392 	-9.51459e-08 	-1.24302e-07 	0
0.0839859 	-8.78019e-08 	-1.28325e-07 	0
0.0844327 	-8.0458e-08 	-1.32348e-07 	0
0.0848794 	-7.27906e-08 	-1.36805e-07 	0
0.0853261 	-6.51063e-08 	-1.41285e-07 	0
0.0857729 	-5.72851e-08 	-1.46011e-07 	0
0.0862196 	-4.9305e-08 	-1.51025e-07 	0
0.0866663 	-4.13249e-08 	-1.56038e-07 	0
0.0871131 	-3.31258e-08 	-1.61639e-07 	0
0.0875598 	-2.4921e-08 	-1.67254e-07 	0
0.0880065 	-1.66562e-08 	-1.36789e-07 	0
0.0884533 	-8.32808e-09 	-6.83946e-08 	0
0.0889 	-2.60848e-22 	-2.50939e-21 	0
