0 	0 	0 	0
0.000446734 	-2.57057e-05 	0.000493341 	-6.08856e-27
0.000893467 	-5.14113e-05 	0.000986682 	-1.21771e-26
0.0013402 	-9.57346e-05 	0.0012909 	-1.35947e-26
0.00178693 	-0.000157767 	0.00141521 	-1.05691e-26
0.00223367 	-0.000219878 	0.00153459 	-7.54253e-27
0.0026804 	-0.000285037 	0.00146137 	-4.47957e-27
0.00312714 	-0.000350196 	0.00138816 	-1.41662e-27
0.00357387 	-0.000402066 	0.00126545 	0
0.0040206 	-0.000442501 	0.00110014 	0
0.00446734 	-0.000481137 	0.0009331 	0
0.00491407 	-0.000485585 	0.00073295 	0
0.0053608 	-0.000490033 	0.000532799 	0
0.00580754 	-0.00047474 	0.000335344 	0
0.00625427 	-0.000444092 	0.000139985 	0
0.00670101 	-0.000411525 	-5.26492e-05 	-4.52821e-28
0.00714774 	-0.000355301 	-0.000211677 	-6.49044e-27
0.00759447 	-0.000299077 	-0.000370704 	-1.25281e-26
0.00804121 	-0.000236141 	-0.00049641 	-1.83415e-26
0.00848794 	-0.000168491 	-0.000598721 	-2.39974e-26
0.00893467 	-0.000101056 	-0.000694955 	-2.84841e-26
0.00938141 	-3.55446e-05 	-0.000736493 	-2.24464e-26
0.00982814 	2.99666e-05 	-0.000778032 	-1.64088e-26
0.0102749 	8.86648e-05 	-0.000789326 	-1.0605e-26
0.0107216 	0.000143053 	-0.000781484 	-4.94898e-27
0.0111683 	0.000195651 	-0.000769857 	-2.79022e-28
0.0116151 	0.000235723 	-0.000731725 	-2.5112e-27
0.0120618 	0.000275795 	-0.000693593 	-4.74338e-27
0.0125085 	0.000307454 	-0.000647844 	-6.87895e-27
0.0129553 	0.000334329 	-0.000597763 	-8.95958e-27
0.013402 	0.000359706 	-0.000547822 	-1.03933e-26
0.0138487 	0.000376596 	-0.000498671 	-8.16112e-27
0.0142955 	0.000393487 	-0.00044952 	-5.92894e-27
0.0147422 	0.000406123 	-0.000405396 	-3.79716e-27
0.0151889 	0.000416593 	-0.000363832 	-1.71652e-27
0.0156357 	0.000426458 	-0.000323899 	0
0.0160824 	0.000433471 	-0.000291658 	0
0.0165291 	0.000440484 	-0.000259417 	0
0.0169759 	0.000446525 	-0.000232738 	0
0.0174226 	0.000452124 	-0.000208586 	0
0.0178693 	0.000457671 	-0.000185558 	0
0.0183161 	0.000463011 	-0.000167025 	0
0.0187628 	0.000468351 	-0.000148491 	0
0.0192095 	0.000473837 	-0.000132159 	0
0.0196563 	0.000479381 	-0.000116716 	0
0.020103 	0.000484968 	-0.000101528 	0
0.0205497 	0.000490702 	-8.72235e-05 	0
0.0209965 	0.000496437 	-7.29186e-05 	0
0.0214432 	0.000502085 	-5.85959e-05 	0
0.0218899 	0.000507703 	-4.42669e-05 	0
0.0223367 	0.00051317 	-2.98269e-05 	-2.78615e-28
0.0227834 	0.000518183 	-1.50541e-05 	-1.39308e-27
0.0232302 	0.000523196 	-2.8135e-07 	-2.50754e-27
0.0236769 	0.00052732 	1.46927e-05 	-3.54593e-27
0.0241236 	0.000531168 	2.97294e-05 	-4.56062e-27
0.0245704 	0.000534532 	4.46551e-05 	-4.9898e-27
0.0250171 	0.000536619 	5.92883e-05 	-3.87534e-27
0.0254638 	0.000538707 	7.39215e-05 	-2.76088e-27
0.0259106 	0.000538919 	8.73682e-05 	-3.03327e-27
0.0263573 	0.000538625 	0.000100495 	-3.67989e-27
0.026804 	0.000537439 	0.000112716 	-4.58076e-27
0.0272508 	0.000534171 	0.000122826 	-6.07485e-27
0.0276975 	0.000530902 	0.000132936 	-7.56894e-27
0.0281442 	0.00052477 	0.000139064 	-6.49926e-27
0.028591 	0.000517977 	0.000144272 	-4.83795e-27
0.0290377 	0.000509873 	0.000147185 	-3.23098e-27
0.0294844 	0.000499047 	0.000145329 	-1.73688e-27
0.0299312 	0.000488221 	0.000143473 	-2.4279e-28
0.0303779 	0.000473632 	0.000133858 	0
0.0308246 	0.000458312 	0.000122738 	0
0.0312714 	0.000441289 	0.000107746 	0
0.0317181 	0.000421103 	8.5562e-05 	0
0.0321648 	0.000400916 	6.33783e-05 	0
0.0326116 	0.000376423 	3.10916e-05 	-1.4498e-27
0.0330583 	0.000351244 	-2.80563e-06 	-3.13072e-27
0.033505 	0.000324371 	-4.04477e-05 	-4.74733e-27
0.0339518 	0.000294675 	-8.43312e-05 	-6.25674e-27
0.0343985 	0.00026498 	-0.000128215 	-7.76615e-27
0.0348452 	0.000232563 	-0.000175573 	-6.44413e-27
0.035292 	0.000199801 	-0.000223372 	-4.76321e-27
0.0357387 	0.000166844 	-0.000267294 	-3.15089e-27
0.0361854 	0.000133592 	-0.000305398 	-1.64148e-27
0.0366322 	0.000100341 	-0.000343503 	-1.32073e-28
0.0370789 	6.99336e-05 	-0.000349497 	3.09068e-28
0.0375256 	3.97987e-05 	-0.000352412 	6.47774e-28
0.0379724 	1.75046e-05 	-0.00032242 	9.01592e-28
0.0384191 	5.81865e-06 	-0.000247904 	1.04056e-27
0.0388658 	-5.86728e-06 	-0.000173388 	1.17953e-27
0.0393126 	-4.39809e-06 	-0.000107364 	8.70684e-28
0.0397593 	-2.0519e-06 	-4.19052e-05 	5.31979e-28
0.040206 	-6.59783e-07 	-4.83993e-06 	2.83154e-28
0.0406528 	-4.33751e-07 	-2.47755e-06 	1.44183e-28
0.0410995 	-2.07718e-07 	-1.15167e-07 	5.21142e-30
0.0415462 	-2.25072e-07 	-2.22017e-08 	0
0.041993 	-2.51909e-07 	-1.76549e-08 	0
0.0424397 	-2.66263e-07 	-1.38379e-08 	0
0.0428864 	-2.66822e-07 	-1.08274e-08 	0
0.0433332 	-2.67381e-07 	-7.8169e-09 	0
0.0437799 	-2.68146e-07 	-5.77142e-09 	-2.71574e-30
0.0442266 	-2.68914e-07 	-3.73816e-09 	-5.46586e-30
0.0446734 	-2.69731e-07 	-2.06101e-09 	-8.55242e-30
0.0451201 	-2.70595e-07 	-7.39961e-10 	-1.19754e-29
0.0455668 	-2.7146e-07 	5.74345e-10 	-1.53213e-29
0.0460136 	-2.72327e-07 	1.3563e-09 	-1.25711e-29
0.0464603 	-2.73193e-07 	2.13826e-09 	-9.82103e-30
0.046907 	-2.74028e-07 	2.70025e-09 	-6.71765e-30
0.0473538 	-2.74833e-07 	3.06323e-09 	-3.29464e-30
0.0478005 	-2.75635e-07 	3.41376e-09 	1.9541e-31
0.0482472 	-2.76339e-07 	3.44482e-09 	5.40635e-30
0.048694 	-2.77043e-07 	3.47589e-09 	1.06173e-29
0.0491407 	-2.77675e-07 	3.36051e-09 	1.61288e-29
0.0495874 	-2.78249e-07 	3.12532e-09 	2.18864e-29
0.0500342 	-2.78814e-07 	2.8767e-09 	2.69584e-29
0.0504809 	-2.79238e-07 	2.4266e-09 	2.17474e-29
0.0509276 	-2.79662e-07 	1.97649e-09 	1.65365e-29
0.0513744 	-2.79991e-07 	1.42653e-09 	1.88259e-29
0.0518211 	-2.8025e-07 	8.02754e-10 	2.66591e-29
0.0522678 	-2.80493e-07 	1.66732e-10 	3.50838e-29
0.0527146 	-2.80574e-07 	-5.97005e-10 	4.96773e-29
0.0531613 	-2.80655e-07 	-1.36074e-09 	6.42708e-29
0.053608 	-2.80624e-07 	-2.1918e-09 	6.19537e-29
0.0540548 	-2.80518e-07 	-3.06774e-09 	4.83631e-29
0.0545015 	-2.8039e-07 	-3.95373e-09 	3.46595e-29
0.0549482 	-2.80091e-07 	-4.91905e-09 	2.00661e-29
0.055395 	-2.79792e-07 	-5.88437e-09 	5.47256e-30
0.0558417 	-2.79369e-07 	-6.89393e-09 	0
0.0562884 	-2.78872e-07 	-7.93003e-09 	0
0.0567352 	-2.78347e-07 	-8.97382e-09 	0
0.0571819 	-2.77648e-07 	-1.00658e-08 	0
0.0576286 	-2.7695e-07 	-1.11578e-08 	0
0.0580754 	-2.7612e-07 	-1.22785e-08 	0
0.0585221 	-2.75218e-07 	-1.34147e-08 	0
0.0589688 	-2.74284e-07 	-1.45567e-08 	-3.36063e-30
0.0594156 	-2.73179e-07 	-1.57284e-08 	-2.40414e-29
0.0598623 	-2.72074e-07 	-1.69e-08 	-4.47222e-29
0.060309 	-2.70831e-07 	-1.80914e-08 	-6.60847e-29
0.0607558 	-2.69522e-07 	-1.92922e-08 	-8.77754e-29
0.0612025 	-2.68174e-07 	-2.04977e-08 	-1.01521e-28
0.0616492 	-2.66661e-07 	-2.17237e-08 	-8.08407e-29
0.062096 	-2.65147e-07 	-2.29497e-08 	-6.01599e-29
0.0625427 	-2.63491e-07 	-2.41918e-08 	-3.87721e-29
0.0629894 	-2.61772e-07 	-2.54409e-08 	-1.70814e-29
0.0634362 	-2.60011e-07 	-2.66947e-08 	0
0.0638829 	-2.58088e-07 	-2.79665e-08 	0
0.0643296 	-2.56165e-07 	-2.92383e-08 	0
0.0647764 	-2.54093e-07 	-3.05275e-08 	0
0.0652231 	-2.51965e-07 	-3.18232e-08 	0
0.0656698 	-2.49787e-07 	-3.31252e-08 	-3.18043e-30
0.0661166 	-2.47451e-07 	-3.44475e-08 	-1.65717e-29
0.0665633 	-2.45115e-07 	-3.57698e-08 	-2.9963e-29
0.0670101 	-2.42623e-07 	-3.71148e-08 	-4.37371e-29
0.0674568 	-2.40078e-07 	-3.84675e-08 	-5.76389e-29
0.0679035 	-2.37477e-07 	-3.98294e-08 	-6.43762e-29
0.0683503 	-2.3472e-07 	-4.12175e-08 	-5.0985e-29
0.068797 	-2.31963e-07 	-4.26056e-08 	-3.75937e-29
0.0692437 	-2.29038e-07 	-4.40261e-08 	-2.38068e-29
0.0696905 	-2.26065e-07 	-4.54559e-08 	-9.90501e-30
0.0701372 	-2.23029e-07 	-4.68998e-08 	0
0.0705839 	-2.19835e-07 	-4.83787e-08 	0
0.0710307 	-2.16641e-07 	-4.98577e-08 	0
0.0714774 	-2.13266e-07 	-5.13829e-08 	-1.27371e-29
0.0719241 	-2.09845e-07 	-5.29197e-08 	-2.86586e-29
0.0723709 	-2.06352e-07 	-5.44777e-08 	-4.47342e-29
0.0728176 	-2.02698e-07 	-5.60825e-08 	-6.1149e-29
0.0732643 	-1.99044e-07 	-5.76873e-08 	-7.75637e-29
0.0737111 	-1.95191e-07 	-5.93579e-08 	-6.73011e-29
0.0741578 	-1.91295e-07 	-6.10425e-08 	-5.13797e-29
0.0746045 	-1.87316e-07 	-6.27586e-08 	-3.52918e-29
0.0750513 	-1.8317e-07 	-6.45366e-08 	-1.8877e-29
0.075498 	-1.79024e-07 	-6.63146e-08 	-2.46222e-30
0.0759447 	-1.74657e-07 	-6.81857e-08 	0
0.0763915 	-1.70251e-07 	-7.00732e-08 	0
0.0768382 	-1.65747e-07 	-7.20072e-08 	0
0.0772849 	-1.6107e-07 	-7.4023e-08 	0
0.0777317 	-1.56394e-07 	-7.60388e-08 	0
0.0781784 	-1.5147e-07 	-7.81865e-08 	0
0.0786251 	-1.46511e-07 	-8.03531e-08 	0
0.0790719 	-1.41439e-07 	-8.25884e-08 	0
0.0795186 	-1.36187e-07 	-8.49325e-08 	0
0.0799653 	-1.30935e-07 	-8.72765e-08 	0
0.0804121 	-1.2541e-07 	-8.98092e-08 	0
0.0808588 	-1.19855e-07 	-9.23628e-08 	0
0.0813055 	-1.14172e-07 	-9.50188e-08 	0
0.0817523 	-1.08306e-07 	-9.78206e-08 	0
0.082199 	-1.02441e-07 	-1.00622e-07 	0
0.0826457 	-9.62859e-08 	-1.03696e-07 	0
0.0830925 	-9.01073e-08 	-1.06792e-07 	0
0.0835392 	-8.37942e-08 	-1.10041e-07 	0
0.0839859 	-7.73083e-08 	-1.13485e-07 	0
0.0844327 	-7.08223e-08 	-1.1693e-07 	0
0.0848794 	-6.40621e-08 	-1.20764e-07 	0
0.0853261 	-5.72875e-08 	-1.24619e-07 	0
0.0857729 	-5.03965e-08 	-1.28693e-07 	0
0.0862196 	-4.33703e-08 	-1.33024e-07 	0
0.0866663 	-3.63441e-08 	-1.37354e-07 	0
0.0871131 	-2.91314e-08 	-1.42207e-07 	0
0.0875598 	-2.19138e-08 	-1.47074e-07 	0
0.0880065 	-1.46451e-08 	-1.20255e-07 	0
0.0884533 	-7.32254e-09 	-6.01276e-08 	0
0.0889 	-2.29365e-22 	-2.20569e-21 	0
