0 	0 	0 	0
0.000446734 	-5.35003e-05 	0.000613396 	-5.25622e-27
0.000893467 	-0.000107001 	0.00122679 	-1.05124e-26
0.0013402 	-0.000190239 	0.00161391 	-1.17232e-26
0.00178693 	-0.000301764 	0.00178579 	-9.08593e-27
0.00223367 	-0.000413477 	0.00195241 	-6.44909e-27
0.0026804 	-0.000532508 	0.00191414 	-3.83017e-27
0.00312714 	-0.000651539 	0.00187587 	-1.21125e-27
0.00357387 	-0.000756603 	0.00178645 	0
0.0040206 	-0.000849648 	0.00165302 	0
0.00446734 	-0.000940699 	0.00151708 	0
0.00491407 	-0.00099384 	0.00133361 	0
0.0053608 	-0.00104698 	0.00115014 	0
0.00580754 	-0.00107564 	0.000954101 	0
0.00625427 	-0.00108525 	0.000748286 	0
0.00670101 	-0.00109175 	0.000542791 	-3.89343e-28
0.00714774 	-0.00105975 	0.000341233 	-5.58058e-27
0.00759447 	-0.00102775 	0.000139676 	-1.07718e-26
0.00804121 	-0.000975411 	-4.43878e-05 	-1.59116e-26
0.00848794 	-0.00090879 	-0.000216169 	-2.10153e-26
0.00893467 	-0.000839877 	-0.000382904 	-2.50895e-26
0.00938141 	-0.000750346 	-0.000504221 	-1.98983e-26
0.00982814 	-0.000660816 	-0.000625539 	-1.4707e-26
0.0102749 	-0.0005662 	-0.000709355 	-9.56942e-27
0.0107216 	-0.000468366 	-0.000769446 	-4.46573e-27
0.0111683 	-0.000371253 	-0.000822233 	-2.76115e-28
0.0116151 	-0.000279185 	-0.000823898 	-2.48503e-27
0.0120618 	-0.000187116 	-0.000825562 	-4.69395e-27
0.0125085 	-0.000105076 	-0.000799203 	-6.79458e-27
0.0129553 	-2.87375e-05 	-0.000756908 	-8.83364e-27
0.013402 	4.45443e-05 	-0.000710954 	-1.02355e-26
0.0138487 	0.000100505 	-0.000644259 	-8.02659e-27
0.0142955 	0.000156467 	-0.000577565 	-5.81767e-27
0.0147422 	0.000198818 	-0.000506766 	-3.72129e-27
0.0151889 	0.000234237 	-0.000433875 	-1.68223e-27
0.0156357 	0.000266566 	-0.000362212 	0
0.0160824 	0.000284326 	-0.000296332 	0
0.0165291 	0.000302087 	-0.000230452 	0
0.0169759 	0.000310812 	-0.000174331 	0
0.0174226 	0.00031543 	-0.000122646 	0
0.0178693 	0.000318411 	-7.42317e-05 	0
0.0183161 	0.000314845 	-3.89017e-05 	0
0.0187628 	0.000311278 	-3.57173e-06 	0
0.0192095 	0.000305023 	2.0803e-05 	0
0.0196563 	0.000297684 	4.07571e-05 	0
0.020103 	0.000290226 	5.77628e-05 	0
0.0205497 	0.000282358 	6.46129e-05 	0
0.0209965 	0.000274491 	7.14631e-05 	0
0.0214432 	0.000267598 	7.03592e-05 	0
0.0218899 	0.000261051 	6.64241e-05 	0
0.0223367 	0.000254963 	6.02463e-05 	-2.77306e-28
0.0227834 	0.000250253 	4.73401e-05 	-1.38653e-27
0.0232302 	0.000245542 	3.44339e-05 	-2.49576e-27
0.0236769 	0.000241843 	1.56077e-05 	-3.52222e-27
0.0241236 	0.000238458 	-5.06243e-06 	-4.52291e-27
0.0245704 	0.000235121 	-2.76761e-05 	-4.94338e-27
0.0250171 	0.000231911 	-5.54139e-05 	-3.83415e-27
0.0254638 	0.0002287 	-8.31516e-05 	-2.72492e-27
0.0259106 	0.000224484 	-0.000116179 	-2.95431e-27
0.0263573 	0.000219997 	-0.000150634 	-3.54491e-27
0.026804 	0.000214691 	-0.000187036 	-4.37917e-27
0.0272508 	0.000207472 	-0.000227979 	-5.78197e-27
0.0276975 	0.000200254 	-0.000268922 	-7.18478e-27
0.0281442 	0.000189912 	-0.000314804 	-6.15489e-27
0.028591 	0.00017885 	-0.000361825 	-4.5636e-27
0.0290377 	0.000166411 	-0.000410445 	-3.03357e-27
0.0294844 	0.000151112 	-0.000462384 	-1.63076e-27
0.0299312 	0.000135813 	-0.000514324 	-2.27956e-28
0.0303779 	0.00011764 	-0.000567604 	0
0.0308246 	9.89084e-05 	-0.000621145 	0
0.0312714 	7.98658e-05 	-0.000672186 	0
0.0317181 	6.02451e-05 	-0.000718586 	0
0.0321648 	4.06244e-05 	-0.000764985 	0
0.0326116 	2.42305e-05 	-0.000787989 	-1.63114e-27
0.0330583 	8.35091e-06 	-0.000807262 	-3.52232e-27
0.033505 	-3.8318e-06 	-0.000802424 	-5.43143e-27
0.0339518 	-9.85309e-06 	-0.000757401 	-7.37044e-27
0.0343985 	-1.58744e-05 	-0.000712378 	-9.30945e-27
0.0348452 	-1.35377e-05 	-0.000562155 	-7.84917e-27
0.035292 	-1.01415e-05 	-0.000398597 	-5.95799e-27
0.0357387 	-6.83928e-06 	-0.000252485 	-4.04768e-27
0.0361854 	-3.67785e-06 	-0.000132544 	-2.10867e-27
0.0366322 	-5.1642e-07 	-1.26027e-05 	-1.69663e-28
0.0370789 	-2.3246e-07 	-1.34139e-06 	-7.76221e-31
0.0375256 	-2.24422e-07 	-5.01489e-07 	-1.62687e-30
0.0379724 	-2.3036e-07 	-1.70447e-08 	-2.74094e-30
0.0384191 	-2.55204e-07 	-1.35142e-08 	-4.21139e-30
0.0388658 	-2.80049e-07 	-9.98378e-09 	-5.68185e-30
0.0393126 	-2.79006e-07 	-7.92931e-09 	-4.97626e-30
0.0397593 	-2.76236e-07 	-5.97325e-09 	-4.12561e-30
0.040206 	-2.74188e-07 	-4.32365e-09 	-2.99605e-30
0.0406528 	-2.73023e-07 	-3.04863e-09 	-1.52559e-30
0.0410995 	-2.71858e-07 	-1.77361e-09 	-5.5142e-32
0.0415462 	-2.71486e-07 	-8.90963e-10 	0
0.041993 	-2.71146e-07 	-2.36082e-11 	0
0.0424397 	-2.71003e-07 	6.97355e-10 	0
0.0428864 	-2.71079e-07 	1.25652e-09 	0
0.0433332 	-2.71155e-07 	1.81568e-09 	0
0.0437799 	-2.71424e-07 	2.11959e-09 	-4.28426e-30
0.0442266 	-2.71695e-07 	2.42026e-09 	-8.62275e-30
0.0446734 	-2.72002e-07 	2.60934e-09 	-1.3226e-29
0.0451201 	-2.72345e-07 	2.68681e-09 	-1.8094e-29
0.0455668 	-2.72687e-07 	2.76187e-09 	-2.28469e-29
0.0460136 	-2.73025e-07 	2.64625e-09 	-1.85084e-29
0.0464603 	-2.73362e-07 	2.53064e-09 	-1.41699e-29
0.046907 	-2.73672e-07 	2.32788e-09 	-9.55345e-30
0.0473538 	-2.73955e-07 	2.04628e-09 	-4.68545e-30
0.0478005 	-2.74236e-07 	1.75938e-09 	2.39586e-31
0.0482472 	-2.74433e-07 	1.33632e-09 	6.62854e-30
0.048694 	-2.74629e-07 	9.13266e-10 	1.30175e-29
0.0491407 	-2.74765e-07 	4.24536e-10 	1.96768e-29
0.0495874 	-2.74851e-07 	-1.17929e-10 	2.65573e-29
0.0500342 	-2.74929e-07 	-6.66633e-10 	3.26085e-29
0.0504809 	-2.74887e-07 	-1.30893e-09 	2.62196e-29
0.0509276 	-2.74846e-07 	-1.95122e-09 	1.98306e-29
0.0513744 	-2.74724e-07 	-2.64105e-09 	2.2148e-29
0.0518211 	-2.74542e-07 	-3.36603e-09 	3.09005e-29
0.0522678 	-2.74347e-07 	-4.09694e-09 	4.03379e-29
0.0527146 	-2.74016e-07 	-4.8898e-09 	5.69179e-29
0.0531613 	-2.73685e-07 	-5.68266e-09 	7.34979e-29
0.053608 	-2.7326e-07 	-6.50875e-09 	7.07501e-29
0.0540548 	-2.72774e-07 	-7.35699e-09 	5.5117e-29
0.0545015 	-2.72269e-07 	-8.2103e-09 	3.93775e-29
0.0549482 	-2.71622e-07 	-9.10357e-09 	2.27975e-29
0.055395 	-2.70976e-07 	-9.99684e-09 	6.2175e-30
0.0558417 	-2.70227e-07 	-1.09131e-08 	0
0.0562884 	-2.69417e-07 	-1.1843e-08 	0
0.0567352 	-2.68585e-07 	-1.27772e-08 	0
0.0571819 	-2.6761e-07 	-1.37375e-08 	0
0.0576286 	-2.66635e-07 	-1.46977e-08 	0
0.0580754 	-2.65552e-07 	-1.56746e-08 	0
0.0585221 	-2.64411e-07 	-1.66604e-08 	0
0.0589688 	-2.63242e-07 	-1.76499e-08 	-3.65287e-30
0.0594156 	-2.61933e-07 	-1.86581e-08 	-2.61321e-29
0.0598623 	-2.60624e-07 	-1.96663e-08 	-4.86113e-29
0.060309 	-2.59202e-07 	-2.06885e-08 	-7.17512e-29
0.0607558 	-2.57725e-07 	-2.17173e-08 	-9.52094e-29
0.0612025 	-2.56216e-07 	-2.275e-08 	-1.10054e-28
0.0616492 	-2.54569e-07 	-2.37991e-08 	-8.75751e-29
0.062096 	-2.52923e-07 	-2.48481e-08 	-6.50959e-29
0.0625427 	-2.51157e-07 	-2.59118e-08 	-4.19314e-29
0.0629894 	-2.49341e-07 	-2.69817e-08 	-1.84733e-29
0.0634362 	-2.47487e-07 	-2.80564e-08 	0
0.0638829 	-2.45499e-07 	-2.91488e-08 	0
0.0643296 	-2.4351e-07 	-3.02413e-08 	0
0.0647764 	-2.41395e-07 	-3.13521e-08 	0
0.0652231 	-2.39232e-07 	-3.24697e-08 	0
0.0656698 	-2.37028e-07 	-3.35943e-08 	-3.37023e-30
0.0661166 	-2.34688e-07 	-3.47407e-08 	-1.75607e-29
0.0665633 	-2.32349e-07 	-3.58872e-08 	-3.17511e-29
0.0670101 	-2.29875e-07 	-3.70585e-08 	-4.63102e-29
0.0674568 	-2.27355e-07 	-3.82382e-08 	-6.09921e-29
0.0679035 	-2.24788e-07 	-3.9428e-08 	-6.8095e-29
0.0683503 	-2.22084e-07 	-4.06461e-08 	-5.39045e-29
0.068797 	-2.19381e-07 	-4.18642e-08 	-3.97141e-29
0.0692437 	-2.16532e-07 	-4.3117e-08 	-2.51427e-29
0.0696905 	-2.13639e-07 	-4.43798e-08 	-1.04608e-29
0.0701372 	-2.10691e-07 	-4.56575e-08 	0
0.0705839 	-2.07605e-07 	-4.69721e-08 	0
0.0710307 	-2.04518e-07 	-4.82866e-08 	0
0.0714774 	-2.0127e-07 	-4.96492e-08 	-1.32946e-29
0.0719241 	-1.97982e-07 	-5.10238e-08 	-2.99129e-29
0.0723709 	-1.94629e-07 	-5.24201e-08 	-4.66785e-29
0.0728176 	-1.91132e-07 	-5.38642e-08 	-6.3768e-29
0.0732643 	-1.87635e-07 	-5.53082e-08 	-8.08575e-29
0.0737111 	-1.83959e-07 	-5.68186e-08 	-7.01381e-29
0.0741578 	-1.80245e-07 	-5.8343e-08 	-5.35198e-29
0.0746045 	-1.76455e-07 	-5.98988e-08 	-3.67425e-29
0.0750513 	-1.72514e-07 	-6.15162e-08 	-1.96529e-29
0.075498 	-1.68573e-07 	-6.31337e-08 	-2.56343e-30
0.0759447 	-1.64432e-07 	-6.48429e-08 	0
0.0763915 	-1.60254e-07 	-6.65682e-08 	0
0.0768382 	-1.55987e-07 	-6.8339e-08 	0
0.0772849 	-1.51562e-07 	-7.01897e-08 	0
0.0777317 	-1.47137e-07 	-7.20404e-08 	0
0.0781784 	-1.42485e-07 	-7.4019e-08 	0
0.0786251 	-1.37801e-07 	-7.60159e-08 	0
0.0790719 	-1.33012e-07 	-7.80791e-08 	0
0.0795186 	-1.28058e-07 	-8.02472e-08 	0
0.0799653 	-1.23104e-07 	-8.24152e-08 	0
0.0804121 	-1.17899e-07 	-8.47642e-08 	0
0.0808588 	-1.12665e-07 	-8.71332e-08 	0
0.0813055 	-1.07312e-07 	-8.96002e-08 	0
0.0817523 	-1.0179e-07 	-9.22064e-08 	0
0.082199 	-9.62688e-08 	-9.48127e-08 	0
0.0826457 	-9.04784e-08 	-9.76782e-08 	0
0.0830925 	-8.46663e-08 	-1.00565e-07 	0
0.0835392 	-7.8729e-08 	-1.03596e-07 	0
0.0839859 	-7.26311e-08 	-1.06814e-07 	0
0.0844327 	-6.65331e-08 	-1.10032e-07 	0
0.0848794 	-6.01798e-08 	-1.13619e-07 	0
0.0853261 	-5.38131e-08 	-1.17225e-07 	0
0.0857729 	-4.7338e-08 	-1.21041e-07 	0
0.0862196 	-4.07368e-08 	-1.25098e-07 	0
0.0866663 	-3.41357e-08 	-1.29156e-07 	0
0.0871131 	-2.73608e-08 	-1.33708e-07 	0
0.0875598 	-2.05814e-08 	-1.38272e-07 	0
0.0880065 	-1.37543e-08 	-1.13054e-07 	0
0.0884533 	-6.87717e-09 	-5.65272e-08 	0
0.0889 	-2.15425e-22 	-2.0736e-21 	0
