0 	0 	0 	0
0.000446734 	-1.32951e-05 	-6.23424e-05 	7.42884e-28
0.000893467 	-2.65902e-05 	-0.000124685 	1.48577e-27
0.0013402 	-4.34443e-05 	-0.000181743 	3.94889e-27
0.00178693 	-6.36837e-05 	-0.000233775 	8.04833e-27
0.00223367 	-8.37707e-05 	-0.000285123 	1.20399e-26
0.0026804 	-9.79106e-05 	-0.000309783 	1.1824e-26
0.00312714 	-0.00011205 	-0.000334443 	1.16081e-26
0.00357387 	-0.000115105 	-0.000336797 	7.44102e-27
0.0040206 	-0.000108622 	-0.000319957 	-1.25989e-28
0.00446734 	-0.000100308 	-0.00030046 	-7.44318e-27
0.00491407 	-5.72186e-05 	-0.000230496 	-1.00139e-26
0.0053608 	-1.4129e-05 	-0.000160531 	-1.25847e-26
0.00580754 	5.90309e-05 	-5.58613e-05 	-7.77752e-27
0.00625427 	0.000155579 	7.58023e-05 	2.76804e-27
0.00670101 	0.000257368 	0.000212364 	1.35809e-26
0.00714774 	0.000423806 	0.000409343 	2.76903e-26
0.00759447 	0.000590245 	0.000606321 	4.17996e-26
0.00804121 	0.000804674 	0.000838801 	4.34614e-26
0.00848794 	0.0010528 	0.00109621 	3.63834e-26
0.00893467 	0.00130928 	0.00135804 	3.04229e-26
0.00938141 	0.001641 	0.00165967 	3.4519e-26
0.00982814 	0.00197271 	0.00196131 	3.86152e-26
0.0102749 	0.00234914 	0.00227396 	7.90984e-26
0.0107216 	0.00275385 	0.00259359 	1.42602e-25
0.0111683 	0.00316508 	0.00291163 	1.95265e-25
0.0116151 	0.00362185 	0.0032186 	1.72048e-25
0.0120618 	0.00407863 	0.00352557 	1.48831e-25
0.0125085 	0.00455212 	0.00380667 	4.34319e-26
0.0129553 	0.00503511 	0.00407306 	-1.08699e-25
0.013402 	0.0055183 	0.00433037 	-2.54413e-25
0.0138487 	0.00600258 	0.00453622 	-3.63767e-25
0.0142955 	0.00648686 	0.00474206 	-4.73122e-25
0.0147422 	0.00695873 	0.00490114 	-4.45495e-25
0.0151889 	0.00742428 	0.00503639 	-3.48085e-25
0.0156357 	0.0078842 	0.00515911 	-2.15834e-25
0.0160824 	0.00831756 	0.00522277 	8.0665e-26
0.0165291 	0.00875092 	0.00528642 	3.77164e-25
0.0169759 	0.00915719 	0.00530468 	4.63782e-25
0.0174226 	0.00955113 	0.00530231 	4.54999e-25
0.0178693 	0.00993673 	0.00528862 	4.11955e-25
0.0183161 	0.0102889 	0.0052296 	2.31866e-25
0.0187628 	0.0106411 	0.00517058 	5.17758e-26
0.0192095 	0.0109642 	0.00507889 	0
0.0196563 	0.0112755 	0.00497402 	0
0.020103 	0.0115783 	0.00486121 	-5.43231e-26
0.0205497 	0.0118514 	0.00472107 	-2.95759e-25
0.0209965 	0.0121245 	0.00458093 	-5.37195e-25
0.0214432 	0.012372 	0.00442173 	-8.70824e-25
0.0218899 	0.0126103 	0.00425574 	-1.23727e-24
0.0223367 	0.0128408 	0.00408527 	-1.49503e-24
0.0227834 	0.0130477 	0.00390132 	-1.42678e-24
0.0232302 	0.0132546 	0.00371738 	-1.35852e-24
0.0236769 	0.0134399 	0.00352452 	-9.04575e-25
0.0241236 	0.0136186 	0.00332889 	-3.30501e-25
0.0245704 	0.0137902 	0.00313137 	2.05228e-25
0.0250171 	0.0139433 	0.00292888 	6.39862e-25
0.0254638 	0.0140964 	0.00272638 	1.0745e-24
0.0259106 	0.0142311 	0.00252129 	1.1081e-24
0.0263573 	0.0143608 	0.0023155 	1.03348e-24
0.026804 	0.0144841 	0.00210949 	9.42362e-25
0.0272508 	0.0145922 	0.00190297 	8.12746e-25
0.0276975 	0.0147004 	0.00169645 	6.8313e-25
0.0281442 	0.0147922 	0.00149077 	7.09865e-25
0.028591 	0.0148802 	0.00128529 	7.7268e-25
0.0290377 	0.014962 	0.00108053 	7.5504e-25
0.0294844 	0.0150309 	0.000877273 	5.70302e-25
0.0299312 	0.0150998 	0.000674018 	3.85563e-25
0.0303779 	0.0151532 	0.000473269 	-6.60145e-26
0.0308246 	0.0152036 	0.000273007 	-5.69367e-25
0.0312714 	0.0152476 	7.39668e-05 	-8.78032e-25
0.0317181 	0.0152799 	-0.000122805 	-8.25135e-25
0.0321648 	0.0153121 	-0.000319578 	-7.72238e-25
0.0326116 	0.0153287 	-0.000513007 	-2.48227e-25
0.0330583 	0.0153427 	-0.000705903 	3.50888e-25
0.033505 	0.0153499 	-0.000897193 	7.67605e-25
0.0339518 	0.0153455 	-0.00108581 	8.80325e-25
0.0343985 	0.0153411 	-0.00127442 	9.93045e-25
0.0348452 	0.0153199 	-0.0014588 	6.49178e-25
0.035292 	0.0152966 	-0.00164264 	2.47434e-25
0.0357387 	0.0152655 	-0.00182431 	2.23964e-26
0.0361854 	0.0152225 	-0.00200272 	6.242e-26
0.0366322 	0.0151795 	-0.00218113 	1.02444e-25
0.0370789 	0.0151176 	-0.00235374 	4.83327e-25
0.0375256 	0.0150539 	-0.00252579 	8.96895e-25
0.0379724 	0.0149808 	-0.00269459 	1.04677e-24
0.0384191 	0.0148951 	-0.00285898 	8.39883e-25
0.0388658 	0.0148093 	-0.00302337 	6.32996e-25
0.0393126 	0.0147013 	-0.00317885 	1.37212e-26
0.0397593 	0.0145918 	-0.00333374 	-6.33046e-25
0.040206 	0.0144705 	-0.00348319 	-1.02712e-24
0.0406528 	0.0143347 	-0.00362597 	-1.11234e-24
0.0410995 	0.014199 	-0.00376876 	-1.19756e-24
0.0415462 	0.0140347 	-0.00389642 	-9.10421e-25
0.041993 	0.0138693 	-0.00402349 	-6.0877e-25
0.0424397 	0.0136877 	-0.00414079 	-4.02498e-25
0.0428864 	0.0134882 	-0.0042473 	-3.01645e-25
0.0433332 	0.0132886 	-0.0043538 	-2.00791e-25
0.0437799 	0.01305 	-0.00443393 	-1.58351e-25
0.0442266 	0.0128108 	-0.00451372 	-1.1665e-25
0.0446734 	0.012549 	-0.00457659 	-7.65433e-26
0.0451201 	0.0122645 	-0.00462255 	-3.80309e-26
0.0455668 	0.0119793 	-0.00466799 	1.05074e-27
0.0460136 	0.0116448 	-0.00467278 	8.511e-26
0.0464603 	0.0113102 	-0.00467757 	1.69169e-25
0.046907 	0.0109483 	-0.00465751 	3.05633e-25
0.0473538 	0.0105618 	-0.00461496 	4.89509e-25
0.0478005 	0.0101735 	-0.00457052 	6.64723e-25
0.0482472 	0.00973815 	-0.00447729 	6.17606e-25
0.048694 	0.0093028 	-0.00438406 	5.70488e-25
0.0491407 	0.00884579 	-0.00426356 	4.52324e-25
0.0495874 	0.00837108 	-0.00412075 	2.76032e-25
0.0500342 	0.00789493 	-0.00397525 	1.10259e-25
0.0504809 	0.00739718 	-0.00378941 	1.02269e-25
0.0509276 	0.00689942 	-0.00360356 	9.42787e-26
0.0513744 	0.00640089 	-0.00339969 	8.65218e-26
0.0518211 	0.00590179 	-0.00318251 	7.89372e-26
0.0522678 	0.00540467 	-0.00296391 	6.94831e-26
0.0527146 	0.00492813 	-0.00273049 	4.05318e-26
0.0531613 	0.0044516 	-0.00249707 	1.15805e-26
0.053608 	0.00400165 	-0.00226316 	0
0.0540548 	0.00356943 	-0.00202892 	0
0.0545015 	0.00314394 	-0.00179599 	0
0.0549482 	0.00277156 	-0.00157347 	0
0.055395 	0.00239917 	-0.00135094 	0
0.0558417 	0.00206866 	-0.00114083 	-5.52487e-27
0.0562884 	0.00176327 	-0.000938169 	-1.43647e-26
0.0567352 	0.00146706 	-0.000739035 	-2.31389e-26
0.0571819 	0.0012284 	-0.000562037 	-3.15021e-26
0.0576286 	0.000989753 	-0.000385039 	-3.98652e-26
0.0580754 	0.000791675 	-0.000230471 	-4.02411e-26
0.0585221 	0.000615445 	-8.79795e-05 	-3.63162e-26
0.0589688 	0.000448548 	4.61845e-05 	-3.04734e-26
0.0594156 	0.000329758 	0.000137432 	-1.47463e-26
0.0598623 	0.000210968 	0.000228679 	9.80781e-28
0.060309 	0.000127366 	0.000270906 	1.15769e-26
0.0607558 	6.07069e-05 	0.000289531 	1.97025e-26
0.0612025 	2.08077e-06 	0.000292702 	2.43957e-26
0.0616492 	-2.17352e-05 	0.000228907 	1.4215e-26
0.062096 	-4.55512e-05 	0.000165112 	4.03428e-27
0.0625427 	-5.0615e-05 	5.87659e-05 	-1.04612e-28
0.0629894 	-4.76422e-05 	-6.58163e-05 	-1.65416e-27
0.0634362 	-4.28811e-05 	-0.00019084 	-9.89825e-28
0.0638829 	-3.1493e-05 	-0.000317502 	7.8789e-27
0.0643296 	-2.0105e-05 	-0.000444164 	1.67476e-26
0.0647764 	-1.23552e-05 	-0.000509925 	3.25354e-26
0.0652231 	-5.98535e-06 	-0.000552586 	5.09477e-26
0.0656698 	-9.80309e-07 	-0.000555795 	6.35652e-26
0.0661166 	-3.56884e-07 	-0.000432346 	5.75785e-26
0.0665633 	2.66541e-07 	-0.000308897 	5.15917e-26
0.0670101 	3.69641e-07 	-0.000194225 	3.50091e-26
0.0674568 	2.993e-07 	-8.24787e-05 	1.48947e-26
0.0679035 	2.56472e-07 	-6.43051e-08 	3.22452e-29
0.0683503 	2.90945e-07 	-5.80239e-08 	-7.43006e-29
0.068797 	3.25417e-07 	-5.17428e-08 	-1.80846e-28
0.0692437 	3.33934e-07 	-5.1291e-08 	-2.06568e-28
0.0696905 	3.34915e-07 	-5.25316e-08 	-2.08825e-28
0.0701372 	3.3541e-07 	-5.41541e-08 	-2.2749e-28
0.0705839 	3.34703e-07 	-5.67229e-08 	-2.86819e-28
0.0710307 	3.33996e-07 	-5.92917e-08 	-3.46148e-28
0.0714774 	3.32036e-07 	-6.24571e-08 	-3.26169e-28
0.0719241 	3.29763e-07 	-6.57718e-08 	-2.86362e-28
0.0723709 	3.27079e-07 	-6.92136e-08 	-1.98497e-28
0.0728176 	3.2349e-07 	-7.29352e-08 	-4.8997e-30
0.0732643 	3.199e-07 	-7.66569e-08 	1.88697e-28
0.0737111 	3.15415e-07 	-8.05714e-08 	3.43079e-28
0.0741578 	3.10739e-07 	-8.45269e-08 	4.89142e-28
0.0746045 	3.05754e-07 	-8.85361e-08 	6.32769e-28
0.0750513 	3.00164e-07 	-9.26505e-08 	7.71616e-28
0.075498 	2.94573e-07 	-9.67649e-08 	9.10462e-28
0.0759447 	2.88305e-07 	-1.00999e-07 	8.78804e-28
0.0763915 	2.81917e-07 	-1.05255e-07 	8.17056e-28
0.0768382 	2.75267e-07 	-1.09568e-07 	6.39929e-28
0.0772849 	2.68158e-07 	-1.13982e-07 	2.59896e-28
0.0777317 	2.61048e-07 	-1.18395e-07 	-1.20138e-28
0.0781784 	2.53346e-07 	-1.22982e-07 	-4.22785e-28
0.0786251 	2.4556e-07 	-1.27593e-07 	-7.14377e-28
0.0790719 	2.3752e-07 	-1.32303e-07 	-9.24692e-28
0.0795186 	2.29082e-07 	-1.37168e-07 	-1.00654e-27
0.0799653 	2.20644e-07 	-1.42033e-07 	-1.08838e-27
0.0804121 	2.11631e-07 	-1.47191e-07 	-1.02808e-27
0.0808588 	2.02553e-07 	-1.52381e-07 	-9.51982e-28
0.0813055 	1.93216e-07 	-1.5774e-07 	-7.56047e-28
0.0817523 	1.83507e-07 	-1.63339e-07 	-3.89432e-28
0.082199 	1.73799e-07 	-1.68939e-07 	-2.28169e-29
0.0826457 	1.63516e-07 	-1.7501e-07 	3.30946e-28
0.0830925 	1.53187e-07 	-1.8112e-07 	6.83667e-28
0.0835392 	1.42595e-07 	-1.87502e-07 	8.789e-28
0.0839859 	1.31665e-07 	-1.94236e-07 	8.71649e-28
0.0844327 	1.20736e-07 	-2.0097e-07 	8.64397e-28
0.0848794 	1.09278e-07 	-2.08419e-07 	4.77173e-28
0.0853261 	9.7791e-08 	-2.15906e-07 	6.99498e-29
0.0857729 	8.60816e-08 	-2.23803e-07 	-1.13199e-28
0.0862196 	7.41132e-08 	-2.32178e-07 	-3.59365e-29
0.0866663 	6.21449e-08 	-2.40552e-07 	4.13257e-29
0.0871131 	4.98218e-08 	-2.49912e-07 	6.44581e-28
0.0875598 	3.74896e-08 	-2.59297e-07 	1.26132e-27
0.0880065 	2.50608e-08 	-2.12347e-07 	1.26826e-27
0.0884533 	1.25304e-08 	-1.06174e-07 	6.34132e-28
0.0889 	3.73316e-22 	-7.29508e-21 	5.61322e-41
