0 	0 	0 	0
0.000446734 	5.89102e-06 	0.000215387 	-8.45136e-27
0.000893467 	1.1782e-05 	0.000430775 	-1.69027e-26
0.0013402 	1.81452e-05 	0.000537336 	-1.88802e-26
0.00178693 	2.49574e-05 	0.000540381 	-1.46997e-26
0.00223367 	3.18316e-05 	0.000540626 	-1.05169e-26
0.0026804 	4.11243e-05 	0.000431672 	-6.24605e-27
0.00312714 	5.0417e-05 	0.000322718 	-1.97525e-27
0.00357387 	5.92925e-05 	0.000200012 	0
0.0040206 	6.78092e-05 	6.54746e-05 	0
0.00446734 	7.55807e-05 	-6.70994e-05 	0
0.00491407 	6.91946e-05 	-0.00016236 	0
0.0053608 	6.28085e-05 	-0.00025762 	0
0.00580754 	3.83251e-05 	-0.00031134 	0
0.00625427 	-2.33804e-07 	-0.000332751 	0
0.00670101 	-4.21261e-05 	-0.000348497 	-5.62388e-28
0.00714774 	-0.00012513 	-0.000294372 	-8.0609e-27
0.00759447 	-0.000208133 	-0.000240248 	-1.55594e-26
0.00804121 	-0.000321119 	-0.000152344 	-2.27229e-26
0.00848794 	-0.000455156 	-4.07238e-05 	-2.96512e-26
0.00893467 	-0.000594787 	7.47191e-05 	-3.51369e-26
0.00938141 	-0.000784771 	0.000224566 	-2.76384e-26
0.00982814 	-0.000974754 	0.000374413 	-2.01398e-26
0.0102749 	-0.00120228 	0.000540704 	-1.29906e-26
0.0107216 	-0.00145356 	0.000717397 	-6.06227e-27
0.0111683 	-0.00171301 	0.000896817 	-2.64709e-28
0.0116151 	-0.00202964 	0.00109532 	-2.38238e-27
0.0120618 	-0.00234627 	0.00129383 	-4.50005e-27
0.0125085 	-0.00270405 	0.00150347 	-6.19836e-27
0.0129553 	-0.00308523 	0.00171945 	-7.6582e-27
0.013402 	-0.00347482 	0.00193686 	-8.58143e-27
0.0138487 	-0.00391212 	0.00216242 	-6.46376e-27
0.0142955 	-0.00434941 	0.00238799 	-4.34609e-27
0.0147422 	-0.00481311 	0.00261181 	-2.66422e-27
0.0151889 	-0.00529025 	0.00283475 	-1.20437e-27
0.0156357 	-0.00577058 	0.00305468 	0
0.0160824 	-0.00626592 	0.00326043 	0
0.0165291 	-0.00676127 	0.00346619 	0
0.0169759 	-0.00725323 	0.00365061 	0
0.0174226 	-0.00774367 	0.00382533 	0
0.0178693 	-0.00822899 	0.00399174 	0
0.0183161 	-0.00869389 	0.00412494 	0
0.0187628 	-0.00915878 	0.00425813 	0
0.0192095 	-0.00959456 	0.0043577 	0
0.0196563 	-0.0100186 	0.00444369 	0
0.020103 	-0.0104314 	0.00451892 	0
0.0205497 	-0.0108058 	0.00455702 	0
0.0209965 	-0.0111801 	0.00459513 	0
0.0214432 	-0.0115158 	0.0046004 	0
0.0218899 	-0.0118378 	0.00459398 	0
0.0223367 	-0.0121472 	0.00457792 	9.56651e-28
0.0227834 	-0.0124189 	0.00453295 	4.78326e-27
0.0232302 	-0.0126906 	0.00448797 	8.60986e-27
0.0236769 	-0.0129276 	0.00441897 	1.27329e-26
0.0241236 	-0.013154 	0.00434249 	1.69484e-26
0.0245704 	-0.0133695 	0.00425925 	1.89522e-26
0.0250171 	-0.0135565 	0.00415817 	1.51256e-26
0.0254638 	-0.0137435 	0.00405709 	1.1299e-26
0.0259106 	-0.0139042 	0.00394137 	1.46582e-26
0.0263573 	-0.0140578 	0.0038217 	1.99564e-26
0.026804 	-0.0142028 	0.00369787 	2.66305e-26
0.0272508 	-0.014328 	0.00356434 	3.65152e-26
0.0276975 	-0.0144531 	0.00343082 	4.63998e-26
0.0281442 	-0.0145582 	0.00328891 	4.05234e-26
0.028591 	-0.0146587 	0.00314507 	3.10097e-26
0.0290377 	-0.0147521 	0.00299867 	2.13755e-26
0.0294844 	-0.0148308 	0.00284698 	1.14909e-26
0.0299312 	-0.0149094 	0.00269528 	1.60625e-27
0.0303779 	-0.0149714 	0.00253842 	0
0.0308246 	-0.0150302 	0.00238055 	0
0.0312714 	-0.0150825 	0.00222091 	0
0.0317181 	-0.0151228 	0.00205797 	0
0.0321648 	-0.0151631 	0.00189502 	0
0.0326116 	-0.0151883 	0.00172829 	2.0364e-26
0.0330583 	-0.0152112 	0.00156096 	4.39744e-26
0.033505 	-0.0152278 	0.00139214 	6.78203e-26
0.0339518 	-0.015234 	0.00122082 	9.20589e-26
0.0343985 	-0.0152402 	0.00104951 	1.16297e-25
0.0348452 	-0.015232 	0.000874845 	9.80701e-26
0.035292 	-0.015222 	0.000699758 	7.44597e-26
0.0357387 	-0.0152057 	0.000523204 	5.0598e-26
0.0361854 	-0.0151799 	0.00034445 	2.63594e-26
0.0366322 	-0.0151541 	0.000165696 	2.12087e-27
0.0370789 	-0.0151139 	-1.63546e-05 	-5.69157e-27
0.0375256 	-0.0150723 	-0.000198722 	-1.19289e-26
0.0379724 	-0.0150239 	-0.000382594 	-1.82155e-26
0.0384191 	-0.0149664 	-0.000568503 	-2.45686e-26
0.0388658 	-0.014909 	-0.000754412 	-3.09217e-26
0.0393126 	-0.0148362 	-0.00094344 	-2.54713e-26
0.0397593 	-0.0147623 	-0.00113268 	-1.9234e-26
0.040206 	-0.0146808 	-0.00132319 	-1.29445e-26
0.0406528 	-0.01459 	-0.00151526 	-6.59138e-27
0.0410995 	-0.0144991 	-0.00170733 	-2.38243e-28
0.0415462 	-0.0143909 	-0.00190126 	0
0.041993 	-0.0142821 	-0.00209526 	0
0.0424397 	-0.014164 	-0.00228949 	0
0.0428864 	-0.0140358 	-0.00248397 	0
0.0433332 	-0.0139076 	-0.00267845 	0
0.0437799 	-0.0137587 	-0.00287125 	-6.63462e-27
0.0442266 	-0.0136096 	-0.00306403 	-1.33532e-26
0.0446734 	-0.0134489 	-0.00325438 	-2.00296e-26
0.0451201 	-0.0132767 	-0.00344232 	-2.66637e-26
0.0455668 	-0.0131043 	-0.00363014 	-3.31309e-26
0.0460136 	-0.0129066 	-0.0038089 	-2.64123e-26
0.0464603 	-0.0127089 	-0.00398767 	-1.96937e-26
0.046907 	-0.0124962 	-0.0041586 	-1.30195e-26
0.0473538 	-0.0122699 	-0.00432243 	-6.38535e-27
0.0478005 	-0.0120424 	-0.00448542 	2.14106e-28
0.0482472 	-0.0117841 	-0.0046269 	5.92359e-27
0.048694 	-0.0115258 	-0.00476838 	1.16331e-26
0.0491407 	-0.0112478 	-0.00489252 	1.70284e-26
0.0495874 	-0.0109536 	-0.00500249 	2.21666e-26
0.0500342 	-0.0106571 	-0.00510982 	2.66269e-26
0.0504809 	-0.0103236 	-0.00517759 	2.09174e-26
0.0509276 	-0.00999008 	-0.00524535 	1.52079e-26
0.0513744 	-0.00963261 	-0.00528221 	1.46391e-26
0.0518211 	-0.00925743 	-0.00529624 	1.78699e-26
0.0522678 	-0.00887862 	-0.00530461 	2.14022e-26
0.0527146 	-0.00846204 	-0.005254 	2.8078e-26
0.0531613 	-0.00804546 	-0.00520338 	3.47538e-26
0.053608 	-0.00760695 	-0.00510921 	3.24027e-26
0.0540548 	-0.00715382 	-0.004986 	2.40336e-26
0.0545015 	-0.00669786 	-0.00485443 	1.5855e-26
0.0549482 	-0.00621951 	-0.0046568 	9.17923e-27
0.055395 	-0.00574116 	-0.00445917 	2.50343e-27
0.0558417 	-0.00525887 	-0.00421969 	0
0.0562884 	-0.00477422 	-0.00395511 	0
0.0567352 	-0.00429224 	-0.0036839 	0
0.0571819 	-0.00382704 	-0.00337114 	0
0.0576286 	-0.00336183 	-0.00305838 	0
0.0580754 	-0.00292807 	-0.00273326 	0
0.0585221 	-0.00251123 	-0.00240148 	0
0.0589688 	-0.00210642 	-0.0020722 	-2.3348e-29
0.0594156 	-0.00176359 	-0.00175582 	-1.67028e-28
0.0598623 	-0.00142075 	-0.00143943 	-3.10708e-28
0.060309 	-0.00113796 	-0.00115456 	-4.67272e-28
0.0607558 	-0.000884098 	-0.000884867 	-6.3004e-28
0.0612025 	-0.000646915 	-0.000627761 	-7.35349e-28
0.0616492 	-0.000482019 	-0.000425206 	-5.91669e-28
0.062096 	-0.000317123 	-0.00022265 	-4.47989e-28
0.0625427 	-0.000205261 	-7.22174e-05 	-2.90948e-28
0.0629894 	-0.000116128 	5.58775e-05 	-1.2818e-28
0.0634362 	-3.88833e-05 	0.000168477 	0
0.0638829 	-5.69504e-06 	0.000223652 	0
0.0643296 	2.74932e-05 	0.000278828 	0
0.0647764 	3.46297e-05 	0.000284249 	0
0.0652231 	3.18845e-05 	0.000270797 	0
0.0656698 	2.73799e-05 	0.000245482 	-2.24809e-29
0.0661166 	1.72268e-05 	0.000182078 	-1.17137e-28
0.0665633 	7.07366e-06 	0.000118673 	-2.11794e-28
0.0670101 	3.02421e-06 	7.22915e-05 	-2.35893e-28
0.0674568 	1.00932e-06 	3.15839e-05 	-2.36473e-28
0.0679035 	-4.45913e-07 	1.39436e-06 	-2.12053e-28
0.0683503 	-3.28775e-07 	7.55148e-07 	-1.17396e-28
0.068797 	-2.11637e-07 	1.15941e-07 	-2.27395e-29
0.0692437 	-2.04535e-07 	-2.89307e-08 	-9.92568e-31
0.0696905 	-2.2938e-07 	-3.0285e-08 	-4.12966e-31
0.0701372 	-2.47066e-07 	-3.17475e-08 	0
0.0705839 	-2.47011e-07 	-3.34782e-08 	0
0.0710307 	-2.46957e-07 	-3.52089e-08 	0
0.0714774 	-2.46309e-07 	-3.73171e-08 	-4.17308e-30
0.0719241 	-2.45513e-07 	-3.95195e-08 	-9.38943e-30
0.0723709 	-2.44483e-07 	-4.18721e-08 	-1.49292e-29
0.0728176 	-2.42939e-07 	-4.45549e-08 	-2.11805e-29
0.0732643 	-2.41396e-07 	-4.72376e-08 	-2.74318e-29
0.0737111 	-2.3924e-07 	-5.02977e-08 	-2.42222e-29
0.0741578 	-2.36954e-07 	-5.34377e-08 	-1.90059e-29
0.0746045 	-2.3442e-07 	-5.6721e-08 	-1.34403e-29
0.0750513 	-2.31397e-07 	-6.02853e-08 	-7.18897e-30
0.075498 	-2.28374e-07 	-6.38496e-08 	-9.37692e-31
0.0759447 	-2.24726e-07 	-6.77496e-08 	0
0.0763915 	-2.20968e-07 	-7.17088e-08 	0
0.0768382 	-2.16942e-07 	-7.58047e-08 	0
0.0772849 	-2.12447e-07 	-8.01409e-08 	0
0.0777317 	-2.07953e-07 	-8.44772e-08 	0
0.0781784 	-2.0281e-07 	-8.91411e-08 	0
0.0786251 	-1.97576e-07 	-9.38518e-08 	0
0.0790719 	-1.92053e-07 	-9.87134e-08 	0
0.0795186 	-1.86075e-07 	-1.03813e-07 	0
0.0799653 	-1.80097e-07 	-1.08914e-07 	0
0.0804121 	-1.73449e-07 	-1.14394e-07 	0
0.0808588 	-1.66726e-07 	-1.19917e-07 	0
0.0813055 	-1.59698e-07 	-1.25636e-07 	0
0.0817523 	-1.52233e-07 	-1.31634e-07 	0
0.082199 	-1.44768e-07 	-1.37633e-07 	0
0.0826457 	-1.36629e-07 	-1.44139e-07 	0
0.0830925 	-1.28436e-07 	-1.50687e-07 	0
0.0835392 	-1.19936e-07 	-1.57517e-07 	0
0.0839859 	-1.11042e-07 	-1.64708e-07 	0
0.0844327 	-1.02148e-07 	-1.719e-07 	0
0.0848794 	-9.26406e-08 	-1.79809e-07 	0
0.0853261 	-8.31009e-08 	-1.87757e-07 	0
0.0857729 	-7.33048e-08 	-1.96112e-07 	0
0.0862196 	-6.32106e-08 	-2.0494e-07 	0
0.0866663 	-5.31164e-08 	-2.13767e-07 	0
0.0871131 	-4.26151e-08 	-2.23565e-07 	0
0.0875598 	-3.21033e-08 	-2.33388e-07 	0
0.0880065 	-2.14802e-08 	-1.91696e-07 	0
0.0884533 	-1.07401e-08 	-9.5848e-08 	0
0.0889 	-3.37211e-22 	-3.53385e-21 	0
