0 	0 	0 	0
0.000446734 	3.16144e-05 	0.00221067 	3.30463e-26
0.000893467 	6.25517e-05 	0.00440485 	6.56291e-26
0.0013402 	5.44675e-05 	0.00602753 	7.2474e-26
0.00178693 	1.09447e-05 	0.00712356 	5.56992e-26
0.00223367 	-3.50483e-05 	0.00819979 	3.85728e-26
0.0026804 	-0.000121558 	0.00879351 	2.27649e-26
0.00312714 	-0.000208068 	0.00938722 	6.95693e-27
0.00357387 	-0.000297188 	0.00989962 	6.31289e-27
0.0040206 	-0.000386933 	0.0103452 	1.85688e-26
0.00446734 	-0.00047687 	0.0107868 	3.12544e-26
0.00491407 	-0.000556777 	0.0111444 	5.08091e-26
0.0053608 	-0.000636684 	0.011502 	7.03639e-26
0.00580754 	-0.000709275 	0.011796 	7.60268e-26
0.00625427 	-0.000775182 	0.0120393 	7.15789e-26
0.00670101 	-0.000840444 	0.0122733 	6.581e-26
0.00714774 	-0.000891832 	0.0123874 	4.62552e-26
0.00759447 	-0.00094322 	0.0125016 	2.67005e-26
0.00804121 	-0.000986961 	0.0125449 	1.46602e-26
0.00848794 	-0.00102477 	0.0125385 	6.8522e-27
0.00893467 	-0.00106161 	0.0125222 	0
0.00938141 	-0.00108745 	0.0124173 	0
0.00982814 	-0.00111328 	0.0123125 	0
0.0102749 	-0.00113297 	0.0121626 	0
0.0107216 	-0.00114852 	0.0119842 	0
0.0111683 	-0.00116304 	0.0117994 	0
0.0116151 	-0.00116973 	0.0115691 	0
0.0120618 	-0.00117642 	0.0113389 	0
0.0125085 	-0.00117821 	0.0110859 	0
0.0129553 	-0.00117718 	0.0108201 	0
0.013402 	-0.00117512 	0.0105509 	0
0.0138487 	-0.00116737 	0.0102618 	0
0.0142955 	-0.00115962 	0.00997265 	0
0.0147422 	-0.001148 	0.00967445 	0
0.0151889 	-0.0011345 	0.00937159 	0
0.0156357 	-0.00112008 	0.00906773 	0
0.0160824 	-0.00110181 	0.00875904 	0
0.0165291 	-0.00108354 	0.00845034 	0
0.0169759 	-0.00106252 	0.00814225 	0
0.0174226 	-0.00104043 	0.0078344 	0
0.0178693 	-0.00101761 	0.00752785 	0
0.0183161 	-0.000992586 	0.00722637 	0
0.0187628 	-0.000967561 	0.0069249 	0
0.0192095 	-0.00094086 	0.0066311 	0
0.0196563 	-0.000913712 	0.0063404 	0
0.020103 	-0.000886077 	0.00605288 	0
0.0205497 	-0.000857543 	0.00577631 	0
0.0209965 	-0.000829008 	0.00549975 	0
0.0214432 	-0.000799759 	0.00523542 	0
0.0218899 	-0.000770502 	0.00497546 	0
0.0223367 	-0.000741026 	0.00472005 	0
0.0227834 	-0.000711639 	0.00447834 	0
0.0232302 	-0.000682251 	0.00423664 	0
0.0236769 	-0.000652966 	0.00400959 	0
0.0241236 	-0.000623959 	0.00378713 	0
0.0245704 	-0.000594988 	0.00357003 	0
0.0250171 	-0.000566788 	0.00336716 	0
0.0254638 	-0.000538588 	0.00316429 	0
0.0259106 	-0.000511109 	0.00297671 	0
0.0263573 	-0.000484054 	0.00279328 	0
0.026804 	-0.000457243 	0.00261546 	0
0.0272508 	-0.000431579 	0.00245085 	0
0.0276975 	-0.000405915 	0.00228623 	0
0.0281442 	-0.000381348 	0.0021361 	0
0.028591 	-0.000357236 	0.00198933 	0
0.0290377 	-0.000333504 	0.00184793 	0
0.0294844 	-0.000311026 	0.00171775 	0
0.0299312 	-0.000288548 	0.00158757 	0
0.0303779 	-0.000267311 	0.00147004 	0
0.0308246 	-0.00024648 	0.00135499 	0
0.0312714 	-0.000226085 	0.00124465 	0
0.0317181 	-0.000206854 	0.00114312 	0
0.0321648 	-0.000187624 	0.00104158 	0
0.0326116 	-0.000169581 	0.000950225 	0
0.0330583 	-0.000151854 	0.000860504 	0
0.033505 	-0.000134547 	0.000774542 	0
0.0339518 	-0.000118189 	0.000694874 	0
0.0343985 	-0.000101831 	0.000615206 	0
0.0348452 	-8.64584e-05 	0.000542865 	0
0.035292 	-7.12987e-05 	0.00047146 	0
0.0357387 	-5.64783e-05 	0.000402643 	0
0.0361854 	-4.23206e-05 	0.000337712 	0
0.0366322 	-2.8163e-05 	0.000272782 	0
0.0370789 	-1.46776e-05 	0.000212136 	0
0.0375256 	-1.30571e-06 	0.0001519 	0
0.0379724 	1.18562e-05 	9.29147e-05 	-1.70795e-26
0.0384191 	2.46685e-05 	3.5606e-05 	-5.95036e-26
0.0388658 	3.74808e-05 	-2.17026e-05 	-1.01928e-25
0.0393126 	5.00031e-05 	-7.791e-05 	-1.4232e-25
0.0397593 	6.24948e-05 	-0.000134057 	-1.84602e-25
0.040206 	7.49446e-05 	-0.000190462 	-1.80042e-25
0.0406528 	8.73572e-05 	-0.000247221 	-1.17207e-25
0.0410995 	9.97698e-05 	-0.000303981 	-5.43711e-26
0.0415462 	0.000112306 	-0.000363014 	9.10222e-27
0.041993 	0.000124872 	-0.00042216 	7.17194e-26
0.0424397 	0.000137577 	-0.000483256 	9.39385e-26
0.0428864 	0.00015052 	-0.000546568 	7.3527e-26
0.0433332 	0.000163451 	-0.000609913 	5.26838e-26
0.0437799 	0.000176932 	-0.000679034 	3.00469e-26
0.0442266 	0.000190464 	-0.000748295 	9.71184e-27
0.0446734 	0.000204314 	-0.000821387 	-9.56743e-27
0.0451201 	0.000218629 	-0.000898385 	-2.96001e-26
0.0455668 	0.000232892 	-0.000975536 	-5.15227e-26
0.0460136 	0.000248137 	-0.00106198 	-7.22413e-26
0.0464603 	0.000263408 	-0.0011485 	-9.21549e-26
0.046907 	0.000279151 	-0.00124091 	-9.10781e-26
0.0473538 	0.000295522 	-0.00133873 	-7.10453e-26
0.0478005 	0.00031182 	-0.00143698 	-4.83422e-26
0.0482472 	0.000329404 	-0.00154783 	-2.84285e-26
0.048694 	0.000346988 	-0.00165868 	-8.51488e-27
0.0491407 	0.000365147 	-0.00177757 	0
0.0495874 	0.000384018 	-0.00190313 	0
0.0500342 	0.000402826 	-0.00202966 	1.55397e-27
0.0504809 	0.000423012 	-0.00217151 	4.03158e-26
0.0509276 	0.000443199 	-0.00231336 	7.90777e-26
0.0513744 	0.000463969 	-0.00246537 	1.22907e-25
0.0518211 	0.000485444 	-0.00262496 	1.61408e-25
0.0522678 	0.000506856 	-0.00278617 	1.93107e-25
0.0527146 	0.000529525 	-0.00296472 	1.54345e-25
0.0531613 	0.000552193 	-0.00314327 	1.15583e-25
0.053608 	0.000575298 	-0.00333372 	7.18073e-26
0.0540548 	0.000598985 	-0.00353216 	3.33066e-26
0.0545015 	0.000622575 	-0.00373288 	0
0.0549482 	0.000647008 	-0.00395172 	0
0.055395 	0.00067144 	-0.00417056 	0
0.0558417 	0.000695917 	-0.00440213 	0
0.0562884 	0.000720713 	-0.00464135 	0
0.0567352 	0.000745308 	-0.00488329 	0
0.0571819 	0.000769968 	-0.00514218 	0
0.0576286 	0.000794627 	-0.00540106 	0
0.0580754 	0.000818618 	-0.00567178 	0
0.0585221 	0.000842522 	-0.0059488 	0
0.0589688 	0.000866015 	-0.00622843 	0
0.0594156 	0.000888426 	-0.00652106 	0
0.0598623 	0.000910837 	-0.00681369 	0
0.060309 	0.000931515 	-0.00711449 	0
0.0607558 	0.000951587 	-0.00741907 	0
0.0612025 	0.000970907 	-0.0077251 	0
0.0616492 	0.00098769 	-0.00803668 	0
0.062096 	0.00100447 	-0.00834825 	0
0.0625427 	0.00101812 	-0.00866049 	0
0.0629894 	0.00103057 	-0.00897275 	0
0.0634362 	0.0010418 	-0.00928374 	0
0.0638829 	0.00104883 	-0.00958902 	0
0.0643296 	0.00105587 	-0.0098943 	0
0.0647764 	0.00105813 	-0.0101882 	0
0.0652231 	0.00105863 	-0.0104775 	0
0.0656698 	0.00105734 	-0.0107608 	0
0.0661166 	0.00105026 	-0.0110234 	0
0.0665633 	0.00104318 	-0.011286 	0
0.0670101 	0.00102968 	-0.0115189 	0
0.0674568 	0.00101398 	-0.0117416 	0
0.0679035 	0.000995836 	-0.0119496 	0
0.0683503 	0.00097043 	-0.012115 	0
0.068797 	0.000945025 	-0.0122804 	0
0.0692437 	0.000911316 	-0.0123849 	0
0.0696905 	0.000874966 	-0.0124711 	0
0.0701372 	0.00083534 	-0.012528 	0
0.0705839 	0.000786685 	-0.0125105 	0
0.0710307 	0.000738029 	-0.0124929 	0
0.0714774 	0.000678938 	-0.0123767 	0
0.0719241 	0.000616801 	-0.0122352 	0
0.0723709 	0.000550709 	-0.0120537 	0
0.0728176 	0.000474533 	-0.0117834 	0
0.0732643 	0.000398358 	-0.0115132 	0
0.0737111 	0.000311475 	-0.011153 	0
0.0741578 	0.00022173 	-0.0107739 	0
0.0746045 	0.000129203 	-0.0103654 	-8.85983e-27
0.0750513 	2.99198e-05 	-0.00989901 	-3.69782e-26
0.075498 	-6.93635e-05 	-0.00943265 	-6.50966e-26
0.0759447 	-0.000158515 	-0.00879436 	-9.83793e-26
0.0763915 	-0.000245917 	-0.0081228 	-1.28169e-25
0.0768382 	-0.000292202 	-0.00723337 	-1.3723e-25
0.0772849 	-0.000262439 	-0.00594866 	-1.09112e-25
0.0777317 	-0.000232677 	-0.00466396 	-8.09931e-26
0.0781784 	-0.000155735 	-0.00331274 	-4.73689e-26
0.0786251 	-7.74634e-05 	-0.00197619 	-1.75788e-26
0.0790719 	-2.54579e-05 	-0.000976161 	0
0.0795186 	-1.32104e-05 	-0.000506469 	0
0.0799653 	-9.62818e-07 	-3.67778e-05 	0
0.0804121 	-2.46725e-08 	-3.31203e-07 	0
0.0808588 	-3.69958e-08 	-3.28678e-07 	0
0.0813055 	-4.34949e-08 	-3.35081e-07 	-4.56726e-29
0.0817523 	-4.20655e-08 	-3.5317e-07 	-1.62755e-28
0.082199 	-4.06361e-08 	-3.7126e-07 	-2.79837e-28
0.0826457 	-3.83034e-08 	-3.8922e-07 	-3.93428e-28
0.0830925 	-3.58943e-08 	-4.07209e-07 	-5.01106e-28
0.0835392 	-3.33326e-08 	-4.25547e-07 	-4.68163e-28
0.0839859 	-3.06202e-08 	-4.44358e-07 	-2.50757e-28
0.0844327 	-2.79079e-08 	-4.63168e-07 	-3.33505e-29
0.0848794 	-2.51071e-08 	-4.82948e-07 	1.78764e-28
0.0853261 	-2.23266e-08 	-5.0278e-07 	3.81432e-28
0.0857729 	-1.9524e-08 	-5.2308e-07 	4.41201e-28
0.0862196 	-1.67446e-08 	-5.43923e-07 	3.40876e-28
0.0866663 	-1.39652e-08 	-5.64765e-07 	2.40552e-28
0.0871131 	-1.11664e-08 	-5.86524e-07 	1.41544e-28
0.0875598 	-8.3888e-09 	-6.08305e-07 	4.65538e-29
0.0880065 	-5.58591e-09 	-5.0414e-07 	0
0.0884533 	-2.798e-09 	-2.55078e-07 	0
0.0889 	0 	0 	0
