0 	0 	0 	0
0.000446734 	-1.25577e-05 	-6.254e-05 	8.20625e-26
0.000893467 	-2.51155e-05 	-0.00012508 	1.64125e-25
0.0013402 	-4.06428e-05 	-0.000180608 	2.87976e-25
0.00178693 	-5.89948e-05 	-0.000229467 	4.51576e-25
0.00223367 	-7.7162e-05 	-0.000277577 	6.0905e-25
0.0026804 	-8.81233e-05 	-0.00029647 	5.27583e-25
0.00312714 	-9.90847e-05 	-0.000315364 	4.46115e-25
0.00357387 	-9.83406e-05 	-0.000311165 	2.76787e-25
0.0040206 	-8.75242e-05 	-0.000287095 	3.18587e-26
0.00446734 	-7.48344e-05 	-0.00026035 	-2.02858e-25
0.00491407 	-2.65471e-05 	-0.000182778 	-2.43555e-25
0.0053608 	2.17401e-05 	-0.000105205 	-2.84252e-25
0.00580754 	0.00010022 	6.6038e-06 	-1.90697e-25
0.00625427 	0.000202184 	0.00014504 	7.27499e-27
0.00670101 	0.000309302 	0.000288186 	2.04837e-25
0.00714774 	0.000479989 	0.000489411 	3.97346e-25
0.00759447 	0.000650675 	0.000690637 	5.89854e-25
0.00804121 	0.000867436 	0.000924692 	6.00735e-25
0.00848794 	0.00111655 	0.0011818 	4.84091e-25
0.00893467 	0.00137348 	0.00144273 	3.75308e-25
0.00938141 	0.00170084 	0.00173807 	3.37285e-25
0.00982814 	0.00202821 	0.0020334 	2.99262e-25
0.0102749 	0.00239634 	0.00233608 	4.33996e-25
0.0107216 	0.00279026 	0.0026434 	6.78024e-25
0.0111683 	0.00318992 	0.00294858 	8.72447e-25
0.0116151 	0.00362981 	0.00323879 	7.19631e-25
0.0120618 	0.0040697 	0.00352901 	5.66815e-25
0.0125085 	0.00452344 	0.00379214 	2.31067e-25
0.0129553 	0.00498506 	0.00403987 	-2.08701e-25
0.013402 	0.00544654 	0.00427863 	-6.09372e-25
0.0138487 	0.00590719 	0.00446657 	-7.88489e-25
0.0142955 	0.00636784 	0.0046545 	-9.67607e-25
0.0147422 	0.00681605 	0.00479757 	-8.93851e-25
0.0151889 	0.00725792 	0.00491778 	-6.91274e-25
0.0156357 	0.00769445 	0.00502619 	-4.38989e-25
0.0160824 	0.0081058 	0.00507893 	4.76331e-26
0.0165291 	0.00851716 	0.00513168 	5.34255e-25
0.0169759 	0.00890333 	0.00514218 	6.81624e-25
0.0174226 	0.00927805 	0.00513348 	6.74787e-25
0.0178693 	0.00964507 	0.00511432 	6.15503e-25
0.0183161 	0.00998129 	0.00505334 	3.46431e-25
0.0187628 	0.0103175 	0.00499237 	7.73583e-26
0.0192095 	0.010627 	0.00490144 	0
0.0196563 	0.0109256 	0.00479843 	0
0.020103 	0.0112163 	0.00468817 	-7.17821e-26
0.0205497 	0.0114798 	0.00455297 	-3.90814e-25
0.0209965 	0.0117432 	0.00441777 	-7.09846e-25
0.0214432 	0.0119829 	0.00426525 	-1.14844e-24
0.0218899 	0.0122141 	0.00410656 	-1.62959e-24
0.0223367 	0.0124381 	0.00394381 	-1.96855e-24
0.0227834 	0.0126401 	0.00376888 	-1.88096e-24
0.0232302 	0.0128421 	0.00359395 	-1.79336e-24
0.0236769 	0.013024 	0.00341103 	-1.20724e-24
0.0241236 	0.0131996 	0.00322561 	-4.6583e-25
0.0245704 	0.0133685 	0.00303853 	2.26942e-25
0.0250171 	0.01352 	0.00284704 	7.91494e-25
0.0254638 	0.0136716 	0.00265556 	1.35605e-24
0.0259106 	0.0138057 	0.00246188 	1.40353e-24
0.0263573 	0.0139351 	0.0022676 	1.3115e-24
0.026804 	0.0140584 	0.0020732 	1.19722e-24
0.0272508 	0.0141674 	0.00187849 	1.03105e-24
0.0276975 	0.0142764 	0.00168377 	8.64874e-25
0.0281442 	0.0143699 	0.00149002 	8.98876e-25
0.028591 	0.0144598 	0.00129649 	9.79072e-25
0.0290377 	0.0145437 	0.00110369 	9.55585e-25
0.0294844 	0.0146155 	0.000912414 	7.16758e-25
0.0299312 	0.0146872 	0.000721136 	4.7793e-25
0.0303779 	0.0147443 	0.000532302 	-1.01974e-25
0.0308246 	0.0147985 	0.000343943 	-7.48057e-25
0.0312714 	0.0148468 	0.000156743 	-1.14285e-24
0.0317181 	0.0148839 	-2.83039e-05 	-1.07096e-24
0.0321648 	0.0149211 	-0.00021335 	-9.99077e-25
0.0326116 	0.0149436 	-0.000395316 	-3.18545e-25
0.0330583 	0.0149638 	-0.000576791 	4.59017e-25
0.033505 	0.0149775 	-0.000756835 	1.00045e-24
0.0339518 	0.0149806 	-0.000934494 	1.14834e-24
0.0343985 	0.0149836 	-0.00111215 	1.29623e-24
0.0348452 	0.0149712 	-0.00128616 	8.46883e-25
0.035292 	0.0149568 	-0.00145971 	3.21826e-25
0.0357387 	0.0149352 	-0.00163144 	3.01934e-26
0.0361854 	0.0149029 	-0.00180045 	8.86967e-26
0.0366322 	0.0148705 	-0.00196945 	1.472e-25
0.0370789 	0.014821 	-0.00213374 	6.59243e-25
0.0375256 	0.0147698 	-0.00229757 	1.21478e-24
0.0379724 	0.0147102 	-0.00245879 	1.41617e-24
0.0384191 	0.0146392 	-0.00261649 	1.13845e-24
0.0388658 	0.0145682 	-0.00277419 	8.60725e-25
0.0393126 	0.0144772 	-0.00292482 	1.90148e-26
0.0397593 	0.0143849 	-0.00307497 	-8.60295e-25
0.040206 	0.014282 	-0.00322081 	-1.3993e-24
0.0406528 	0.0141663 	-0.00336136 	-1.52236e-24
0.0410995 	0.0140506 	-0.00350192 	-1.64543e-24
0.0415462 	0.0139095 	-0.00363041 	-1.25727e-24
0.041993 	0.0137674 	-0.00375843 	-8.49197e-25
0.0424397 	0.0136109 	-0.00387857 	-5.70254e-25
0.0428864 	0.0134384 	-0.00399 	-4.34038e-25
0.0433332 	0.0132659 	-0.00410143 	-2.97823e-25
0.0437799 	0.0130583 	-0.00419125 	-2.36022e-25
0.0442266 	0.0128504 	-0.00428079 	-1.75164e-25
0.0446734 	0.0126218 	-0.00435617 	-1.15642e-25
0.0451201 	0.0123726 	-0.00441741 	-5.74573e-26
0.0455668 	0.0121228 	-0.0044782 	1.836e-27
0.0460136 	0.011827 	-0.00450412 	1.48716e-25
0.0464603 	0.0115312 	-0.00453003 	2.95596e-25
0.046907 	0.0112091 	-0.00453395 	5.51812e-25
0.0473538 	0.0108631 	-0.00451797 	9.06952e-25
0.0478005 	0.0105153 	-0.00450024 	1.24628e-24
0.0482472 	0.0101195 	-0.00443761 	1.17965e-24
0.048694 	0.00972373 	-0.00437498 	1.11303e-24
0.0491407 	0.00930364 	-0.00428598 	8.78616e-25
0.0495874 	0.00886369 	-0.00417539 	5.06915e-25
0.0500342 	0.00842174 	-0.00406201 	1.57901e-25
0.0504809 	0.00794978 	-0.00390679 	1.49168e-25
0.0509276 	0.00747782 	-0.00375158 	1.40435e-25
0.0513744 	0.00699788 	-0.00357553 	1.46245e-25
0.0518211 	0.00651204 	-0.00338409 	1.62805e-25
0.0522678 	0.00602691 	-0.00319058 	1.71658e-25
0.0527146 	0.00554918 	-0.00297551 	1.00134e-25
0.0531613 	0.00507146 	-0.00276043 	2.86097e-26
0.053608 	0.004612 	-0.00253992 	0
0.0540548 	0.0041647 	-0.00231578 	0
0.0545015 	0.00372292 	-0.00209215 	0
0.0549482 	0.00332465 	-0.00187254 	0
0.055395 	0.00292637 	-0.00165293 	0
0.0558417 	0.00256605 	-0.00144244 	1.64112e-26
0.0562884 	0.00222851 	-0.00123741 	4.26691e-26
0.0567352 	0.00189986 	-0.00103523 	6.85865e-26
0.0571819 	0.00162701 	-0.000850891 	9.23678e-26
0.0576286 	0.00135415 	-0.000666552 	1.16149e-25
0.0580754 	0.00112206 	-0.000498865 	1.1362e-25
0.0585221 	0.000911909 	-0.000340146 	9.69249e-26
0.0589688 	0.00071121 	-0.000187017 	7.62294e-26
0.0594156 	0.000559207 	-6.26988e-05 	3.4919e-26
0.0598623 	0.000407204 	6.16189e-05 	-6.3914e-27
0.060309 	0.000291352 	0.000151998 	-3.10734e-26
0.0607558 	0.000192907 	0.000226036 	-4.77491e-26
0.0612025 	0.000103505 	0.000287216 	-5.56129e-26
0.0616492 	5.32899e-05 	0.000292678 	-2.52919e-26
0.062096 	3.07521e-06 	0.00029814 	5.02916e-27
0.0625427 	-2.02338e-05 	0.000251694 	2.74689e-26
0.0629894 	-3.20119e-05 	0.000183001 	4.65309e-26
0.0634362 	-3.90609e-05 	0.000103478 	6.11684e-26
0.0638829 	-2.85851e-05 	-1.61766e-05 	5.9409e-26
0.0643296 	-1.81092e-05 	-0.000135832 	5.76496e-26
0.0647764 	-5.20083e-06 	-0.000252823 	6.34671e-26
0.0652231 	8.63019e-06 	-0.000368803 	7.21587e-26
0.0656698 	1.8973e-05 	-0.000466273 	7.9679e-26
0.0661166 	1.81166e-05 	-0.000504317 	8.34391e-26
0.0665633 	1.72603e-05 	-0.000542361 	8.71991e-26
0.0670101 	1.21184e-05 	-0.000464756 	7.26589e-26
0.0674568 	5.54796e-06 	-0.000348603 	5.20186e-26
0.0679035 	6.2816e-07 	-0.000235192 	3.29134e-26
0.0683503 	3.45841e-07 	-0.000129488 	1.81209e-26
0.068797 	6.35218e-08 	-2.37835e-05 	3.32832e-27
0.0692437 	-7.15444e-16 	-3.62162e-14 	-5.84476e-35
0.0696905 	-2.97653e-16 	-1.50681e-14 	-2.43176e-35
0.0701372 	2.51936e-20 	-7.3642e-21 	-6.99535e-42
0.0705839 	2.84328e-20 	-7.37103e-21 	-5.76619e-43
0.0710307 	3.1672e-20 	-7.37787e-21 	5.84211e-42
0.0714774 	3.22377e-20 	-7.47718e-21 	7.23434e-42
0.0719241 	3.21351e-20 	-7.5996e-21 	7.36994e-42
0.0723709 	3.19924e-20 	-7.75181e-21 	3.86563e-42
0.0728176 	3.17616e-20 	-7.96951e-21 	-7.64648e-42
0.0732643 	3.15308e-20 	-8.18722e-21 	-1.91586e-41
0.0737111 	3.12029e-20 	-8.46822e-21 	-3.25579e-41
0.0741578 	3.08545e-20 	-8.76265e-21 	-4.63575e-41
0.0746045 	3.04691e-20 	-9.07773e-21 	-6.16022e-41
0.0750513 	3.00112e-20 	-9.43334e-21 	-7.96835e-41
0.075498 	2.95534e-20 	-9.78895e-21 	-9.77647e-41
0.0759447 	2.90098e-20 	-1.01868e-20 	-9.76426e-41
0.0763915 	2.84511e-20 	-1.05921e-20 	-9.43081e-41
0.0768382 	2.78585e-20 	-1.10127e-20 	-7.65237e-41
0.0772849 	2.72066e-20 	-1.14605e-20 	-3.33273e-41
0.0777317 	2.65546e-20 	-1.19082e-20 	9.86913e-42
0.0781784 	2.58265e-20 	-1.23905e-20 	4.71078e-41
0.0786251 	2.50874e-20 	-1.28776e-20 	8.34953e-41
0.0790719 	2.43163e-20 	-1.33801e-20 	1.10179e-40
0.0795186 	2.34946e-20 	-1.3907e-20 	1.21523e-40
0.0799653 	2.26728e-20 	-1.44338e-20 	1.32867e-40
0.0804121 	2.17796e-20 	-1.49996e-20 	1.23808e-40
0.0808588 	2.08784e-20 	-1.55697e-20 	1.12483e-40
0.0813055 	1.99456e-20 	-1.61601e-20 	8.7437e-41
0.0817523 	1.89675e-20 	-1.67795e-20 	4.28502e-41
0.082199 	1.79894e-20 	-1.73989e-20 	-1.73666e-42
0.0826457 	1.69425e-20 	-1.8072e-20 	-4.29197e-41
0.0830925 	1.58901e-20 	-1.87494e-20 	-8.38267e-41
0.0835392 	1.48067e-20 	-1.9457e-20 	-1.09134e-40
0.0839859 	1.36835e-20 	-2.02034e-20 	-1.14386e-40
0.0844327 	1.25603e-20 	-2.09497e-20 	-1.19638e-40
0.0848794 	1.13754e-20 	-2.17739e-20 	-7.79113e-41
0.0853261 	1.01873e-20 	-2.26021e-20 	-3.37124e-41
0.0857729 	8.9733e-21 	-2.34746e-20 	-8.29861e-42
0.0862196 	7.72937e-21 	-2.43987e-20 	-4.71607e-42
0.0866663 	6.48545e-21 	-2.53228e-20 	-1.13352e-42
0.0871131 	5.20062e-21 	-2.63534e-20 	-5.63186e-41
0.0875598 	3.91475e-21 	-2.73867e-20 	-1.1301e-40
0.0880065 	2.61768e-21 	-2.24453e-20 	-1.14223e-40
0.0884533 	1.30884e-21 	-1.12226e-20 	-5.71116e-41
0.0889 	3.89655e-35 	-7.71962e-34 	-4.53911e-54
