0 	0 	0 	0
0.000446734 	0.000209749 	0.00327371 	4.44399e-26
0.000893467 	0.000419577 	0.0065282 	8.85623e-26
0.0013402 	0.00059741 	0.00907531 	9.84956e-26
0.00178693 	0.000743793 	0.0109484 	7.66643e-26
0.00223367 	0.00088556 	0.0127837 	5.43922e-26
0.0026804 	0.000928623 	0.0136022 	3.21011e-26
0.00312714 	0.000971687 	0.0144208 	9.81007e-27
0.00357387 	0.000990551 	0.0149922 	1.03897e-26
0.0040206 	0.000991185 	0.0153614 	3.05604e-26
0.00446734 	0.000990569 	0.0157195 	5.14328e-26
0.00491407 	0.000980683 	0.0158878 	8.4412e-26
0.0053608 	0.000970798 	0.016056 	1.17391e-25
0.00580754 	0.000957713 	0.0161374 	1.27185e-25
0.00625427 	0.000942996 	0.0161516 	1.19987e-25
0.00670101 	0.000927485 	0.0161553 	1.10512e-25
0.00714774 	0.000907501 	0.0160335 	7.7533e-26
0.00759447 	0.000887518 	0.0159118 	4.45537e-26
0.00804121 	0.000864636 	0.0157249 	2.43579e-26
0.00848794 	0.000840242 	0.0154929 	1.13849e-26
0.00893467 	0.000815345 	0.0152525 	0
0.00938141 	0.000788049 	0.0149391 	0
0.00982814 	0.000760752 	0.0146257 	0
0.0102749 	0.000732419 	0.0142779 	0
0.0107216 	0.00070364 	0.0139088 	0
0.0111683 	0.000674761 	0.0135352 	0
0.0116151 	0.000645637 	0.0131312 	0
0.0120618 	0.000616512 	0.0127272 	0
0.0125085 	0.000587684 	0.012311 	0
0.0129553 	0.000559021 	0.0118882 	0
0.013402 	0.000530556 	0.0114644 	0
0.0138487 	0.000502885 	0.0110354 	0
0.0142955 	0.000475215 	0.0106064 	0
0.0147422 	0.000448514 	0.0101799 	0
0.0151889 	0.000422179 	0.00975473 	0
0.0156357 	0.000396228 	0.00933159 	0
0.0160824 	0.000371445 	0.00891811 	0
0.0165291 	0.000346662 	0.00850464 	0
0.0169759 	0.000323164 	0.00810314 	0
0.0174226 	0.000300057 	0.0077071 	0
0.0178693 	0.000277436 	0.00731535 	0
0.0183161 	0.000256039 	0.00694067 	0
0.0187628 	0.000234641 	0.006566 	0
0.0192095 	0.000214581 	0.0062082 	0
0.0196563 	0.00019485 	0.00585719 	0
0.020103 	0.00017562 	0.00551173 	0
0.0205497 	0.000157451 	0.0051853 	0
0.0209965 	0.000139282 	0.00485886 	0
0.0214432 	0.000122299 	0.00455043 	0
0.0218899 	0.000105541 	0.00424836 	0
0.0223367 	8.92233e-05 	0.00395212 	0
0.0227834 	7.36858e-05 	0.00367323 	0
0.0232302 	5.81484e-05 	0.00339434 	0
0.0236769 	4.34928e-05 	0.00313169 	0
0.0241236 	2.89527e-05 	0.00287402 	0
0.0245704 	1.47238e-05 	0.00262153 	0
0.0250171 	9.33857e-07 	0.00238248 	0
0.0254638 	-1.28561e-05 	0.00214344 	0
0.0259106 	-2.6182e-05 	0.00191667 	0
0.0263573 	-3.94918e-05 	0.00169315 	0
0.026804 	-5.26794e-05 	0.00147328 	0
0.0272508 	-6.57989e-05 	0.0012618 	0
0.0276975 	-7.89183e-05 	0.00105031 	0
0.0281442 	-9.20681e-05 	0.000845599 	0
0.028591 	-0.000105277 	0.000642397 	0
0.0290377 	-0.000118582 	0.000440647 	0
0.0294844 	-0.000132145 	0.000241801 	0
0.0299312 	-0.000145708 	4.2954e-05 	0
0.0303779 	-0.000159829 	-0.000155565 	0
0.0308246 	-0.000174054 	-0.000354057 	0
0.0312714 	-0.000188648 	-0.000553797 	0
0.0317181 	-0.000203846 	-0.000755919 	0
0.0321648 	-0.000219044 	-0.000958042 	0
0.0326116 	-0.000235371 	-0.00116664 	0
0.0330583 	-0.000251817 	-0.00137629 	0
0.033505 	-0.000268916 	-0.00159013 	0
0.0339518 	-0.000286902 	-0.00181099 	0
0.0343985 	-0.000304889 	-0.00203184 	0
0.0348452 	-0.000324612 	-0.00226566 	0
0.035292 	-0.000344446 	-0.00250112 	0
0.0357387 	-0.00036525 	-0.00274363 	0
0.0361854 	-0.000387218 	-0.00299668 	0
0.0366322 	-0.000409186 	-0.00324974 	0
0.0370789 	-0.000433478 	-0.00352115 	0
0.0375256 	-0.000457845 	-0.00379429 	0
0.0379724 	-0.000483483 	-0.00407679 	-1.32447e-26
0.0384191 	-0.000510487 	-0.00437186 	-4.61434e-26
0.0388658 	-0.00053749 	-0.00466693 	-7.90421e-26
0.0393126 	-0.00056732 	-0.00498362 	-1.10154e-25
0.0397593 	-0.000597163 	-0.00530169 	-1.42711e-25
0.040206 	-0.000628529 	-0.00563025 	-1.40629e-25
0.0406528 	-0.000661372 	-0.00597146 	-9.55869e-26
0.0410995 	-0.000694215 	-0.00631267 	-5.05453e-26
0.0415462 	-0.00073022 	-0.00667529 	-5.9777e-27
0.041993 	-0.000766164 	-0.00703866 	3.83914e-26
0.0424397 	-0.000803772 	-0.00741157 	5.51357e-26
0.0428864 	-0.000842849 	-0.00779482 	4.29927e-26
0.0433332 	-0.000881983 	-0.0081782 	3.04899e-26
0.0437799 	-0.00092421 	-0.00857729 	1.7453e-26
0.0442266 	-0.000966365 	-0.00897661 	5.6412e-27
0.0446734 	-0.00101014 	-0.00938132 	-5.35491e-27
0.0451201 	-0.00105521 	-0.00979116 	-1.65673e-26
0.0455668 	-0.00110044 	-0.0102012 	-2.87957e-26
0.0460136 	-0.00114817 	-0.0106141 	-4.05386e-26
0.0464603 	-0.00119589 	-0.0110269 	-5.17903e-26
0.046907 	-0.00124487 	-0.0114365 	-5.12546e-26
0.0473538 	-0.00129479 	-0.0118428 	-4.00422e-26
0.0478005 	-0.00134484 	-0.0122485 	-2.73146e-26
0.0482472 	-0.0013963 	-0.0126358 	-1.60629e-26
0.048694 	-0.00144777 	-0.0130231 	-4.81113e-27
0.0491407 	-0.00149958 	-0.0133916 	0
0.0495874 	-0.00155162 	-0.0137444 	0
0.0500342 	-0.00160358 	-0.0140941 	1.11709e-27
0.0504809 	-0.00165488 	-0.0143928 	2.89817e-26
0.0509276 	-0.00170617 	-0.0146916 	5.68463e-26
0.0513744 	-0.00175589 	-0.0149461 	9.03377e-26
0.0518211 	-0.00180464 	-0.0151674 	1.21605e-25
0.0522678 	-0.00185278 	-0.0153799 	1.48232e-25
0.0527146 	-0.00189699 	-0.0154978 	1.20367e-25
0.0531613 	-0.00194121 	-0.0156157 	9.25023e-26
0.053608 	-0.00198192 	-0.0156571 	5.83159e-26
0.0540548 	-0.0020209 	-0.0156474 	2.70488e-26
0.0545015 	-0.00205888 	-0.0156219 	0
0.0549482 	-0.0020934 	-0.0154718 	0
0.055395 	-0.00212792 	-0.0153217 	0
0.0558417 	-0.0021607 	-0.0150825 	0
0.0562884 	-0.00219343 	-0.0147896 	0
0.0567352 	-0.00222573 	-0.0144672 	0
0.0571819 	-0.00226196 	-0.0139465 	0
0.0576286 	-0.0022982 	-0.0134257 	0
0.0580754 	-0.00226585 	-0.012507 	0
0.0585221 	-0.00219666 	-0.0113678 	0
0.0589688 	-0.00206296 	-0.0100358 	0
0.0594156 	-0.00160243 	-0.00771367 	0
0.0598623 	-0.00114189 	-0.00539158 	0
0.060309 	-0.000720996 	-0.00344627 	0
0.0607558 	-0.000336211 	-0.00175515 	0
0.0612025 	-3.02613e-05 	-0.000386899 	0
0.0616492 	-1.70943e-05 	-0.000217307 	0
0.062096 	-3.92738e-06 	-4.77144e-05 	0
0.0625427 	-2.89353e-07 	-5.78674e-07 	0
0.0629894 	-3.08827e-07 	-4.96354e-07 	0
0.0634362 	-3.12456e-07 	-4.26287e-07 	0
0.0638829 	-2.74816e-07 	-3.95016e-07 	0
0.0643296 	-2.37176e-07 	-3.63744e-07 	0
0.0647764 	-2.11827e-07 	-3.45077e-07 	0
0.0652231 	-1.91751e-07 	-3.30535e-07 	0
0.0656698 	-1.73334e-07 	-3.17967e-07 	0
0.0661166 	-1.6095e-07 	-3.10876e-07 	0
0.0665633 	-1.48566e-07 	-3.03784e-07 	0
0.0670101 	-1.38903e-07 	-2.99644e-07 	0
0.0674568 	-1.30252e-07 	-2.96357e-07 	0
0.0679035 	-1.2209e-07 	-2.93702e-07 	0
0.0683503 	-1.15471e-07 	-2.92623e-07 	0
0.068797 	-1.08853e-07 	-2.91544e-07 	0
0.0692437 	-1.03171e-07 	-2.91611e-07 	0
0.0696905 	-9.77988e-08 	-2.9197e-07 	0
0.0701372 	-9.26501e-08 	-2.92647e-07 	0
0.0705839 	-8.81298e-08 	-2.94037e-07 	0
0.0710307 	-8.36094e-08 	-2.95427e-07 	0
0.0714774 	-7.95766e-08 	-2.97474e-07 	0
0.0719241 	-7.5687e-08 	-2.99665e-07 	0
0.0723709 	-7.19373e-08 	-3.02075e-07 	0
0.0728176 	-6.85413e-08 	-3.04927e-07 	0
0.0732643 	-6.51452e-08 	-3.07779e-07 	0
0.0737111 	-6.20662e-08 	-3.11113e-07 	0
0.0741578 	-5.90694e-08 	-3.14537e-07 	0
0.0746045 	-5.61724e-08 	-3.18142e-07 	1.75053e-31
0.0750513 	-5.35047e-08 	-3.22078e-07 	7.30618e-31
0.075498 	-5.08369e-08 	-3.26015e-07 	1.28618e-30
0.0759447 	-4.83912e-08 	-3.30359e-07 	5.29469e-30
0.0763915 	-4.5997e-08 	-3.34768e-07 	9.93228e-30
0.0768382 	-4.36756e-08 	-3.39343e-07 	1.33277e-29
0.0772849 	-4.15092e-08 	-3.44195e-07 	1.27721e-29
0.0777317 	-3.93429e-08 	-3.49047e-07 	1.22166e-29
0.0781784 	-3.7333e-08 	-3.54274e-07 	7.37419e-30
0.0786251 	-3.53561e-08 	-3.59549e-07 	2.7366e-30
0.0790719 	-3.34307e-08 	-3.64987e-07 	0
0.0795186 	-3.16101e-08 	-3.70671e-07 	0
0.0799653 	-2.97895e-08 	-3.76356e-07 	0
0.0804121 	-2.80747e-08 	-3.82402e-07 	0
0.0808588 	-2.63814e-08 	-3.88486e-07 	0
0.0813055 	-2.47214e-08 	-3.94733e-07 	1.43457e-29
0.0817523 	-2.31298e-08 	-4.01207e-07 	5.11209e-29
0.082199 	-2.15381e-08 	-4.07682e-07 	8.78961e-29
0.0826457 	-2.00105e-08 	-4.14517e-07 	1.29796e-28
0.0830925 	-1.84973e-08 	-4.21378e-07 	1.70261e-28
0.0835392 	-1.70008e-08 	-4.28409e-07 	1.59154e-28
0.0839859 	-1.5545e-08 	-4.35654e-07 	7.89664e-29
0.0844327 	-1.40892e-08 	-4.42899e-07 	-1.221e-30
0.0848794 	-1.26608e-08 	-4.50508e-07 	-9.10742e-29
0.0853261 	-1.12427e-08 	-4.58134e-07 	-1.7716e-28
0.0857729 	-9.82514e-09 	-4.65938e-07 	-2.0259e-28
0.0862196 	-8.4263e-09 	-4.73946e-07 	-1.59178e-28
0.0866663 	-7.02745e-09 	-4.81953e-07 	-1.15765e-28
0.0871131 	-5.6216e-09 	-4.90323e-07 	-6.79787e-29
0.0875598 	-4.22416e-09 	-4.98701e-07 	-2.23582e-29
0.0880065 	-2.81445e-09 	-4.09139e-07 	0
0.0884533 	-1.40941e-09 	-2.06915e-07 	0
0.0889 	0 	0 	0
