0 	0 	0 	0
0.000446734 	6.59219e-05 	0.0025121 	-1.09334e-25
0.000893467 	0.000131217 	0.00500573 	-2.15434e-25
0.0013402 	0.000155892 	0.00686249 	-2.35393e-25
0.00178693 	0.000143462 	0.00812959 	-1.77277e-25
0.00223367 	0.000128155 	0.00937306 	-1.17085e-25
0.0026804 	6.52023e-05 	0.0100279 	-6.91012e-26
0.00312714 	2.24914e-06 	0.0106826 	-2.11173e-26
0.00357387 	-6.44458e-05 	0.0112249 	-1.77724e-26
0.0040206 	-0.000132652 	0.011674 	-5.22759e-26
0.00446734 	-0.000201138 	0.0121172 	-8.89591e-26
0.00491407 	-0.000261516 	0.0124414 	-1.32962e-25
0.0053608 	-0.000321893 	0.0127657 	-1.76966e-25
0.00580754 	-0.000376883 	0.0130128 	-1.825e-25
0.00625427 	-0.00042675 	0.0131994 	-1.59565e-25
0.00670101 	-0.000476275 	0.0133756 	-1.33429e-25
0.00714774 	-0.000516144 	0.0134233 	-8.9426e-26
0.00759447 	-0.000556013 	0.0134711 	-4.54226e-26
0.00804121 	-0.000590896 	0.0134484 	-2.17202e-26
0.00848794 	-0.000621768 	0.0133765 	-1.01521e-26
0.00893467 	-0.000652042 	0.0132952 	0
0.00938141 	-0.000674887 	0.0131307 	0
0.00982814 	-0.000697732 	0.0129661 	0
0.0102749 	-0.000716278 	0.0127602 	0
0.0107216 	-0.000731899 	0.0125283 	0
0.0111683 	-0.00074676 	0.0122904 	0
0.0116151 	-0.000755828 	0.0120113 	0
0.0120618 	-0.000764896 	0.0117321 	0
0.0125085 	-0.000770211 	0.0114326 	0
0.0129553 	-0.000773391 	0.0111216 	0
0.013402 	-0.000775748 	0.0108077 	0
0.0138487 	-0.000773769 	0.010477 	0
0.0142955 	-0.00077179 	0.0101464 	0
0.0147422 	-0.000766815 	0.00980959 	0
0.0151889 	-0.000760452 	0.0094696 	0
0.0156357 	-0.000753332 	0.00912948 	0
0.0160824 	-0.000743353 	0.00878873 	0
0.0165291 	-0.000733374 	0.00844798 	0
0.0169759 	-0.000721257 	0.00811155 	0
0.0174226 	-0.000708384 	0.00777709 	0
0.0178693 	-0.000694896 	0.00744498 	0
0.0183161 	-0.000679786 	0.00712232 	0
0.0187628 	-0.000664676 	0.00679967 	0
0.0192095 	-0.000648211 	0.00648837 	0
0.0196563 	-0.000631454 	0.00618166 	0
0.020103 	-0.000614254 	0.0058792 	0
0.0205497 	-0.000596373 	0.00559138 	0
0.0209965 	-0.000578491 	0.00530355 	0
0.0214432 	-0.000559926 	0.00503106 	0
0.0218899 	-0.000541379 	0.00476402 	0
0.0223367 	-0.00052257 	0.00450243 	0
0.0227834 	-0.000503751 	0.00425722 	0
0.0232302 	-0.000484932 	0.004012 	0
0.0236769 	-0.000465967 	0.00378365 	0
0.0241236 	-0.000447204 	0.00356056 	0
0.0245704 	-0.000428348 	0.00334346 	0
0.0250171 	-0.000409909 	0.00314218 	0
0.0254638 	-0.000391469 	0.0029409 	0
0.0259106 	-0.000373271 	0.00275615 	0
0.0263573 	-0.000355358 	0.00257586 	0
0.026804 	-0.000337486 	0.00240151 	0
0.0272508 	-0.000320246 	0.00224099 	0
0.0276975 	-0.000303006 	0.00208047 	0
0.0281442 	-0.000286237 	0.00193475 	0
0.028591 	-0.00026976 	0.00179245 	0
0.0290377 	-0.000253409 	0.00165548 	0
0.0294844 	-0.000237732 	0.00152959 	0
0.0299312 	-0.000222056 	0.00140371 	0
0.0303779 	-0.000206926 	0.00128991 	0
0.0308246 	-0.000192042 	0.00117845 	0
0.0312714 	-0.000177319 	0.00107131 	0
0.0317181 	-0.00016318 	0.000972174 	0
0.0321648 	-0.000149041 	0.000873034 	0
0.0326116 	-0.000135392 	0.000782629 	0
0.0330583 	-0.000121917 	0.000693603 	0
0.033505 	-0.000108585 	0.000607537 	0
0.0339518 	-9.56643e-05 	0.000526368 	0
0.0343985 	-8.27432e-05 	0.000445198 	0
0.0348452 	-7.01536e-05 	0.000368987 	0
0.035292 	-5.7656e-05 	0.000293386 	0
0.0357387 	-4.52449e-05 	0.000219113 	0
0.0361854 	-3.3026e-05 	0.000146781 	0
0.0366322 	-2.08071e-05 	7.445e-05 	0
0.0370789 	-8.69396e-06 	3.0185e-06 	0
0.0375256 	3.40299e-06 	-6.83521e-05 	0
0.0379724 	1.55005e-05 	-0.000140271 	-1.43098e-28
0.0384191 	2.76313e-05 	-0.000212994 	-4.98541e-28
0.0388658 	3.97622e-05 	-0.000285717 	-8.53983e-28
0.0393126 	5.20295e-05 	-0.000361839 	-1.11925e-27
0.0397593 	6.43414e-05 	-0.000438221 	-1.39355e-27
0.040206 	7.67442e-05 	-0.000517248 	-1.60824e-27
0.0406528 	8.9374e-05 	-0.000599581 	-1.77188e-27
0.0410995 	0.000102004 	-0.000681914 	-1.93553e-27
0.0415462 	0.000114981 	-0.00077213 	-2.31776e-27
0.041993 	0.000128045 	-0.000862688 	-2.62274e-27
0.0424397 	0.00014127 	-0.000958181 	-2.55187e-27
0.0428864 	0.000154859 	-0.0010592 	-2.03278e-27
0.0433332 	0.000168428 	-0.0011603 	-1.52369e-27
0.0437799 	0.00018251 	-0.00127369 	-8.55934e-28
0.0442266 	0.000196685 	-0.00138735 	-2.76657e-28
0.0446734 	0.000211042 	-0.00150833 	3.18977e-28
0.0451201 	0.000225825 	-0.0016367 	9.86866e-28
0.0455668 	0.000240514 	-0.00176537 	1.72775e-27
0.0460136 	0.00025585 	-0.00191026 	2.39354e-27
0.0464603 	0.000271223 	-0.00205528 	3.04232e-27
0.046907 	0.000286717 	-0.00220991 	2.99686e-27
0.0473538 	0.000302611 	-0.00237331 	2.32897e-27
0.0478005 	0.000318356 	-0.00253743 	1.57499e-27
0.0482472 	0.000334652 	-0.00272069 	9.26202e-28
0.048694 	0.000350948 	-0.00290395 	2.77415e-28
0.0491407 	0.000367193 	-0.00309874 	0
0.0495874 	0.000383713 	-0.00330299 	0
0.0500342 	0.000400051 	-0.00350859 	-1.13737e-29
0.0504809 	0.000416561 	-0.00373456 	-2.95078e-28
0.0509276 	0.00043307 	-0.00396052 	-5.78782e-28
0.0513744 	0.000449215 	-0.00419908 	-5.96057e-28
0.0518211 	0.000465416 	-0.00444694 	-3.28583e-28
0.0522678 	0.000481368 	-0.0046967 	2.67737e-29
0.0527146 	0.0004969 	-0.00496601 	3.10478e-28
0.0531613 	0.000512431 	-0.00523531 	5.94182e-28
0.053608 	0.000527114 	-0.0055168 	4.98863e-28
0.0540548 	0.000541549 	-0.00580633 	2.31389e-28
0.0545015 	0.000555619 	-0.00609797 	0
0.0549482 	0.000568466 	-0.00640562 	0
0.055395 	0.000581313 	-0.00671328 	0
0.0558417 	0.000592644 	-0.00703035 	0
0.0562884 	0.000603349 	-0.00735292 	0
0.0567352 	0.000613512 	-0.00767705 	0
0.0571819 	0.000621456 	-0.00801009 	0
0.0576286 	0.0006294 	-0.00834313 	0
0.0580754 	0.000634965 	-0.00867929 	0
0.0585221 	0.000639469 	-0.00901688 	0
0.0589688 	0.000643176 	-0.00935418 	0
0.0594156 	0.0006435 	-0.00968882 	0
0.0598623 	0.000643823 	-0.0100235 	0
0.060309 	0.000640716 	-0.0103501 	0
0.0607558 	0.000636082 	-0.0106727 	0
0.0612025 	0.000630327 	-0.0109912 	0
0.0616492 	0.000619967 	-0.0112908 	0
0.062096 	0.000609606 	-0.0115904 	0
0.0625427 	0.000594747 	-0.0118653 	0
0.0629894 	0.000577963 	-0.0121292 	0
0.0634362 	0.00055974 	-0.0123824 	0
0.0638829 	0.000535949 	-0.0125946 	0
0.0643296 	0.000512158 	-0.0128068 	0
0.0647764 	0.000483034 	-0.0129672 	0
0.0652231 	0.000451736 	-0.0131074 	0
0.0656698 	0.000418718 	-0.013225 	0
0.0661166 	0.000379413 	-0.0132682 	0
0.0665633 	0.000340108 	-0.0133115 	0
0.0670101 	0.00029471 	-0.0132632 	0
0.0674568 	0.000246932 	-0.0131839 	0
0.0679035 	0.000197168 	-0.0130681 	0
0.0683503 	0.0001405 	-0.0128491 	0
0.068797 	8.38315e-05 	-0.0126301 	0
0.0692437 	2.07758e-05 	-0.0123063 	0
0.0696905 	-4.46681e-05 	-0.011952 	0
0.0701372 	-0.000112304 	-0.0115652 	0
0.0705839 	-0.000187015 	-0.0110982 	0
0.0710307 	-0.000261725 	-0.0106312 	0
0.0714774 	-0.000329329 	-0.0100356 	0
0.0719241 	-0.000395099 	-0.00940615 	0
0.0723709 	-0.000424964 	-0.00863559 	0
0.0728176 	-0.000371231 	-0.00754265 	0
0.0732643 	-0.000317499 	-0.00644971 	0
0.0737111 	-0.000219244 	-0.00491723 	0
0.0741578 	-0.0001184 	-0.00330013 	0
0.0746045 	-4.4982e-05 	-0.00190592 	-2.95681e-29
0.0750513 	-2.38074e-05 	-0.00101048 	-1.23408e-28
0.075498 	-2.63278e-06 	-0.000115036 	-2.17249e-28
0.0759447 	2.92155e-08 	-6.04042e-07 	-3.35422e-28
0.0763915 	-1.55263e-08 	-3.91849e-07 	-4.43419e-28
0.0768382 	-4.40823e-08 	-2.66612e-07 	-4.80471e-28
0.0772849 	-4.63092e-08 	-2.80201e-07 	-3.86631e-28
0.0777317 	-4.85362e-08 	-2.9379e-07 	-2.9279e-28
0.0781784 	-4.78053e-08 	-3.06156e-07 	-1.71725e-28
0.0786251 	-4.66585e-08 	-3.18387e-07 	-6.37279e-29
0.0790719 	-4.53198e-08 	-3.30544e-07 	0
0.0795186 	-4.36632e-08 	-3.42634e-07 	0
0.0799653 	-4.20067e-08 	-3.54724e-07 	0
0.0804121 	-4.00745e-08 	-3.67118e-07 	0
0.0808588 	-3.81219e-08 	-3.79557e-07 	0
0.0813055 	-3.60989e-08 	-3.92214e-07 	-1.31448e-28
0.0817523 	-3.40088e-08 	-4.05194e-07 	-4.68417e-28
0.082199 	-3.19186e-08 	-4.18173e-07 	-8.05387e-28
0.0826457 	-2.97746e-08 	-4.31712e-07 	-1.1814e-27
0.0830925 	-2.7642e-08 	-4.45297e-07 	-1.5451e-27
0.0835392 	-2.54962e-08 	-4.59153e-07 	-1.4415e-27
0.0839859 	-2.33667e-08 	-4.73356e-07 	-7.12916e-28
0.0844327 	-2.12372e-08 	-4.8756e-07 	1.56705e-29
0.0848794 	-1.9109e-08 	-5.02342e-07 	8.30707e-28
0.0853261 	-1.69955e-08 	-5.17154e-07 	1.6151e-27
0.0857729 	-1.48727e-08 	-5.32242e-07 	1.84939e-27
0.0862196 	-1.2768e-08 	-5.4765e-07 	1.45778e-27
0.0866663 	-1.06632e-08 	-5.63057e-07 	1.06616e-27
0.0871131 	-8.53476e-09 	-5.79022e-07 	6.26868e-28
0.0875598 	-6.41899e-09 	-5.95001e-07 	2.06177e-28
0.0880065 	-4.27993e-09 	-4.90771e-07 	0
0.0884533 	-2.14332e-09 	-2.48261e-07 	0
0.0889 	0 	0 	0
