0 	0 	0 	0
0.000446734 	3.95527e-05 	0.00218761 	4.01951e-26
0.000893467 	7.85267e-05 	0.00435929 	7.97822e-26
0.0013402 	8.11718e-05 	0.00597408 	8.81325e-26
0.00178693 	5.06466e-05 	0.0070742 	6.77943e-26
0.00223367 	1.76286e-05 	0.00815417 	4.6969e-26
0.0026804 	-5.74773e-05 	0.00873466 	2.77201e-26
0.00312714 	-0.000132583 	0.00931515 	8.47125e-27
0.00357387 	-0.000211383 	0.00980527 	8.12055e-27
0.0040206 	-0.000291776 	0.0102211 	2.38859e-26
0.00446734 	-0.000372422 	0.0106326 	4.02814e-26
0.00491407 	-0.000444844 	0.0109548 	6.52698e-26
0.0053608 	-0.000517266 	0.011277 	9.02583e-26
0.00580754 	-0.000583514 	0.011536 	9.72953e-26
0.00625427 	-0.000644032 	0.011745 	9.11951e-26
0.00670101 	-0.00070404 	0.0119448 	8.33335e-26
0.00714774 	-0.000752267 	0.0120289 	5.8345e-26
0.00759447 	-0.000800493 	0.0121131 	3.33566e-26
0.00804121 	-0.000842236 	0.0121301 	1.81471e-26
0.00848794 	-0.000878907 	0.0120999 	8.48202e-27
0.00893467 	-0.000914748 	0.0120605 	0
0.00938141 	-0.00094104 	0.0119382 	0
0.00982814 	-0.000967332 	0.011816 	0
0.0102749 	-0.00098815 	0.0116521 	0
0.0107216 	-0.00100529 	0.011462 	0
0.0111683 	-0.00102149 	0.0112659 	0
0.0116151 	-0.00103056 	0.0110285 	0
0.0120618 	-0.00103963 	0.0107911 	0
0.0125085 	-0.00104417 	0.0105338 	0
0.0129553 	-0.00104612 	0.010265 	0
0.013402 	-0.0010471 	0.00999336 	0
0.0138487 	-0.00104285 	0.00970535 	0
0.0142955 	-0.0010386 	0.00941734 	0
0.0147422 	-0.00103081 	0.009123 	0
0.0151889 	-0.00102133 	0.00882542 	0
0.0156357 	-0.001011 	0.00852758 	0
0.0160824 	-0.000997293 	0.00822844 	0
0.0165291 	-0.000983584 	0.00792931 	0
0.0169759 	-0.000967509 	0.00763368 	0
0.0174226 	-0.000950549 	0.00733962 	0
0.0178693 	-0.000932972 	0.00704764 	0
0.0183161 	-0.000913675 	0.00676393 	0
0.0187628 	-0.000894377 	0.00648022 	0
0.0192095 	-0.000873834 	0.00620668 	0
0.0196563 	-0.000853015 	0.00593725 	0
0.020103 	-0.000831844 	0.00567164 	0
0.0205497 	-0.000810209 	0.0054192 	0
0.0209965 	-0.000788575 	0.00516676 	0
0.0214432 	-0.000766602 	0.00492806 	0
0.0218899 	-0.00074474 	0.00469426 	0
0.0223367 	-0.00072277 	0.0044653 	0
0.0227834 	-0.000701149 	0.00425089 	0
0.0232302 	-0.000679528 	0.00403648 	0
0.0236769 	-0.000658196 	0.00383685 	0
0.0241236 	-0.000637169 	0.00364185 	0
0.0245704 	-0.000616216 	0.00345202 	0
0.0250171 	-0.000596026 	0.00327589 	0
0.0254638 	-0.000575836 	0.00309975 	0
0.0259106 	-0.000556279 	0.00293772 	0
0.0263573 	-0.000537077 	0.0027795 	0
0.026804 	-0.000518058 	0.00262628 	0
0.0272508 	-0.000499915 	0.00248475 	0
0.0276975 	-0.000481773 	0.00234321 	0
0.0281442 	-0.000464374 	0.00221407 	0
0.028591 	-0.0004473 	0.0020878 	0
0.0290377 	-0.000430447 	0.00196599 	0
0.0294844 	-0.0004144 	0.00185345 	0
0.0299312 	-0.000398352 	0.00174091 	0
0.0303779 	-0.000383002 	0.00163855 	0
0.0308246 	-0.000367903 	0.00153816 	0
0.0312714 	-0.000353015 	0.00144147 	0
0.0317181 	-0.000338759 	0.00135163 	0
0.0321648 	-0.000324503 	0.0012618 	0
0.0326116 	-0.00031079 	0.00117967 	0
0.0330583 	-0.000297247 	0.00109877 	0
0.033505 	-0.000283859 	0.00102062 	0
0.0339518 	-0.00027088 	0.000947053 	0
0.0343985 	-0.000257902 	0.000873481 	0
0.0348452 	-0.000245238 	0.000804997 	0
0.035292 	-0.000232662 	0.000737149 	0
0.0357387 	-0.000220148 	0.000670964 	0
0.0361854 	-0.0002078 	0.00060724 	0
0.0366322 	-0.000195452 	0.000543517 	0
0.0370789 	-0.00018313 	0.000482116 	0
0.0375256 	-0.000170827 	0.00042092 	0
0.0379724 	-0.000158462 	0.000360139 	-1.77294e-26
0.0384191 	-0.000146012 	0.000299871 	-6.17676e-26
0.0388658 	-0.000133562 	0.000239603 	-1.05806e-25
0.0393126 	-0.000120803 	0.000178729 	-1.48101e-25
0.0397593 	-0.000108008 	0.000117788 	-1.92391e-25
0.040206 	-9.49979e-05 	5.58476e-05 	-1.87954e-25
0.0406528 	-8.16613e-05 	-7.38002e-06 	-1.22928e-25
0.0410995 	-6.83248e-05 	-7.06076e-05 	-5.79015e-26
0.0415462 	-5.43256e-05 	-0.000137551 	8.15008e-27
0.041993 	-4.02551e-05 	-0.000204675 	7.33647e-26
0.0424397 	-2.58055e-05 	-0.000274378 	9.66305e-26
0.0428864 	-1.08156e-05 	-0.000347012 	7.56424e-26
0.0433332 	4.16966e-06 	-0.000419687 	5.42033e-26
0.0437799 	2.01629e-05 	-0.000499294 	3.09174e-26
0.0442266 	3.62364e-05 	-0.000579074 	9.99319e-27
0.0446734 	5.28368e-05 	-0.000663205 	-9.8953e-27
0.0451201 	7.01333e-05 	-0.000751777 	-3.06145e-26
0.0455668 	8.73863e-05 	-0.000840515 	-5.32846e-26
0.0460136 	0.000105975 	-0.000939433 	-7.47511e-26
0.0464603 	0.000124602 	-0.00103843 	-9.53816e-26
0.046907 	0.000143851 	-0.00114369 	-9.42896e-26
0.0473538 	0.000163871 	-0.00125471 	-7.35704e-26
0.0478005 	0.000183823 	-0.00136618 	-5.00825e-26
0.0482472 	0.000205247 	-0.00149072 	-2.9452e-26
0.048694 	0.000226671 	-0.00161525 	-8.82141e-27
0.0491407 	0.000248707 	-0.00174792 	0
0.0495874 	0.000271481 	-0.00188733 	0
0.0500342 	0.000294192 	-0.0020277 	1.61499e-27
0.0504809 	0.000318188 	-0.00218313 	4.1899e-26
0.0509276 	0.000342184 	-0.00233856 	8.2183e-26
0.0513744 	0.000366621 	-0.00250367 	1.27766e-25
0.0518211 	0.000391634 	-0.00267599 	1.67837e-25
0.0522678 	0.000416563 	-0.00284982 	2.00844e-25
0.0527146 	0.00044231 	-0.00303959 	1.6056e-25
0.0531613 	0.000468057 	-0.00322935 	1.20276e-25
0.053608 	0.000493878 	-0.00342966 	7.47363e-26
0.0540548 	0.000520001 	-0.00363701 	3.46651e-26
0.0545015 	0.000545965 	-0.00384631 	0
0.0549482 	0.00057204 	-0.00407097 	0
0.055395 	0.000598115 	-0.00429563 	0
0.0558417 	0.000623711 	-0.00453065 	0
0.0562884 	0.000649261 	-0.00477185 	0
0.0567352 	0.00067452 	-0.0050152 	0
0.0571819 	0.000699024 	-0.00527168 	0
0.0576286 	0.000723527 	-0.00552816 	0
0.0580754 	0.000746844 	-0.00579343 	0
0.0585221 	0.000769738 	-0.00606332 	0
0.0589688 	0.00079214 	-0.00633506 	0
0.0594156 	0.000812808 	-0.00661582 	0
0.0598623 	0.000833476 	-0.00689657 	0
0.060309 	0.000852064 	-0.00718246 	0
0.0607558 	0.000869823 	-0.00747066 	0
0.0612025 	0.000886793 	-0.00775957 	0
0.0616492 	0.000900864 	-0.0080508 	0
0.062096 	0.000914936 	-0.00834204 	0
0.0625427 	0.000925727 	-0.0086317 	0
0.0629894 	0.000935219 	-0.00892043 	0
0.0634362 	0.000943478 	-0.00920741 	0
0.0638829 	0.000947383 	-0.00948691 	0
0.0643296 	0.000951289 	-0.00976642 	0
0.0647764 	0.000950333 	-0.0100337 	0
0.0652231 	0.000947549 	-0.0102959 	0
0.0656698 	0.000942922 	-0.0105521 	0
0.0661166 	0.000932258 	-0.0107875 	0
0.0665633 	0.000921594 	-0.0110228 	0
0.0670101 	0.000904111 	-0.0112291 	0
0.0674568 	0.000884251 	-0.0114253 	0
0.0679035 	0.000861703 	-0.0116074 	0
0.0683503 	0.000831085 	-0.0117483 	0
0.068797 	0.000800466 	-0.0118892 	0
0.0692437 	0.000760215 	-0.0119723 	0
0.0696905 	0.000716901 	-0.0120379 	0
0.0701372 	0.000669528 	-0.0120763 	0
0.0705839 	0.000611092 	-0.0120449 	0
0.0710307 	0.000552657 	-0.0120136 	0
0.0714774 	0.00047989 	-0.0118918 	0
0.0719241 	0.000403064 	-0.0117467 	0
0.0723709 	0.000319866 	-0.0115656 	0
0.0728176 	0.000221306 	-0.0113041 	0
0.0732643 	0.000122747 	-0.0110425 	0
0.0737111 	5.15503e-06 	-0.0107032 	0
0.0741578 	-0.000116946 	-0.010347 	0
0.0746045 	-0.000261644 	-0.00997134 	-2.05672e-26
0.0750513 	-0.000455489 	-0.00955572 	-8.58414e-26
0.075498 	-0.000649333 	-0.0091401 	-1.51116e-25
0.0759447 	-0.000919739 	-0.00853514 	-2.71288e-25
0.0763915 	-0.00120186 	-0.00789098 	-3.92292e-25
0.0768382 	-0.00134073 	-0.00695707 	-4.54512e-25
0.0772849 	-0.00118311 	-0.00550252 	-3.89238e-25
0.0777317 	-0.0010255 	-0.00404796 	-3.23964e-25
0.0781784 	-0.000666669 	-0.00268458 	-1.92407e-25
0.0786251 	-0.000311819 	-0.0013957 	-7.14033e-26
0.0790719 	-8.71146e-05 	-0.000540206 	0
0.0795186 	-4.5184e-05 	-0.00028019 	0
0.0799653 	-3.2534e-06 	-2.01746e-05 	0
0.0804121 	1.2911e-13 	-7.46102e-13 	0
0.0808588 	4.66288e-14 	-2.71509e-13 	0
0.0813055 	1.59116e-17 	-2.60249e-15 	-1.48662e-41
0.0817523 	8.17237e-18 	-1.33462e-15 	-5.29759e-41
0.082199 	4.33112e-19 	-6.67579e-17 	-9.10856e-41
0.0826457 	2.25712e-20 	-7.30973e-20 	-1.21217e-40
0.0830925 	1.85828e-20 	-6.63328e-20 	-1.47095e-40
0.0835392 	1.32605e-20 	-6.14349e-20 	-1.34942e-40
0.0839859 	7.36062e-21 	-5.94684e-20 	-7.71399e-41
0.0844327 	1.46078e-21 	-5.75019e-20 	-1.93379e-41
0.0848794 	8.53182e-23 	-5.77055e-20 	2.59735e-41
0.0853261 	-1.10817e-21 	-5.8075e-20 	6.83014e-41
0.0857729 	-1.71794e-21 	-5.8976e-20 	8.10801e-41
0.0862196 	-1.72262e-21 	-6.05149e-20 	6.13878e-41
0.0866663 	-1.7273e-21 	-6.20538e-20 	4.16955e-41
0.0871131 	-1.41379e-21 	-6.42283e-20 	2.45119e-41
0.0875598 	-1.11117e-21 	-6.64201e-20 	8.06195e-42
0.0880065 	-7.60336e-22 	-5.49714e-20 	0
0.0884533 	-3.82588e-22 	-2.7813e-20 	0
0.0889 	0 	0 	0
