0 	506.15 	3.36939e-05
0.000446734 	506.143 	3.36923e-05
0.000893467 	506.136 	3.36907e-05
0.0013402 	506.129 	3.36903e-05
0.00178693 	506.123 	3.36912e-05
0.00223367 	506.116 	3.36924e-05
0.0026804 	506.109 	3.37036e-05
0.00312714 	506.103 	3.37149e-05
0.00357387 	506.096 	3.37337e-05
0.0040206 	506.089 	3.3759e-05
0.00446734 	506.083 	3.37852e-05
0.00491407 	506.077 	3.38285e-05
0.0053608 	506.07 	3.38718e-05
0.00580754 	506.064 	3.39265e-05
0.00625427 	506.058 	3.39901e-05
0.00670101 	506.052 	3.40547e-05
0.00714774 	506.046 	3.41314e-05
0.00759447 	506.04 	3.42082e-05
0.00804121 	506.034 	3.42788e-05
0.00848794 	506.029 	3.4345e-05
0.00893467 	506.023 	3.44059e-05
0.00938141 	506.018 	3.44184e-05
0.00982814 	506.013 	3.44309e-05
0.0102749 	506.007 	3.43757e-05
0.0107216 	506.002 	3.42777e-05
0.0111683 	505.997 	3.41586e-05
0.0116151 	505.993 	3.38923e-05
0.0120618 	505.988 	3.3626e-05
0.0125085 	505.983 	3.3225e-05
0.0129553 	505.978 	3.27472e-05
0.013402 	505.974 	3.22351e-05
0.0138487 	505.97 	3.15278e-05
0.0142955 	505.965 	3.08205e-05
0.0147422 	505.961 	2.99683e-05
0.0151889 	505.957 	2.90422e-05
0.0156357 	505.953 	2.80844e-05
0.0160824 	505.95 	2.69765e-05
0.0165291 	505.946 	2.58687e-05
0.0169759 	505.942 	2.46748e-05
0.0174226 	505.939 	2.34417e-05
0.0178693 	505.936 	2.21972e-05
0.0183161 	505.932 	2.09073e-05
0.0187628 	505.929 	1.96173e-05
0.0192095 	505.926 	1.83386e-05
0.0196563 	505.923 	1.70645e-05
0.020103 	505.921 	1.581e-05
0.0205497 	505.918 	1.46228e-05
0.0209965 	505.915 	1.34356e-05
0.0214432 	505.913 	1.23603e-05
0.0218899 	505.91 	1.13248e-05
0.0223367 	505.908 	1.0341e-05
0.0227834 	505.906 	9.51223e-06
0.0232302 	505.903 	8.68343e-06
0.0236769 	505.901 	8.04524e-06
0.0241236 	505.899 	7.46643e-06
0.0245704 	505.897 	6.96437e-06
0.0250171 	505.894 	6.66469e-06
0.0254638 	505.892 	6.365e-06
0.0259106 	505.89 	6.29682e-06
0.0263573 	505.888 	6.29111e-06
0.026804 	505.885 	6.37399e-06
0.0272508 	505.883 	6.66359e-06
0.0276975 	505.88 	6.9532e-06
0.0281442 	505.877 	7.4725e-06
0.028591 	505.874 	8.04482e-06
0.0290377 	505.871 	8.70067e-06
0.0294844 	505.868 	9.52999e-06
0.0299312 	505.864 	1.03593e-05
0.0303779 	505.86 	1.13724e-05
0.0308246 	505.856 	1.24211e-05
0.0312714 	505.852 	1.35299e-05
0.0317181 	505.847 	1.47501e-05
0.0321648 	505.842 	1.59704e-05
0.0326116 	505.836 	1.72903e-05
0.0330583 	505.83 	1.86261e-05
0.033505 	505.823 	1.99824e-05
0.0339518 	505.815 	2.13728e-05
0.0343985 	505.808 	2.27631e-05
0.0348452 	505.799 	2.41464e-05
0.035292 	505.79 	2.55287e-05
0.0357387 	505.78 	2.68838e-05
0.0361854 	505.769 	2.81981e-05
0.0366322 	505.758 	2.95125e-05
0.0370789 	505.746 	3.07177e-05
0.0375256 	505.733 	3.19124e-05
0.0379724 	505.719 	3.30401e-05
0.0384191 	505.704 	3.40774e-05
0.0388658 	505.69 	3.51147e-05
0.0393126 	505.673 	3.59866e-05
0.0397593 	505.656 	3.68476e-05
0.040206 	505.638 	3.76298e-05
0.0406528 	505.619 	3.83158e-05
0.0410995 	505.6 	3.90018e-05
0.0415462 	505.579 	3.95369e-05
0.041993 	505.558 	4.00661e-05
0.0424397 	505.537 	4.05336e-05
0.0428864 	505.514 	4.09328e-05
0.0433332 	505.492 	4.1332e-05
0.0437799 	505.468 	4.16288e-05
0.0442266 	505.444 	4.19243e-05
0.0446734 	505.419 	4.21775e-05
0.0451201 	505.394 	4.23884e-05
0.0455668 	505.369 	4.25985e-05
0.0460136 	505.343 	4.27371e-05
0.0464603 	505.317 	4.28758e-05
0.046907 	505.29 	4.29824e-05
0.0473538 	505.263 	4.30602e-05
0.0478005 	505.237 	4.31363e-05
0.0482472 	505.21 	4.31684e-05
0.048694 	505.182 	4.32006e-05
0.0491407 	505.155 	4.3216e-05
0.0495874 	505.128 	4.32178e-05
0.0500342 	505.1 	4.32215e-05
0.0504809 	505.069 	4.32551e-05
0.0509276 	505.038 	4.32887e-05
0.0513744 	505.004 	4.25549e-05
0.0518211 	504.969 	4.12539e-05
0.0522678 	504.934 	3.98329e-05
0.0527146 	504.899 	3.71603e-05
0.0531613 	504.864 	3.44877e-05
0.053608 	504.829 	3.18294e-05
0.0540548 	504.793 	2.91806e-05
0.0545015 	504.758 	2.65364e-05
0.0549482 	504.723 	2.39281e-05
0.055395 	504.688 	2.13199e-05
0.0558417 	504.653 	1.87442e-05
0.0562884 	504.618 	1.61879e-05
0.0567352 	504.583 	1.36397e-05
0.0571819 	504.549 	1.11428e-05
0.0576286 	504.514 	8.64593e-06
0.0580754 	504.479 	6.19073e-06
0.0585221 	504.444 	3.75799e-06
0.0589688 	504.409 	1.33617e-06
0.0594156 	504.375 	-1.02941e-06
0.0598623 	504.34 	-3.39499e-06
0.060309 	504.305 	-5.71402e-06
0.0607558 	504.271 	-8.01064e-06
0.0612025 	504.236 	-1.02941e-05
0.0616492 	504.201 	-1.25207e-05
0.062096 	504.167 	-1.47473e-05
0.0625427 	504.132 	-1.69244e-05
0.0629894 	504.098 	-1.90803e-05
0.0634362 	504.064 	-2.12211e-05
0.0638829 	504.029 	-2.33058e-05
0.0643296 	503.995 	-2.53906e-05
0.0647764 	503.961 	-2.74235e-05
0.0652231 	503.926 	-2.94368e-05
0.0656698 	503.892 	-3.14329e-05
0.0661166 	503.858 	-3.33743e-05
0.0665633 	503.824 	-3.53156e-05
0.0670101 	503.79 	-3.72026e-05
0.0674568 	503.756 	-3.90715e-05
0.0679035 	503.722 	-4.09212e-05
0.0683503 	503.688 	-4.27169e-05
0.068797 	503.654 	-4.45127e-05
0.0692437 	503.62 	-4.6251e-05
0.0696905 	503.586 	-4.79727e-05
0.0701372 	503.552 	-4.96728e-05
0.0705839 	503.518 	-5.13193e-05
0.0710307 	503.484 	-5.29658e-05
0.0714774 	503.451 	-5.4551e-05
0.0719241 	503.417 	-5.61209e-05
0.0723709 	503.383 	-5.76664e-05
0.0728176 	503.35 	-5.9158e-05
0.0732643 	503.316 	-6.06497e-05
0.0737111 	503.282 	-6.20751e-05
0.0741578 	503.249 	-6.34866e-05
0.0746045 	503.215 	-6.48701e-05
0.0750513 	503.182 	-6.61991e-05
0.075498 	503.148 	-6.7528e-05
0.0759447 	503.115 	-6.87847e-05
0.0763915 	503.081 	-7.00286e-05
0.0768382 	503.048 	-7.12406e-05
0.0772849 	503.014 	-7.23965e-05
0.0777317 	502.981 	-7.35524e-05
0.0781784 	502.947 	-7.46285e-05
0.0786251 	502.914 	-7.56932e-05
0.0790719 	502.881 	-7.67212e-05
0.0795186 	502.847 	-7.76912e-05
0.0799653 	502.814 	-7.86611e-05
0.0804121 	502.781 	-7.95422e-05
0.0808588 	502.748 	-8.04135e-05
0.0813055 	502.714 	-8.12423e-05
0.0817523 	502.681 	-8.20108e-05
0.082199 	502.648 	-8.27792e-05
0.0826457 	502.615 	-8.34484e-05
0.0830925 	502.581 	-8.41096e-05
0.0835392 	502.548 	-8.4722e-05
0.0839859 	502.515 	-8.52714e-05
0.0844327 	502.482 	-8.58209e-05
0.0848794 	502.448 	-8.626e-05
0.0853261 	502.415 	-8.66933e-05
0.0857729 	502.382 	-8.70709e-05
0.0862196 	502.349 	-8.73839e-05
0.0866663 	502.316 	-8.76969e-05
0.0871131 	502.283 	-8.78893e-05
0.0875598 	502.249 	-8.80787e-05
0.0880065 	502.216 	-8.82066e-05
0.0884533 	502.183 	-8.827e-05
0.0889 	502.15 	-8.83333e-05
