0 	0 	0 	0
0.000446734 	0.000224843 	0.00337694 	4.35733e-26
0.000893467 	0.000449773 	0.0067341 	8.68754e-26
0.0013402 	0.000641159 	0.00936146 	9.67114e-26
0.00178693 	0.000799519 	0.0112925 	7.54123e-26
0.00223367 	0.000953007 	0.0131838 	5.36894e-26
0.0026804 	0.001001 	0.0140109 	3.16864e-26
0.00312714 	0.00104899 	0.0148381 	9.68333e-27
0.00357387 	0.0010707 	0.015409 	1.00756e-26
0.0040206 	0.00107255 	0.0157705 	2.96363e-26
0.00446734 	0.00107307 	0.0161208 	4.98366e-26
0.00491407 	0.00106352 	0.0162795 	8.17879e-26
0.0053608 	0.00105396 	0.0164383 	1.13739e-25
0.00580754 	0.0010408 	0.016509 	1.23242e-25
0.00625427 	0.0010257 	0.0165116 	1.16325e-25
0.00670101 	0.00100972 	0.0165034 	1.07252e-25
0.00714774 	0.000988328 	0.0163664 	7.53009e-26
0.00759447 	0.000966932 	0.0162294 	4.33496e-26
0.00804121 	0.000942025 	0.0160258 	2.37406e-26
0.00848794 	0.0009152 	0.0157761 	1.10964e-26
0.00893467 	0.000887785 	0.0155178 	0
0.00938141 	0.000857287 	0.0151861 	0
0.00982814 	0.00082679 	0.0148544 	0
0.0102749 	0.000794933 	0.0144887 	0
0.0107216 	0.000762441 	0.0141021 	0
0.0111683 	0.000729799 	0.0137111 	0
0.0116151 	0.000696624 	0.0132907 	0
0.0120618 	0.000663448 	0.0128703 	0
0.0125085 	0.000630409 	0.0124386 	0
0.0129553 	0.000597456 	0.0120006 	0
0.013402 	0.000564667 	0.0115618 	0
0.0138487 	0.000532531 	0.0111188 	0
0.0142955 	0.000500395 	0.0106758 	0
0.0147422 	0.000469142 	0.010236 	0
0.0151889 	0.000438219 	0.00979786 	0
0.0156357 	0.000407661 	0.00936193 	0
0.0160824 	0.000378215 	0.00893643 	0
0.0165291 	0.000348769 	0.00851092 	0
0.0169759 	0.000320566 	0.00809786 	0
0.0174226 	0.000292747 	0.00769048 	0
0.0178693 	0.000265396 	0.00728744 	0
0.0183161 	0.000239242 	0.00690175 	0
0.0187628 	0.000213089 	0.00651605 	0
0.0192095 	0.000188221 	0.0061472 	0
0.0196563 	0.000163678 	0.00578512 	0
0.020103 	0.000139605 	0.00542849 	0
0.0205497 	0.000116543 	0.00509051 	0
0.0209965 	9.34815e-05 	0.00475254 	0
0.0214432 	7.1502e-05 	0.00443191 	0
0.0218899 	4.97314e-05 	0.0041174 	0
0.0223367 	2.83413e-05 	0.0038084 	0
0.0227834 	7.61814e-06 	0.00351575 	0
0.0232302 	-1.3105e-05 	0.0032231 	0
0.0236769 	-3.31426e-05 	0.00294535 	0
0.0241236 	-5.31027e-05 	0.00267218 	0
0.0245704 	-7.28553e-05 	0.00240358 	0
0.0250171 	-9.23732e-05 	0.00214688 	0
0.0254638 	-0.000111891 	0.00189018 	0
0.0259106 	-0.000131272 	0.00164376 	0
0.0263573 	-0.0001507 	0.00140006 	0
0.026804 	-0.000170161 	0.00115915 	0
0.0272508 	-0.000189845 	0.000924632 	0
0.0276975 	-0.000209528 	0.000690114 	0
0.0281442 	-0.000229661 	0.000459808 	0
0.028591 	-0.000249923 	0.000230432 	0
0.0290377 	-0.000270499 	1.40328e-06 	0
0.0294844 	-0.000291721 	-0.000226982 	0
0.0299312 	-0.000312944 	-0.000455367 	0
0.0303779 	-0.000335336 	-0.000686383 	0
0.0308246 	-0.00035792 	-0.000917929 	0
0.0312714 	-0.000381147 	-0.00115199 	0
0.0317181 	-0.000405414 	-0.00139074 	0
0.0321648 	-0.00042968 	-0.00162949 	0
0.0326116 	-0.000455755 	-0.00187775 	0
0.0330583 	-0.000482031 	-0.00212751 	0
0.033505 	-0.000509288 	-0.00238272 	0
0.0339518 	-0.00053792 	-0.00264697 	0
0.0343985 	-0.000566551 	-0.00291122 	0
0.0348452 	-0.000597665 	-0.00319106 	0
0.035292 	-0.000628961 	-0.00347283 	0
0.0357387 	-0.000661563 	-0.00376263 	0
0.0361854 	-0.000695783 	-0.00406436 	0
0.0366322 	-0.000730004 	-0.00436609 	0
0.0370789 	-0.000767233 	-0.00468765 	0
0.0375256 	-0.000804585 	-0.00501104 	0
0.0379724 	-0.000843489 	-0.00534405 	-1.19018e-26
0.0384191 	-0.000884114 	-0.00568991 	-4.14648e-26
0.0388658 	-0.00092474 	-0.00603576 	-7.10279e-26
0.0393126 	-0.000968661 	-0.00640251 	-9.88705e-26
0.0397593 	-0.00101262 	-0.00677056 	-1.28001e-25
0.040206 	-0.00105824 	-0.007148 	-1.2657e-25
0.0406528 	-0.00110549 	-0.00753669 	-8.72794e-26
0.0410995 	-0.00115275 	-0.00792537 	-4.79885e-26
0.0415462 	-0.00120318 	-0.0083311 	-9.42047e-27
0.041993 	-0.00125357 	-0.00873737 	2.91196e-26
0.0424397 	-0.00130546 	-0.00914983 	4.40297e-26
0.0428864 	-0.00135867 	-0.00956888 	3.43018e-26
0.0433332 	-0.00141192 	-0.00998801 	2.42438e-26
0.0437799 	-0.00146754 	-0.010413 	1.39029e-26
0.0442266 	-0.0015231 	-0.0108381 	4.49372e-27
0.0446734 	-0.00157961 	-0.0112618 	-4.35866e-27
0.0451201 	-0.00163684 	-0.0116839 	-1.3485e-26
0.0455668 	-0.00169414 	-0.0121059 	-2.3425e-26
0.0460136 	-0.00175211 	-0.0125135 	-3.32305e-26
0.0464603 	-0.00181007 	-0.0129211 	-4.26251e-26
0.046907 	-0.00186775 	-0.0133135 	-4.23382e-26
0.0473538 	-0.0019251 	-0.0136917 	-3.32119e-26
0.0478005 	-0.00198235 	-0.0140684 	-2.28062e-26
0.0482472 	-0.00203722 	-0.0143984 	-1.34116e-26
0.048694 	-0.0020921 	-0.0147284 	-4.01704e-27
0.0491407 	-0.00214417 	-0.0150192 	0
0.0495874 	-0.00219409 	-0.0152774 	0
0.0500342 	-0.00224336 	-0.0155296 	1.14125e-27
0.0504809 	-0.00228564 	-0.0156889 	2.96083e-26
0.0509276 	-0.00232791 	-0.0158481 	5.80754e-26
0.0513744 	-0.0023643 	-0.0159349 	9.37661e-26
0.0518211 	-0.00239678 	-0.0159681 	1.28379e-25
0.0522678 	-0.00242802 	-0.0159884 	1.58436e-25
0.0527146 	-0.00245 	-0.0158764 	1.29969e-25
0.0531613 	-0.00247198 	-0.0157644 	1.01502e-25
0.053608 	-0.00249072 	-0.0155593 	6.45557e-26
0.0540548 	-0.00250804 	-0.0152922 	2.9943e-26
0.0545015 	-0.00252516 	-0.0150013 	0
0.0549482 	-0.00254292 	-0.0145121 	0
0.055395 	-0.00256068 	-0.014023 	0
0.0558417 	-0.00252122 	-0.0132209 	0
0.0562884 	-0.00244418 	-0.0122258 	0
0.0567352 	-0.00231942 	-0.0111065 	0
0.0571819 	-0.00186846 	-0.00921487 	0
0.0576286 	-0.00141751 	-0.00732322 	0
0.0580754 	-0.000961193 	-0.00536568 	0
0.0585221 	-0.000527449 	-0.00342177 	0
0.0589688 	-0.000157827 	-0.00168487 	0
0.0594156 	-8.9219e-05 	-0.000953323 	0
0.0598623 	-2.06108e-05 	-0.000221778 	0
0.060309 	9.38167e-08 	-3.79972e-07 	0
0.0607558 	1.70865e-08 	-3.26019e-07 	0
0.0612025 	-4.98201e-08 	-2.80567e-07 	0
0.0616492 	-7.71491e-08 	-2.71353e-07 	0
0.062096 	-1.04478e-07 	-2.6214e-07 	0
0.0625427 	-1.19072e-07 	-2.57132e-07 	0
0.0629894 	-1.28553e-07 	-2.54357e-07 	0
0.0634362 	-1.36084e-07 	-2.52068e-07 	0
0.0638829 	-1.37034e-07 	-2.52224e-07 	0
0.0643296 	-1.37984e-07 	-2.52381e-07 	0
0.0647764 	-1.3612e-07 	-2.53299e-07 	0
0.0652231 	-1.3328e-07 	-2.5459e-07 	0
0.0656698 	-1.30058e-07 	-2.55961e-07 	0
0.0661166 	-1.2574e-07 	-2.57686e-07 	0
0.0665633 	-1.21422e-07 	-2.59411e-07 	0
0.0670101 	-1.16809e-07 	-2.61304e-07 	0
0.0674568 	-1.12116e-07 	-2.63259e-07 	0
0.0679035 	-1.07447e-07 	-2.65272e-07 	0
0.0683503 	-1.0288e-07 	-2.67433e-07 	0
0.068797 	-9.83118e-08 	-2.69595e-07 	0
0.0692437 	-9.39925e-08 	-2.71949e-07 	0
0.0696905 	-8.97544e-08 	-2.7435e-07 	0
0.0701372 	-8.56227e-08 	-2.76837e-07 	0
0.0705839 	-8.17781e-08 	-2.79513e-07 	0
0.0710307 	-7.79335e-08 	-2.82188e-07 	0
0.0714774 	-7.43956e-08 	-2.85114e-07 	0
0.0719241 	-7.0943e-08 	-2.88093e-07 	0
0.0723709 	-6.75965e-08 	-2.91181e-07 	0
0.0728176 	-6.45063e-08 	-2.94483e-07 	0
0.0732643 	-6.14162e-08 	-2.97786e-07 	0
0.0737111 	-5.85848e-08 	-3.01372e-07 	0
0.0741578 	-5.58173e-08 	-3.0501e-07 	0
0.0746045 	-5.31372e-08 	-3.0877e-07 	3.32633e-30
0.0750513 	-5.06507e-08 	-3.12751e-07 	1.38831e-29
0.075498 	-4.81642e-08 	-3.16731e-07 	2.44399e-29
0.0759447 	-4.58753e-08 	-3.21011e-07 	3.94445e-29
0.0763915 	-4.36302e-08 	-3.25338e-07 	5.36606e-29
0.0768382 	-4.14518e-08 	-3.29796e-07 	5.94705e-29
0.0772849 	-3.94118e-08 	-3.34471e-07 	4.89138e-29
0.0777317 	-3.73718e-08 	-3.39146e-07 	3.8357e-29
0.0781784 	-3.5475e-08 	-3.44131e-07 	2.26049e-29
0.0786251 	-3.36074e-08 	-3.49155e-07 	8.38877e-30
0.0790719 	-3.17876e-08 	-3.54318e-07 	0
0.0795186 	-3.00634e-08 	-3.59692e-07 	0
0.0799653 	-2.83391e-08 	-3.65066e-07 	0
0.0804121 	-2.67128e-08 	-3.70757e-07 	0
0.0808588 	-2.51059e-08 	-3.76481e-07 	0
0.0813055 	-2.35301e-08 	-3.82352e-07 	2.09065e-29
0.0817523 	-2.20172e-08 	-3.88426e-07 	7.45005e-29
0.082199 	-2.05043e-08 	-3.94501e-07 	1.28095e-28
0.0826457 	-1.90512e-08 	-4.00902e-07 	1.87325e-28
0.0830925 	-1.76112e-08 	-4.07327e-07 	2.4435e-28
0.0835392 	-1.61868e-08 	-4.13908e-07 	2.28393e-28
0.0839859 	-1.48004e-08 	-4.20686e-07 	1.15027e-28
0.0844327 	-1.34139e-08 	-4.27464e-07 	1.66184e-30
0.0848794 	-1.20534e-08 	-4.34578e-07 	-1.22442e-28
0.0853261 	-1.07024e-08 	-4.41708e-07 	-2.413e-28
0.0857729 	-9.35223e-09 	-4.49003e-07 	-2.76398e-28
0.0862196 	-8.01976e-09 	-4.56488e-07 	-2.16626e-28
0.0866663 	-6.6873e-09 	-4.63973e-07 	-1.56855e-28
0.0871131 	-5.34911e-09 	-4.71795e-07 	-9.21359e-29
0.0875598 	-4.01879e-09 	-4.79626e-07 	-3.03034e-29
0.0880065 	-2.67738e-09 	-3.93389e-07 	0
0.0884533 	-1.34073e-09 	-1.98948e-07 	0
0.0889 	0 	0 	0
