0 	0 	0 	0
0.000446734 	-1.04913e-05 	0.000372385 	-6.59446e-27
0.000893467 	-2.09826e-05 	0.000744769 	-1.31889e-26
0.0013402 	-4.03265e-05 	0.000961697 	-1.47307e-26
0.00178693 	-6.8091e-05 	0.00103075 	-1.14662e-26
0.00223367 	-9.57812e-05 	0.00109552 	-8.20007e-27
0.0026804 	-0.000120569 	0.000993277 	-4.87009e-27
0.00312714 	-0.000145357 	0.000891031 	-1.54011e-27
0.00357387 	-0.000159059 	0.000749388 	0
0.0040206 	-0.000163223 	0.000573846 	0
0.00446734 	-0.000166258 	0.000397976 	0
0.00491407 	-0.000147854 	0.000215867 	0
0.0053608 	-0.00012945 	3.37584e-05 	0
0.00580754 	-0.000104279 	-0.000126756 	0
0.00625427 	-7.38442e-05 	-0.000270476 	0
0.00670101 	-4.35676e-05 	-0.000409671 	-4.57966e-28
0.00714774 	-1.5236e-05 	-0.000493062 	-6.56418e-27
0.00759447 	1.30956e-05 	-0.000576453 	-1.26704e-26
0.00804121 	3.4343e-05 	-0.000625563 	-1.85459e-26
0.00848794 	5.06162e-05 	-0.000650604 	-2.42594e-26
0.00893467 	6.53466e-05 	-0.000671543 	-2.8791e-26
0.00938141 	6.61912e-05 	-0.000655564 	-2.26848e-26
0.00982814 	6.70357e-05 	-0.000639585 	-1.65786e-26
0.0102749 	5.93036e-05 	-0.00061091 	-1.07129e-26
0.0107216 	4.61454e-05 	-0.000574201 	-4.99934e-27
0.0111683 	3.16584e-05 	-0.000536831 	-2.90283e-28
0.0116151 	7.87031e-06 	-0.000494838 	-2.61255e-27
0.0120618 	-1.59178e-05 	-0.000452845 	-4.93482e-27
0.0125085 	-4.4256e-05 	-0.000413094 	-7.1527e-27
0.0129553 	-7.51815e-05 	-0.000374619 	-9.31123e-27
0.013402 	-0.000106727 	-0.000337221 	-1.07976e-26
0.0138487 	-0.000141786 	-0.000305933 	-8.47537e-27
0.0142955 	-0.000176845 	-0.000274645 	-6.15311e-27
0.0147422 	-0.000212926 	-0.000248576 	-3.93932e-27
0.0151889 	-0.000249528 	-0.000225166 	-1.78079e-27
0.0156357 	-0.000285975 	-0.000203017 	0
0.0160824 	-0.000321695 	-0.000186813 	0
0.0165291 	-0.000357415 	-0.000170609 	0
0.0169759 	-0.000390868 	-0.000158577 	0
0.0174226 	-0.00042329 	-0.000148441 	0
0.0178693 	-0.000454574 	-0.00013927 	0
0.0183161 	-0.0004813 	-0.000133956 	0
0.0187628 	-0.000508026 	-0.000128643 	0
0.0192095 	-0.000529094 	-0.00012584 	0
0.0196563 	-0.000547879 	-0.000124049 	0
0.020103 	-0.000564455 	-0.000122737 	0
0.0205497 	-0.000573423 	-0.000123074 	0
0.0209965 	-0.000582391 	-0.000123412 	0
0.0214432 	-0.000583173 	-0.000124229 	0
0.0218899 	-0.00058104 	-0.000125218 	0
0.0223367 	-0.000575999 	-0.000126005 	-2.70814e-28
0.0227834 	-0.000562229 	-0.000126187 	-1.35407e-27
0.0232302 	-0.00054846 	-0.00012637 	-2.43732e-27
0.0236769 	-0.000526028 	-0.000124912 	-3.45231e-27
0.0241236 	-0.000500899 	-0.000122944 	-4.44604e-27
0.0245704 	-0.00047295 	-0.000120068 	-4.8686e-27
0.0250171 	-0.00043757 	-0.0001148 	-3.78534e-27
0.0254638 	-0.000402189 	-0.000109532 	-2.70209e-27
0.0259106 	-0.000360254 	-0.00010101 	-2.98602e-27
0.0263573 	-0.00031655 	-9.16101e-05 	-3.63888e-27
0.026804 	-0.000271143 	-8.08551e-05 	-4.54084e-27
0.0272508 	-0.000221763 	-6.69378e-05 	-6.02401e-27
0.0276975 	-0.000172383 	-5.30206e-05 	-7.50718e-27
0.0281442 	-0.000120952 	-3.55608e-05 	-6.44743e-27
0.028591 	-6.90493e-05 	-1.72835e-05 	-4.80084e-27
0.0290377 	-1.74353e-05 	2.16433e-06 	-3.20736e-27
0.0294844 	3.35783e-05 	2.40434e-05 	-1.72419e-27
0.0299312 	8.45919e-05 	4.59225e-05 	-2.41016e-28
0.0303779 	0.00013201 	6.96665e-05 	0
0.0308246 	0.000178732 	9.37723e-05 	0
0.0312714 	0.00022288 	0.000117978 	0
0.0317181 	0.00026225 	0.000142367 	0
0.0321648 	0.00030162 	0.000166757 	0
0.0326116 	0.000332505 	0.000189284 	-1.32032e-27
0.0330583 	0.000362037 	0.000211515 	-2.85112e-27
0.033505 	0.000387234 	0.000231878 	-4.29641e-27
0.0339518 	0.000405205 	0.000249129 	-5.59921e-27
0.0343985 	0.000423176 	0.00026638 	-6.902e-27
0.0348452 	0.000430165 	0.000276572 	-5.68998e-27
0.035292 	0.000435762 	0.000285869 	-4.15918e-27
0.0357387 	0.00043643 	0.000290873 	-2.71958e-27
0.0361854 	0.000429706 	0.000289438 	-1.41679e-27
0.0366322 	0.000422981 	0.000288003 	-1.13995e-28
0.0370789 	0.000405777 	0.000274983 	1.93731e-28
0.0375256 	0.000387569 	0.000260853 	4.06039e-28
0.0379724 	0.000365155 	0.000241297 	6.05796e-28
0.0384191 	0.000337052 	0.000214398 	7.88574e-28
0.0388658 	0.00030895 	0.0001875 	9.71351e-28
0.0393126 	0.000273933 	0.000151885 	7.83736e-28
0.0397593 	0.000238454 	0.000115689 	5.71428e-28
0.040206 	0.000201505 	7.94065e-05 	3.72409e-28
0.0406528 	0.000162758 	4.30174e-05 	1.89631e-28
0.0410995 	0.00012401 	6.62828e-06 	6.85415e-30
0.0415462 	8.95194e-05 	-1.4368e-05 	0
0.041993 	5.51945e-05 	-3.47646e-05 	0
0.0424397 	3.0104e-05 	-4.20154e-05 	0
0.0428864 	1.52201e-05 	-3.47369e-05 	0
0.0433332 	3.36167e-07 	-2.74583e-05 	0
0.0437799 	2.45279e-08 	-1.65011e-05 	-1.7845e-30
0.0442266 	-1.02652e-07 	-5.49731e-06 	-3.59159e-30
0.0446734 	-1.8049e-07 	9.50928e-09 	-5.74449e-30
0.0451201 	-2.08986e-07 	1.93476e-08 	-8.24318e-30
0.0455668 	-2.37237e-07 	2.90248e-08 	-1.06881e-29
0.0460136 	-2.46128e-07 	2.59688e-08 	-8.88097e-30
0.0464603 	-2.5502e-07 	2.29129e-08 	-7.07388e-30
0.046907 	-2.61025e-07 	2.06495e-08 	-4.9037e-30
0.0473538 	-2.64419e-07 	1.91032e-08 	-2.405e-30
0.0478005 	-2.6776e-07 	1.75805e-08 	1.53732e-31
0.0482472 	-2.69737e-07 	1.66653e-08 	4.25326e-30
0.048694 	-2.71713e-07 	1.57501e-08 	8.35279e-30
0.0491407 	-2.73385e-07 	1.49391e-08 	1.27503e-29
0.0495874 	-2.74807e-07 	1.42134e-08 	1.73917e-29
0.0500342 	-2.76211e-07 	1.34869e-08 	2.14867e-29
0.0504809 	-2.77339e-07 	1.27495e-08 	1.73872e-29
0.0509276 	-2.78468e-07 	1.2012e-08 	1.32877e-29
0.0513744 	-2.79469e-07 	1.12208e-08 	1.5466e-29
0.0518211 	-2.80376e-07 	1.039e-08 	2.22845e-29
0.0522678 	-2.81265e-07 	9.54876e-09 	2.9599e-29
0.0527146 	-2.81962e-07 	8.59977e-09 	4.20863e-29
0.0531613 	-2.8266e-07 	7.65079e-09 	5.45736e-29
0.053608 	-2.83228e-07 	6.63175e-09 	5.26926e-29
0.0540548 	-2.8371e-07 	5.56602e-09 	4.12328e-29
0.0545015 	-2.84166e-07 	4.48855e-09 	2.96573e-29
0.0549482 	-2.84422e-07 	3.31847e-09 	1.717e-29
0.055395 	-2.84677e-07 	2.14839e-09 	4.68274e-30
0.0558417 	-2.84786e-07 	9.2317e-10 	0
0.0562884 	-2.84805e-07 	-3.3513e-10 	0
0.0567352 	-2.84792e-07 	-1.60332e-09 	0
0.0571819 	-2.84569e-07 	-2.93354e-09 	0
0.0576286 	-2.84345e-07 	-4.26376e-09 	0
0.0580754 	-2.83961e-07 	-5.63113e-09 	0
0.0585221 	-2.83489e-07 	-7.0185e-09 	0
0.0589688 	-2.82977e-07 	-8.41314e-09 	-3.03309e-30
0.0594156 	-2.82254e-07 	-9.84521e-09 	-2.16983e-29
0.0598623 	-2.81531e-07 	-1.12773e-08 	-4.03635e-29
0.060309 	-2.80638e-07 	-1.27328e-08 	-5.97277e-29
0.0607558 	-2.79663e-07 	-1.41997e-08 	-7.94285e-29
0.0612025 	-2.78641e-07 	-1.56717e-08 	-9.19356e-29
0.0616492 	-2.77413e-07 	-1.71661e-08 	-7.32704e-29
0.062096 	-2.76185e-07 	-1.86605e-08 	-5.46052e-29
0.0625427 	-2.74781e-07 	-2.01708e-08 	-3.52151e-29
0.0629894 	-2.73301e-07 	-2.16878e-08 	-1.55144e-29
0.0634362 	-2.71767e-07 	-2.32092e-08 	0
0.0638829 	-2.70036e-07 	-2.47465e-08 	0
0.0643296 	-2.68304e-07 	-2.62837e-08 	0
0.0647764 	-2.6639e-07 	-2.78353e-08 	0
0.0652231 	-2.64408e-07 	-2.93923e-08 	0
0.0656698 	-2.62366e-07 	-3.09543e-08 	-2.96282e-30
0.0661166 	-2.60132e-07 	-3.25325e-08 	-1.54378e-29
0.0665633 	-2.57899e-07 	-3.41107e-08 	-2.79128e-29
0.0670101 	-2.55477e-07 	-3.57072e-08 	-4.07853e-29
0.0674568 	-2.52993e-07 	-3.73098e-08 	-5.37902e-29
0.0679035 	-2.50442e-07 	-3.89201e-08 	-6.01066e-29
0.0683503 	-2.47705e-07 	-4.0552e-08 	-4.76316e-29
0.068797 	-2.44967e-07 	-4.21839e-08 	-3.51565e-29
0.0692437 	-2.42033e-07 	-4.38433e-08 	-2.22709e-29
0.0696905 	-2.39041e-07 	-4.55107e-08 	-9.26598e-30
0.0701372 	-2.35975e-07 	-4.71907e-08 	0
0.0705839 	-2.32726e-07 	-4.89015e-08 	0
0.0710307 	-2.29476e-07 	-5.06124e-08 	0
0.0714774 	-2.26016e-07 	-5.23655e-08 	-1.20907e-29
0.0719241 	-2.22504e-07 	-5.41292e-08 	-2.7204e-29
0.0723709 	-2.18908e-07 	-5.59128e-08 	-4.24792e-29
0.0728176 	-2.15128e-07 	-5.77404e-08 	-5.81104e-29
0.0732643 	-2.11348e-07 	-5.95679e-08 	-7.37415e-29
0.0737111 	-2.07341e-07 	-6.14588e-08 	-6.40085e-29
0.0741578 	-2.03286e-07 	-6.33631e-08 	-4.88952e-29
0.0746045 	-1.99136e-07 	-6.52984e-08 	-3.3607e-29
0.0750513 	-1.94798e-07 	-6.72944e-08 	-1.79759e-29
0.075498 	-1.9046e-07 	-6.92905e-08 	-2.34468e-30
0.0759447 	-1.85873e-07 	-7.13794e-08 	0
0.0763915 	-1.81243e-07 	-7.34848e-08 	0
0.0768382 	-1.76504e-07 	-7.56373e-08 	0
0.0772849 	-1.71571e-07 	-7.78726e-08 	0
0.0777317 	-1.66639e-07 	-8.01079e-08 	0
0.0781784 	-1.61433e-07 	-8.24783e-08 	0
0.0786251 	-1.56188e-07 	-8.48679e-08 	0
0.0790719 	-1.50817e-07 	-8.73287e-08 	0
0.0795186 	-1.45248e-07 	-8.99018e-08 	0
0.0799653 	-1.39679e-07 	-9.24749e-08 	0
0.0804121 	-1.33811e-07 	-9.52445e-08 	0
0.0808588 	-1.27909e-07 	-9.80359e-08 	0
0.0813055 	-1.21866e-07 	-1.00935e-07 	0
0.0817523 	-1.15624e-07 	-1.03986e-07 	0
0.082199 	-1.09382e-07 	-1.07037e-07 	0
0.0826457 	-1.02823e-07 	-1.10375e-07 	0
0.0830925 	-9.62392e-08 	-1.13736e-07 	0
0.0835392 	-8.95085e-08 	-1.17259e-07 	0
0.0839859 	-8.25894e-08 	-1.20988e-07 	0
0.0844327 	-7.56704e-08 	-1.24717e-07 	0
0.0848794 	-6.84531e-08 	-1.28859e-07 	0
0.0853261 	-6.122e-08 	-1.33023e-07 	0
0.0857729 	-5.38606e-08 	-1.37421e-07 	0
0.0862196 	-4.63544e-08 	-1.4209e-07 	0
0.0866663 	-3.88482e-08 	-1.46759e-07 	0
0.0871131 	-3.11394e-08 	-1.51984e-07 	0
0.0875598 	-2.34255e-08 	-1.57223e-07 	0
0.0880065 	-1.56559e-08 	-1.28569e-07 	0
0.0884533 	-7.82796e-09 	-6.42845e-08 	0
0.0889 	-2.45191e-22 	-2.35838e-21 	0
