0 	0 	0 	0
0.000446734 	0.000117471 	0.00280822 	3.48576e-26
0.000893467 	0.00023454 	0.00559715 	6.94873e-26
0.0013402 	0.000313635 	0.00771113 	7.71841e-26
0.00178693 	0.000357341 	0.00919416 	5.99175e-26
0.00223367 	0.000397615 	0.0106486 	4.23676e-26
0.0026804 	0.000375618 	0.0113648 	2.50045e-26
0.00312714 	0.000353622 	0.0120811 	7.64134e-27
0.00357387 	0.000322616 	0.0126368 	8.21165e-27
0.0040206 	0.000285738 	0.01306 	2.41538e-26
0.00446734 	0.000248288 	0.013475 	4.06441e-26
0.00491407 	0.000212851 	0.0137361 	6.78146e-26
0.0053608 	0.000177414 	0.0139973 	9.49851e-26
0.00580754 	0.000143544 	0.0141734 	1.03702e-25
0.00625427 	0.000111755 	0.0142832 	9.88785e-26
0.00670101 	7.98108e-05 	0.0143825 	9.20993e-26
0.00714774 	5.10958e-05 	0.0143543 	6.49289e-26
0.00759447 	2.23809e-05 	0.014326 	3.77584e-26
0.00804121 	-4.8139e-06 	0.0142316 	2.08764e-26
0.00848794 	-3.04509e-05 	0.0140913 	9.75766e-27
0.00893467 	-5.59455e-05 	0.0139424 	0
0.00938141 	-7.81824e-05 	0.0137181 	0
0.00982814 	-0.000100419 	0.0134938 	0
0.0102749 	-0.000120531 	0.0132324 	0
0.0107216 	-0.000139106 	0.0129478 	0
0.0111683 	-0.000157265 	0.0126579 	0
0.0116151 	-0.000172117 	0.0123319 	0
0.0120618 	-0.000186969 	0.0120059 	0
0.0125085 	-0.000199524 	0.011663 	0
0.0129553 	-0.000210786 	0.0113107 	0
0.013402 	-0.000221492 	0.0109563 	0
0.0138487 	-0.000229423 	0.0105903 	0
0.0142955 	-0.000237354 	0.0102242 	0
0.0147422 	-0.000243193 	0.00985584 	0
0.0151889 	-0.00024811 	0.00948635 	0
0.0156357 	-0.000252435 	0.00911769 	0
0.0160824 	-0.000254686 	0.00875309 	0
0.0165291 	-0.000256937 	0.00838849 	0
0.0169759 	-0.000257452 	0.00803173 	0
0.0174226 	-0.000257396 	0.00767854 	0
0.0178693 	-0.000256784 	0.0073286 	0
0.0183161 	-0.000254777 	0.00699171 	0
0.0187628 	-0.000252771 	0.00665481 	0
0.0192095 	-0.000249444 	0.006332 	0
0.0196563 	-0.000245831 	0.00601487 	0
0.020103 	-0.000241748 	0.00570269 	0
0.0205497 	-0.000236852 	0.00540755 	0
0.0209965 	-0.000231957 	0.00511242 	0
0.0214432 	-0.000226151 	0.00483439 	0
0.0218899 	-0.000220267 	0.00456245 	0
0.0223367 	-0.000214025 	0.00429639 	0
0.0227834 	-0.000207416 	0.00404795 	0
0.0232302 	-0.000200808 	0.0037995 	0
0.0236769 	-0.000193649 	0.00356867 	0
0.0241236 	-0.000186543 	0.00334331 	0
0.0245704 	-0.000179192 	0.00312403 	0
0.0250171 	-0.000171779 	0.00292072 	0
0.0254638 	-0.000164367 	0.00271741 	0
0.0259106 	-0.000156687 	0.00253029 	0
0.0263573 	-0.000149122 	0.0023475 	0
0.026804 	-0.000141415 	0.00217033 	0
0.0272508 	-0.000133819 	0.00200616 	0
0.0276975 	-0.000126223 	0.00184198 	0
0.0281442 	-0.000118558 	0.00169115 	0
0.028591 	-0.000111019 	0.00154337 	0
0.0290377 	-0.000103421 	0.00140013 	0
0.0294844 	-9.60004e-05 	0.00126626 	0
0.0299312 	-8.858e-05 	0.00113239 	0
0.0303779 	-8.12094e-05 	0.00100798 	0
0.0308246 	-7.39434e-05 	0.00088538 	0
0.0312714 	-6.66781e-05 	0.000765776 	0
0.0317181 	-5.9584e-05 	0.000651659 	0
0.0321648 	-5.24898e-05 	0.000537542 	0
0.0326116 	-4.5502e-05 	0.000428301 	0
0.0330583 	-3.8576e-05 	0.000319804 	0
0.033505 	-3.1689e-05 	0.00021235 	0
0.0339518 	-2.49143e-05 	0.000106556 	0
0.0343985 	-1.81396e-05 	7.61929e-07 	0
0.0348452 	-1.14849e-05 	-0.000105214 	0
0.035292 	-4.84153e-06 	-0.000211246 	0
0.0357387 	1.73212e-06 	-0.000318518 	0
0.0361854 	8.26252e-06 	-0.000427724 	0
0.0366322 	1.47929e-05 	-0.000536929 	0
0.0370789 	2.11837e-05 	-0.000651646 	0
0.0375256 	2.76108e-05 	-0.000766923 	0
0.0379724 	3.39247e-05 	-0.000885955 	-1.71291e-26
0.0384191 	4.02397e-05 	-0.00101014 	-5.96763e-26
0.0388658 	4.65547e-05 	-0.00113432 	-1.02224e-25
0.0393126 	5.26487e-05 	-0.00126938 	-1.4272e-25
0.0397593 	5.8819e-05 	-0.00140519 	-1.85109e-25
0.040206 	6.47951e-05 	-0.00154738 	-1.80931e-25
0.0406528 	7.07651e-05 	-0.0016974 	-1.18857e-25
0.0410995 	7.6735e-05 	-0.00184743 	-5.67829e-26
0.0415462 	8.23105e-05 	-0.00201342 	5.68458e-27
0.041993 	8.79967e-05 	-0.00218006 	6.74127e-26
0.0424397 	9.33561e-05 	-0.00235557 	8.9565e-26
0.0428864 	9.86437e-05 	-0.00254093 	7.0038e-26
0.0433332 	0.000103894 	-0.00272643 	5.00644e-26
0.0437799 	0.000108526 	-0.00293192 	2.85743e-26
0.0442266 	0.000113265 	-0.00313781 	9.23584e-27
0.0446734 	0.000117474 	-0.00335466 	-8.92192e-27
0.0451201 	0.00012148 	-0.00358245 	-2.7603e-26
0.0455668 	0.000125335 	-0.0038107 	-4.80299e-26
0.0460136 	0.000128351 	-0.00406112 	-6.72474e-26
0.0464603 	0.000131401 	-0.0043117 	-8.56964e-26
0.046907 	0.000133634 	-0.00457438 	-8.46157e-26
0.0473538 	0.00013547 	-0.00484797 	-6.59346e-26
0.0478005 	0.000137066 	-0.00512245 	-4.47868e-26
0.0482472 	0.000137395 	-0.00541854 	-2.63377e-26
0.048694 	0.000137724 	-0.00571463 	-7.88863e-27
0.0491407 	0.00013686 	-0.00602237 	0
0.0495874 	0.000135355 	-0.00633953 	0
0.0500342 	0.000133534 	-0.00665794 	1.41818e-27
0.0504809 	0.000129844 	-0.0069937 	3.67931e-26
0.0509276 	0.000126153 	-0.00732945 	7.2168e-26
0.0513744 	0.000120825 	-0.00767386 	1.12198e-25
0.0518211 	0.000114582 	-0.00802448 	1.4739e-25
0.0522678 	0.000107928 	-0.00837608 	1.76379e-25
0.0527146 	9.87626e-05 	-0.00873639 	1.41004e-25
0.0531613 	8.95974e-05 	-0.0090967 	1.05629e-25
0.053608 	7.83328e-05 	-0.00945889 	6.56361e-26
0.0540548 	6.58933e-05 	-0.00982206 	3.04442e-26
0.0545015 	5.29421e-05 	-0.0101848 	0
0.0549482 	3.69147e-05 	-0.0105421 	0
0.055395 	2.08873e-05 	-0.0108994 	0
0.0558417 	2.38945e-06 	-0.0112466 	0
0.0562884 	-1.74713e-05 	-0.0115873 	0
0.0567352 	-3.79111e-05 	-0.0119242 	0
0.0571819 	-6.17288e-05 	-0.0122354 	0
0.0576286 	-8.55464e-05 	-0.0125465 	0
0.0580754 	-0.00011186 	-0.0128286 	0
0.0585221 	-0.000139534 	-0.0130947 	0
0.0589688 	-0.000167701 	-0.0133506 	0
0.0594156 	-0.000198784 	-0.0135526 	0
0.0598623 	-0.000229867 	-0.0137547 	0
0.060309 	-0.000262478 	-0.013898 	0
0.0607558 	-0.000295996 	-0.0140127 	0
0.0612025 	-0.000329511 	-0.0141063 	0
0.0616492 	-0.000363969 	-0.0141066 	0
0.062096 	-0.000398428 	-0.014107 	0
0.0625427 	-0.000431982 	-0.0140101 	0
0.0629894 	-0.00046551 	-0.0138714 	0
0.0634362 	-0.000498122 	-0.0137006 	0
0.0638829 	-0.000528896 	-0.0134116 	0
0.0643296 	-0.00055967 	-0.0131226 	0
0.0647764 	-0.000585427 	-0.0127256 	0
0.0652231 	-0.000609736 	-0.012288 	0
0.0656698 	-0.000626999 	-0.0118016 	0
0.0661166 	-0.000621803 	-0.0111551 	0
0.0665633 	-0.000616607 	-0.0105085 	0
0.0670101 	-0.000531977 	-0.00951093 	0
0.0674568 	-0.000420491 	-0.00839275 	0
0.0679035 	-0.000302429 	-0.00707402 	0
0.0683503 	-0.00018701 	-0.00519042 	0
0.068797 	-7.15909e-05 	-0.00330683 	0
0.0692437 	-3.20087e-05 	-0.00195473 	0
0.0696905 	-1.30696e-05 	-0.000798147 	0
0.0701372 	5.36047e-13 	-2.83423e-12 	0
0.0705839 	2.89883e-13 	-1.53274e-12 	0
0.0710307 	4.37182e-14 	-2.31255e-13 	0
0.0714774 	1.18879e-18 	-8.2961e-17 	0
0.0719241 	4.70868e-19 	-3.31475e-17 	0
0.0723709 	-6.87846e-21 	-1.77133e-20 	0
0.0728176 	-7.55038e-21 	-1.9932e-20 	0
0.0732643 	-8.22229e-21 	-2.21507e-20 	0
0.0737111 	-8.11997e-21 	-2.3844e-20 	0
0.0741578 	-7.86427e-21 	-2.54249e-20 	0
0.0746045 	-7.63729e-21 	-2.6885e-20 	-1.43339e-42
0.0750513 	-7.43842e-21 	-2.81136e-20 	-5.98252e-42
0.075498 	-7.23954e-21 	-2.93421e-20 	-1.05317e-41
0.0759447 	-7.03093e-21 	-3.04155e-20 	-1.543e-41
0.0763915 	-6.81519e-21 	-3.1464e-20 	-1.9662e-41
0.0768382 	-6.59113e-21 	-3.24818e-20 	-2.0661e-41
0.0772849 	-6.34724e-21 	-3.34498e-20 	-1.61119e-41
0.0777317 	-6.10335e-21 	-3.44178e-20 	-1.15628e-41
0.0781784 	-5.8437e-21 	-3.53638e-20 	-6.72922e-42
0.0786251 	-5.58126e-21 	-3.63077e-20 	-2.49724e-42
0.0790719 	-5.31619e-21 	-3.7254e-20 	0
0.0795186 	-5.04761e-21 	-3.82052e-20 	0
0.0799653 	-4.77903e-21 	-3.91565e-20 	0
0.0804121 	-4.51256e-21 	-4.013e-20 	0
0.0808588 	-4.24702e-21 	-4.1106e-20 	0
0.0813055 	-3.98403e-21 	-4.20964e-20 	-2.18459e-42
0.0817523 	-3.72661e-21 	-4.3107e-20 	-7.78481e-42
0.082199 	-3.4692e-21 	-4.41175e-20 	-1.3385e-41
0.0826457 	-3.22008e-21 	-4.5165e-20 	-1.88194e-41
0.0830925 	-2.97262e-21 	-4.62153e-20 	-2.39837e-41
0.0835392 	-2.72839e-21 	-4.72845e-20 	-2.24124e-41
0.0839859 	-2.49049e-21 	-4.83773e-20 	-1.19987e-41
0.0844327 	-2.25259e-21 	-4.94702e-20 	-1.58493e-42
0.0848794 	-2.02117e-21 	-5.06051e-20 	8.5642e-42
0.0853261 	-1.79112e-21 	-5.1742e-20 	1.82781e-41
0.0857729 	-1.56256e-21 	-5.28997e-20 	2.11404e-41
0.0862196 	-1.33786e-21 	-5.40815e-20 	1.63268e-41
0.0866663 	-1.11315e-21 	-5.52632e-20 	1.15133e-41
0.0871131 	-8.89847e-22 	-5.64891e-20 	6.77931e-42
0.0875598 	-6.67587e-22 	-5.77162e-20 	2.22971e-42
0.0880065 	-4.44458e-22 	-4.74637e-20 	0
0.0884533 	-2.22487e-22 	-2.40062e-20 	0
0.0889 	0 	0 	0
