0 	0 	0 	0
0.000446734 	-0.000111655 	0.00118981 	-1.54369e-25
0.000893467 	-0.00022431 	0.00235093 	-2.63212e-25
0.0013402 	-0.000296701 	0.00313416 	-2.36096e-25
0.00178693 	-0.000349101 	0.00382084 	-1.8012e-25
0.00223367 	-0.000330442 	0.00432672 	-8.35861e-26
0.0026804 	-0.000272101 	0.00461916 	-3.07204e-26
0.00312714 	-0.000188971 	0.00477747 	0
0.00357387 	-8.33078e-05 	0.00454967 	0
0.0040206 	2.74365e-05 	0.0042723 	4.30765e-27
0.00446734 	0.000125976 	0.00355171 	0
0.00491407 	0.000225201 	0.00281132 	0
0.0053608 	0.000304412 	0.00176075 	-4.82287e-26
0.00580754 	0.000384391 	0.000654229 	-1.19855e-25
0.00625427 	0.000446948 	-0.000543442 	-2.13269e-25
0.00670101 	0.000509458 	-0.00176853 	-2.82826e-25
0.00714774 	0.000551245 	-0.00295491 	-2.96798e-25
0.00759447 	0.000556728 	-0.00395928 	-1.87869e-25
0.00804121 	0.000548676 	-0.00492791 	-3.55407e-26
0.00848794 	0.000472711 	-0.00537215 	7.92259e-26
0.00893467 	0.000396297 	-0.00579984 	1.86418e-25
0.00938141 	0.000278655 	-0.00543403 	1.61215e-25
0.00982814 	0.000163802 	-0.00489121 	1.23913e-25
0.0102749 	7.92821e-05 	-0.0038092 	5.60332e-26
0.0107216 	2.26526e-05 	-0.00249985 	1.83983e-26
0.0111683 	-2.98751e-06 	-0.00127738 	3.1731e-29
0.0116151 	-1.1546e-06 	-0.000538148 	1.6257e-28
0.0120618 	1.91519e-07 	-4.58031e-07 	2.58794e-28
0.0125085 	2.09775e-07 	-4.18932e-07 	5.20772e-28
0.0129553 	2.26815e-07 	-3.81254e-07 	7.98074e-28
0.013402 	2.12934e-07 	-3.80595e-07 	8.70708e-28
0.0138487 	1.9968e-07 	-3.79693e-07 	9.97299e-28
0.0142955 	1.87288e-07 	-3.76274e-07 	9.50964e-28
0.0147422 	1.75829e-07 	-3.72169e-07 	8.14002e-28
0.0151889 	1.64954e-07 	-3.67104e-07 	6.79058e-28
0.0156357 	1.55266e-07 	-3.61488e-07 	4.21627e-28
0.0160824 	1.4581e-07 	-3.55502e-07 	2.51896e-28
0.0165291 	1.37724e-07 	-3.49285e-07 	3.64198e-28
0.0169759 	1.2963e-07 	-3.43e-07 	5.06506e-28
0.0174226 	1.22857e-07 	-3.3654e-07 	7.82079e-28
0.0178693 	1.16154e-07 	-3.30216e-07 	1.00881e-27
0.0183161 	1.10305e-07 	-3.23836e-07 	9.63363e-28
0.0187628 	1.04765e-07 	-3.17671e-07 	8.3238e-28
0.0192095 	9.97246e-08 	-3.1151e-07 	6.48393e-28
0.0196563 	9.51463e-08 	-3.0564e-07 	6.25411e-28
0.020103 	9.08054e-08 	-2.99744e-07 	6.38709e-28
0.0205497 	8.70152e-08 	-2.94228e-07 	9.28405e-28
0.0209965 	8.32516e-08 	-2.88668e-07 	1.29566e-27
0.0214432 	8.01285e-08 	-2.83476e-07 	1.46737e-27
0.0218899 	7.69804e-08 	-2.78329e-07 	1.54926e-27
0.0223367 	7.42796e-08 	-2.73383e-07 	1.30372e-27
0.0227834 	7.16533e-08 	-2.68593e-07 	9.07688e-28
0.0232302 	6.92948e-08 	-2.63921e-07 	4.53872e-28
0.0236769 	6.70917e-08 	-2.59465e-07 	1.68234e-28
0.0241236 	6.50285e-08 	-2.55049e-07 	0
0.0245704 	6.31685e-08 	-2.50897e-07 	0
0.0250171 	6.13456e-08 	-2.46731e-07 	0
0.0254638 	5.97773e-08 	-2.42839e-07 	0
0.0259106 	5.81955e-08 	-2.38959e-07 	0
0.0263573 	5.68294e-08 	-2.35244e-07 	0
0.026804 	5.54731e-08 	-2.31606e-07 	0
0.0272508 	5.42506e-08 	-2.28065e-07 	0
0.0276975 	5.30773e-08 	-2.24641e-07 	0
0.0281442 	5.19792e-08 	-2.21259e-07 	0
0.028591 	5.09543e-08 	-2.18024e-07 	0
0.0290377 	4.99595e-08 	-2.1479e-07 	0
0.0294844 	4.90593e-08 	-2.11719e-07 	0
0.0299312 	4.8155e-08 	-2.08651e-07 	0
0.0303779 	4.73547e-08 	-2.05696e-07 	-4.79668e-29
0.0308246 	4.65482e-08 	-2.02776e-07 	-1.15375e-28
0.0312714 	4.58089e-08 	-1.99927e-07 	-1.63625e-28
0.0317181 	4.5082e-08 	-1.9714e-07 	-2.2881e-28
0.0321648 	4.43958e-08 	-1.94388e-07 	-2.45373e-28
0.0326116 	4.37335e-08 	-1.91719e-07 	-1.77964e-28
0.0330583 	4.30931e-08 	-1.89058e-07 	-1.28654e-28
0.033505 	4.24838e-08 	-1.86496e-07 	-6.34694e-29
0.0339518 	4.18757e-08 	-1.83933e-07 	0
0.0343985 	4.13168e-08 	-1.81454e-07 	0
0.0348452 	4.07503e-08 	-1.7899e-07 	0
0.035292 	4.02192e-08 	-1.7658e-07 	0
0.0357387 	3.96878e-08 	-1.74205e-07 	0
0.0361854 	3.91799e-08 	-1.71861e-07 	0
0.0366322 	3.86772e-08 	-1.69569e-07 	0
0.0370789 	3.81895e-08 	-1.67288e-07 	0
0.0375256 	3.77107e-08 	-1.65073e-07 	0
0.0379724 	3.72346e-08 	-1.62857e-07 	0
0.0384191 	3.67814e-08 	-1.60708e-07 	0
0.0388658 	3.63222e-08 	-1.58565e-07 	0
0.0393126 	3.58839e-08 	-1.56468e-07 	8.51279e-29
0.0397593 	3.54411e-08 	-1.54393e-07 	2.35702e-28
0.040206 	3.50137e-08 	-1.52347e-07 	3.91923e-28
0.0406528 	3.45847e-08 	-1.50337e-07 	6.83503e-28
0.0410995 	3.41669e-08 	-1.48339e-07 	8.6602e-28
0.0415462 	3.37498e-08 	-1.4639e-07 	8.09916e-28
0.041993 	3.33363e-08 	-1.44441e-07 	8.2883e-28
0.0424397 	3.29336e-08 	-1.4255e-07 	5.25157e-28
0.0428864 	3.25267e-08 	-1.4066e-07 	1.88367e-28
0.0433332 	3.21342e-08 	-1.38812e-07 	8.86052e-29
0.0437799 	3.17362e-08 	-1.36979e-07 	-5.86453e-30
0.0442266 	3.13498e-08 	-1.35172e-07 	-7.21923e-29
0.0446734 	3.09597e-08 	-1.33394e-07 	-2.69831e-29
0.0451201 	3.05789e-08 	-1.31629e-07 	0
0.0455668 	3.01961e-08 	-1.29904e-07 	0
0.0460136 	2.98178e-08 	-1.28179e-07 	0
0.0464603 	2.94444e-08 	-1.26505e-07 	0
0.046907 	2.90683e-08 	-1.2483e-07 	0
0.0473538 	2.87039e-08 	-1.23195e-07 	0
0.0478005 	2.83341e-08 	-1.2157e-07 	0
0.0482472 	2.79741e-08 	-1.19971e-07 	0
0.048694 	2.76102e-08 	-1.18395e-07 	0
0.0491407 	2.72545e-08 	-1.16833e-07 	0
0.0495874 	2.68963e-08 	-1.15303e-07 	0
0.0500342 	2.65434e-08 	-1.13777e-07 	0
0.0504809 	2.61922e-08 	-1.12293e-07 	0
0.0509276 	2.58396e-08 	-1.10809e-07 	0
0.0513744 	2.54976e-08 	-1.09361e-07 	0
0.0518211 	2.51505e-08 	-1.07922e-07 	0
0.0522678 	2.48125e-08 	-1.06508e-07 	0
0.0527146 	2.44708e-08 	-1.05112e-07 	0
0.0531613 	2.41368e-08 	-1.03731e-07 	0
0.053608 	2.38005e-08 	-1.02377e-07 	0
0.0540548 	2.34702e-08 	-1.01027e-07 	0
0.0545015 	2.31395e-08 	-9.97145e-08 	0
0.0549482 	2.28089e-08 	-9.84018e-08 	0
0.055395 	2.24878e-08 	-9.7124e-08 	0
0.0558417 	2.21622e-08 	-9.58514e-08 	0
0.0562884 	2.18454e-08 	-9.46034e-08 	0
0.0567352 	2.15252e-08 	-9.337e-08 	0
0.0571819 	2.12123e-08 	-9.21514e-08 	0
0.0576286 	2.08975e-08 	-9.0956e-08 	0
0.0580754 	2.05886e-08 	-8.97663e-08 	0
0.0585221 	2.02791e-08 	-8.86081e-08 	0
0.0589688 	1.99708e-08 	-8.74498e-08 	0
0.0594156 	1.967e-08 	-8.63248e-08 	0
0.0598623 	1.93659e-08 	-8.52029e-08 	0
0.060309 	1.90703e-08 	-8.41047e-08 	0
0.0607558 	1.87715e-08 	-8.30181e-08 	0
0.0612025 	1.84799e-08 	-8.19464e-08 	0
0.0616492 	1.81864e-08 	-8.08942e-08 	0
0.062096 	1.78988e-08 	-7.98485e-08 	0
0.0625427 	1.76107e-08 	-7.88299e-08 	0
0.0629894 	1.73244e-08 	-7.78109e-08 	0
0.0634362 	1.70441e-08 	-7.68239e-08 	1.99228e-29
0.0638829 	1.67613e-08 	-7.58379e-08 	4.35821e-29
0.0643296 	1.64867e-08 	-7.48748e-08 	6.04791e-29
0.0647764 	1.62092e-08 	-7.39208e-08 	8.3464e-29
0.0652231 	1.59385e-08 	-7.29816e-08 	8.32436e-29
0.0656698 	1.56662e-08 	-7.20586e-08 	5.95843e-29
0.0661166 	1.53993e-08 	-7.11428e-08 	4.23657e-29
0.0665633 	1.51321e-08 	-7.02501e-08 	1.93808e-29
0.0670101 	1.48674e-08 	-6.93576e-08 	-7.64289e-30
0.0674568 	1.4607e-08 	-6.84942e-08 	0
0.0679035 	1.43449e-08 	-6.7631e-08 	0
0.0683503 	1.40907e-08 	-6.67897e-08 	0
0.068797 	1.38337e-08 	-6.59552e-08 	0
0.0692437 	1.35831e-08 	-6.51355e-08 	8.22911e-30
0.0696905 	1.3331e-08 	-6.43291e-08 	2.82392e-29
0.0701372 	1.30841e-08 	-6.35305e-08 	4.27844e-29
0.0705839 	1.28368e-08 	-6.27515e-08 	6.22743e-29
0.0710307 	1.25927e-08 	-6.19738e-08 	8.0404e-29
0.0714774 	1.2351e-08 	-6.12213e-08 	5.91136e-29
0.0719241 	1.21085e-08 	-6.04689e-08 	3.91036e-29
0.0723709 	1.18734e-08 	-5.97375e-08 	2.48305e-29
0.0728176 	1.16356e-08 	-5.90112e-08 	5.34054e-30
0.0732643 	1.14039e-08 	-5.82993e-08 	0
0.0737111 	1.11706e-08 	-5.75983e-08 	0
0.0741578 	1.09422e-08 	-5.69055e-08 	0
0.0746045 	1.07133e-08 	-5.62293e-08 	0
0.0750513 	1.0488e-08 	-5.55554e-08 	0
0.075498 	1.02636e-08 	-5.49034e-08 	0
0.0759447 	1.00392e-08 	-5.42513e-08 	0
0.0763915 	9.82136e-09 	-5.36195e-08 	0
0.0768382 	9.60094e-09 	-5.29911e-08 	0
0.0772849 	9.38628e-09 	-5.2377e-08 	0
0.0777317 	9.1699e-09 	-5.17716e-08 	0
0.0781784 	8.95819e-09 	-5.11749e-08 	0
0.0786251 	8.74572e-09 	-5.05921e-08 	0
0.0790719 	8.53689e-09 	-5.00124e-08 	0
0.0795186 	8.32817e-09 	-4.94518e-08 	0
0.0799653 	8.12009e-09 	-4.8891e-08 	0
0.0804121 	7.91704e-09 	-4.83499e-08 	0
0.0808588 	7.71194e-09 	-4.78108e-08 	0
0.0813055 	7.5121e-09 	-4.72857e-08 	8.45149e-30
0.0817523 	7.31045e-09 	-4.67678e-08 	2.38288e-29
0.082199 	7.11312e-09 	-4.62586e-08 	5.15125e-29
0.0826457 	6.91477e-09 	-4.57614e-08 	6.66152e-29
0.0830925 	6.71985e-09 	-4.5268e-08 	7.72962e-29
0.0835392 	6.52463e-09 	-4.47911e-08 	9.14411e-29
0.0839859 	6.33047e-09 	-4.4314e-08 	1.00945e-28
0.0844327 	6.13981e-09 	-4.38562e-08 	1.15488e-28
0.0848794 	5.94756e-09 	-4.33993e-08 	1.29432e-28
0.0853261 	5.76003e-09 	-4.29563e-08 	1.1348e-28
0.0857729 	5.57058e-09 	-4.25189e-08 	8.39576e-29
0.0862196 	5.38506e-09 	-4.20906e-08 	4.68407e-29
0.0866663 	5.19823e-09 	-4.16725e-08 	1.7794e-29
0.0871131 	5.01461e-09 	-4.12589e-08 	0
0.0875598 	4.83023e-09 	-4.08597e-08 	0
0.0880065 	4.6473e-09 	-4.04606e-08 	0
0.0884533 	4.46631e-09 	-4.008e-08 	2.41954e-29
0.0889 	4.28419e-09 	-3.96995e-08 	5.16804e-29
