0 	0 	0 	0
0.000446734 	8.21465e-05 	0.00257558 	3.25389e-26
0.000893467 	0.000163764 	0.00513275 	6.48048e-26
0.0013402 	0.000206531 	0.00705086 	7.18667e-26
0.00178693 	0.000213555 	0.00837508 	5.56396e-26
0.00223367 	0.000217547 	0.0096743 	3.9136e-26
0.0026804 	0.000169677 	0.0103409 	2.30973e-26
0.00312714 	0.000121807 	0.0110075 	7.0585e-27
0.00357387 	6.86132e-05 	0.0115458 	7.32525e-27
0.0040206 	1.25796e-05 	0.0119783 	2.15465e-26
0.00446734 	-4.38157e-05 	0.0124041 	3.62538e-26
0.00491407 	-9.40832e-05 	0.0127003 	6.04818e-26
0.0053608 	-0.000144351 	0.0129966 	8.47098e-26
0.00580754 	-0.000190551 	0.0132142 	9.25084e-26
0.00625427 	-0.000232699 	0.0133701 	8.82728e-26
0.00670101 	-0.000274679 	0.0135158 	8.22991e-26
0.00714774 	-0.000309393 	0.0135356 	5.80711e-26
0.00759447 	-0.000344108 	0.0135553 	3.38431e-26
0.00804121 	-0.000375191 	0.0135077 	1.87492e-26
0.00848794 	-0.000403235 	0.0134129 	8.7634e-27
0.00893467 	-0.000430863 	0.0133093 	0
0.00938141 	-0.000452775 	0.0131273 	0
0.00982814 	-0.000474688 	0.0129454 	0
0.0102749 	-0.000493203 	0.0127247 	0
0.0107216 	-0.000509371 	0.0124798 	0
0.0111683 	-0.000524922 	0.0122293 	0
0.0116151 	-0.000535712 	0.0119405 	0
0.0120618 	-0.000546503 	0.0116516 	0
0.0125085 	-0.000554155 	0.011344 	0
0.0129553 	-0.000560025 	0.0110258 	0
0.013402 	-0.000565191 	0.0107049 	0
0.0138487 	-0.000566696 	0.0103693 	0
0.0142955 	-0.000568202 	0.0100337 	0
0.0147422 	-0.000567129 	0.0096931 	0
0.0151889 	-0.000564877 	0.00935006 	0
0.0156357 	-0.000561954 	0.00900717 	0
0.0160824 	-0.000556549 	0.00866507 	0
0.0165291 	-0.000551145 	0.00832297 	0
0.0169759 	-0.000543822 	0.00798615 	0
0.0174226 	-0.000535837 	0.00765174 	0
0.0178693 	-0.00052728 	0.00731991 	0
0.0183161 	-0.000517243 	0.00699841 	0
0.0187628 	-0.000507206 	0.00667691 	0
0.0192095 	-0.000495877 	0.00636736 	0
0.0196563 	-0.000484271 	0.00606263 	0
0.020103 	-0.000472228 	0.00576227 	0
0.0205497 	-0.000459486 	0.00547697 	0
0.0209965 	-0.000446745 	0.00519166 	0
0.0214432 	-0.000433263 	0.0049219 	0
0.0218899 	-0.000419768 	0.00465767 	0
0.0223367 	-0.000405984 	0.00439891 	0
0.0227834 	-0.000392064 	0.00415655 	0
0.0232302 	-0.000378144 	0.00391418 	0
0.0236769 	-0.000363932 	0.00368856 	0
0.0241236 	-0.000349862 	0.00346813 	0
0.0245704 	-0.00033564 	0.00325361 	0
0.0250171 	-0.000321641 	0.00305461 	0
0.0254638 	-0.000307641 	0.00285561 	0
0.0259106 	-0.000293669 	0.00267268 	0
0.0263573 	-0.000279908 	0.00249409 	0
0.026804 	-0.000266106 	0.00232121 	0
0.0272508 	-0.000252704 	0.00216162 	0
0.0276975 	-0.000239301 	0.00200203 	0
0.0281442 	-0.000226115 	0.0018565 	0
0.028591 	-0.000213144 	0.0017142 	0
0.0290377 	-0.000200204 	0.0015769 	0
0.0294844 	-0.000187695 	0.00144993 	0
0.0299312 	-0.000175186 	0.00132297 	0
0.0303779 	-0.000162957 	0.00120708 	0
0.0308246 	-0.000150905 	0.00109332 	0
0.0312714 	-0.000138914 	0.000983405 	0
0.0317181 	-0.000127281 	0.000880582 	0
0.0321648 	-0.000115647 	0.000777759 	0
0.0326116 	-0.000104254 	0.000682352 	0
0.0330583 	-9.29746e-05 	0.000588105 	0
0.033505 	-8.17496e-05 	0.00049619 	0
0.0339518 	-7.07394e-05 	0.000408101 	0
0.0343985 	-5.97292e-05 	0.000320012 	0
0.0348452 	-4.88379e-05 	0.000235235 	0
0.035292 	-3.79925e-05 	0.000150851 	0
0.0357387 	-2.71598e-05 	6.69841e-05 	0
0.0361854 	-1.63659e-05 	-1.61722e-05 	0
0.0366322 	-5.57207e-06 	-9.93285e-05 	0
0.0370789 	5.26471e-06 	-0.000183603 	0
0.0375256 	1.61187e-05 	-0.000268018 	0
0.0379724 	2.7013e-05 	-0.000353987 	-1.74392e-26
0.0384191 	3.80359e-05 	-0.000442134 	-6.07567e-26
0.0388658 	4.90588e-05 	-0.000530281 	-1.04074e-25
0.0393126 	6.028e-05 	-0.000624192 	-1.45355e-25
0.0397593 	7.15682e-05 	-0.000718523 	-1.88569e-25
0.040206 	8.29399e-05 	-0.000816688 	-1.84089e-25
0.0406528 	9.45673e-05 	-0.000919615 	-1.20291e-25
0.0410995 	0.000106195 	-0.00102254 	-5.64927e-26
0.0415462 	0.00011811 	-0.00113597 	7.92463e-27
0.041993 	0.000130127 	-0.00124984 	7.15173e-26
0.0424397 	0.000142234 	-0.00136995 	9.41908e-26
0.0428864 	0.000154662 	-0.00149703 	7.37101e-26
0.0433332 	0.000167065 	-0.0016242 	5.2779e-26
0.0437799 	0.000179784 	-0.00176627 	3.01115e-26
0.0442266 	0.000192606 	-0.00190866 	9.73272e-27
0.0446734 	0.00020546 	-0.00205965 	-9.51769e-27
0.0451201 	0.000218619 	-0.00221929 	-2.94463e-26
0.0455668 	0.000231669 	-0.00237927 	-5.12466e-26
0.0460136 	0.000245027 	-0.00255771 	-7.18111e-26
0.0464603 	0.000258422 	-0.00273627 	-9.15661e-26
0.046907 	0.000271703 	-0.00292547 	-9.04599e-26
0.0473538 	0.000285186 	-0.00312432 	-7.05314e-26
0.0478005 	0.000298495 	-0.00332396 	-4.79569e-26
0.0482472 	0.000311866 	-0.00354405 	-2.8202e-26
0.048694 	0.000325237 	-0.00376414 	-8.44702e-27
0.0491407 	0.000338231 	-0.00399617 	0
0.0495874 	0.000351238 	-0.00423795 	0
0.0500342 	0.000364021 	-0.00448111 	1.52923e-27
0.0504809 	0.000376359 	-0.00474444 	3.96742e-26
0.0509276 	0.000388697 	-0.00500778 	7.78191e-26
0.0513744 	0.00040026 	-0.00528304 	1.20945e-25
0.0518211 	0.00041157 	-0.00556705 	1.58823e-25
0.0522678 	0.000422573 	-0.00585277 	1.90007e-25
0.0527146 	0.000432444 	-0.00615572 	1.51862e-25
0.0531613 	0.000442316 	-0.00645867 	1.13717e-25
0.053608 	0.000450877 	-0.00677143 	7.06455e-26
0.0540548 	0.000458854 	-0.00709058 	3.27677e-26
0.0545015 	0.000466399 	-0.00741122 	0
0.0549482 	0.000471984 	-0.00774264 	0
0.055395 	0.000477568 	-0.00807406 	0
0.0558417 	0.000481179 	-0.00840997 	0
0.0562884 	0.000483838 	-0.00874835 	0
0.0567352 	0.000485895 	-0.00908691 	0
0.0571819 	0.000485071 	-0.00942536 	0
0.0576286 	0.000484247 	-0.00976382 	0
0.0580754 	0.000480692 	-0.0100969 	0
0.0585221 	0.000475814 	-0.0104269 	0
0.0589688 	0.000470128 	-0.010754 	0
0.0594156 	0.00046065 	-0.0110651 	0
0.0598623 	0.000451173 	-0.0113762 	0
0.060309 	0.000438264 	-0.0116665 	0
0.0607558 	0.000423733 	-0.0119465 	0
0.0612025 	0.000408228 	-0.0122181 	0
0.0616492 	0.000388362 	-0.0124521 	0
0.062096 	0.000368495 	-0.0126862 	0
0.0625427 	0.000344934 	-0.0128754 	0
0.0629894 	0.000319674 	-0.013045 	0
0.0634362 	0.000293445 	-0.0131964 	0
0.0638829 	0.000262936 	-0.0132784 	0
0.0643296 	0.000232427 	-0.0133604 	0
0.0647764 	0.000198607 	-0.0133606 	0
0.0652231 	0.000163224 	-0.0133294 	0
0.0656698 	0.000127095 	-0.0132665 	0
0.0661166 	8.72279e-05 	-0.0131009 	0
0.0665633 	4.73607e-05 	-0.0129354 	0
0.0670101 	5.53867e-06 	-0.0126658 	0
0.0674568 	-3.74584e-05 	-0.0123615 	0
0.0679035 	-8.03273e-05 	-0.0120243 	0
0.0683503 	-0.000124746 	-0.0115956 	0
0.068797 	-0.000169164 	-0.0111668 	0
0.0692437 	-0.000203527 	-0.0106213 	0
0.0696905 	-0.000235392 	-0.010041 	0
0.0701372 	-0.000248447 	-0.00935351 	0
0.0705839 	-0.000214798 	-0.00838852 	0
0.0710307 	-0.000181149 	-0.00742353 	0
0.0714774 	-0.000126138 	-0.00582115 	0
0.0719241 	-7.01403e-05 	-0.00405524 	0
0.0723709 	-2.78315e-05 	-0.0024504 	0
0.0728176 	-1.49022e-05 	-0.00131205 	0
0.0732643 	-1.97289e-06 	-0.000173701 	0
0.0737111 	1.85236e-13 	-1.58595e-12 	0
0.0741578 	7.22966e-14 	-6.19359e-13 	0
0.0746045 	4.33113e-18 	-5.54925e-16 	-1.30269e-42
0.0750513 	2.292e-18 	-2.94111e-16 	-5.43701e-42
0.075498 	2.52883e-19 	-3.32969e-17 	-9.57134e-42
0.0759447 	-7.68244e-21 	-2.12543e-20 	-1.45346e-41
0.0763915 	-8.07198e-21 	-2.31233e-20 	-1.89988e-41
0.0768382 	-8.04084e-21 	-2.49348e-20 	-2.03978e-41
0.0772849 	-7.346e-21 	-2.66209e-20 	-1.62634e-41
0.0777317 	-6.65116e-21 	-2.83071e-20 	-1.21291e-41
0.0781784 	-6.16282e-21 	-2.98594e-20 	-7.09849e-42
0.0786251 	-5.69854e-21 	-3.13878e-20 	-2.63428e-42
0.0790719 	-5.28417e-21 	-3.28785e-20 	0
0.0795186 	-4.94093e-21 	-3.43053e-20 	0
0.0799653 	-4.59769e-21 	-3.5732e-20 	0
0.0804121 	-4.31152e-21 	-3.71142e-20 	0
0.0808588 	-4.03001e-21 	-3.84907e-20 	0
0.0813055 	-3.76219e-21 	-3.98622e-20 	-3.08311e-42
0.0817523 	-3.51272e-21 	-4.1226e-20 	-1.09867e-41
0.082199 	-3.26325e-21 	-4.25897e-20 	-1.88903e-41
0.0826457 	-3.02993e-21 	-4.39644e-20 	-2.67599e-41
0.0830925 	-2.79811e-21 	-4.53397e-20 	-3.42576e-41
0.0835392 	-2.57029e-21 	-4.67269e-20 	-3.20197e-41
0.0839859 	-2.34892e-21 	-4.81289e-20 	-1.69576e-41
0.0844327 	-2.12755e-21 	-4.9531e-20 	-1.89547e-42
0.0848794 	-1.91139e-21 	-5.09668e-20 	1.31462e-41
0.0853261 	-1.69633e-21 	-5.24043e-20 	2.75413e-41
0.0857729 	-1.48193e-21 	-5.38607e-20 	3.17829e-41
0.0862196 	-1.27024e-21 	-5.53389e-20 	2.46243e-41
0.0866663 	-1.05856e-21 	-5.68171e-20 	1.74658e-41
0.0871131 	-8.46689e-22 	-5.83378e-20 	1.02777e-41
0.0875598 	-6.35804e-22 	-5.98596e-20 	3.38033e-42
0.0880065 	-4.23586e-22 	-4.93358e-20 	0
0.0884533 	-2.12056e-22 	-2.4956e-20 	0
0.0889 	0 	0 	0
