0 	0 	0 	0
0.000446734 	-8.50543e-06 	0.000179005 	-7.47167e-27
0.000893467 	-1.70109e-05 	0.00035801 	-1.49433e-26
0.0013402 	-3.13207e-05 	0.000443514 	-1.66857e-26
0.00178693 	-5.11517e-05 	0.000440079 	-1.29783e-26
0.00223367 	-7.13664e-05 	0.000434958 	-9.26938e-27
0.0026804 	-0.000106545 	0.000364101 	-5.50517e-27
0.00312714 	-0.000141724 	0.000293243 	-1.74095e-27
0.00357387 	-0.000192812 	0.000235649 	0
0.0040206 	-0.000257591 	0.000189469 	0
0.00446734 	-0.000324694 	0.000146867 	0
0.00491407 	-0.000435964 	0.000172248 	0
0.0053608 	-0.000547235 	0.00019763 	0
0.00580754 	-0.000690706 	0.000264884 	0
0.00625427 	-0.000859221 	0.000364708 	0
0.00670101 	-0.00103235 	0.00046873 	-4.05122e-28
0.00714774 	-0.00126231 	0.000624546 	-5.80676e-27
0.00759447 	-0.00149228 	0.000780361 	-1.12084e-26
0.00804121 	-0.00175857 	0.000957346 	-1.60015e-26
0.00848794 	-0.00205035 	0.00114919 	-2.03673e-26
0.00893467 	-0.00234796 	0.00134306 	-2.37564e-26
0.00938141 	-0.00269793 	0.00155512 	-1.83548e-26
0.00982814 	-0.0030479 	0.00176718 	-1.29532e-26
0.0102749 	-0.00342786 	0.00198299 	-8.18595e-27
0.0107216 	-0.00382679 	0.00220118 	-3.82011e-27
0.0111683 	-0.00422995 	0.00241831 	3.12107e-30
0.0116151 	-0.00466277 	0.00262804 	2.80897e-29
0.0120618 	-0.00509559 	0.00283777 	5.30583e-29
0.0125085 	-0.00553804 	0.00303278 	6.26326e-28
0.0129553 	-0.00598597 	0.00321942 	1.51137e-27
0.013402 	-0.0064333 	0.00340071 	2.25992e-27
0.0138487 	-0.00687727 	0.00355173 	2.23495e-27
0.0142955 	-0.00732124 	0.00370274 	2.20998e-27
0.0147422 	-0.00775192 	0.00382455 	1.61521e-27
0.0151889 	-0.00817582 	0.00393148 	7.30163e-28
0.0156357 	-0.00859423 	0.00403006 	0
0.0160824 	-0.00898675 	0.00408926 	0
0.0165291 	-0.00937927 	0.00414846 	0
0.0169759 	-0.00974592 	0.00417532 	0
0.0174226 	-0.0101008 	0.00418748 	0
0.0178693 	-0.0104477 	0.00419097 	0
0.0183161 	-0.0107628 	0.0041598 	0
0.0187628 	-0.011078 	0.00412863 	0
0.0192095 	-0.0113651 	0.00407034 	0
0.0196563 	-0.0116409 	0.00400111 	0
0.020103 	-0.0119083 	0.00392457 	0
0.0205497 	-0.0121467 	0.0038229 	0
0.0209965 	-0.0123851 	0.00372122 	0
0.0214432 	-0.0125974 	0.00359948 	0
0.0218899 	-0.0128004 	0.00347061 	0
0.0223367 	-0.0129951 	0.00333607 	1.33213e-27
0.0227834 	-0.0131648 	0.00318457 	6.66064e-27
0.0232302 	-0.0133345 	0.00303307 	1.19891e-26
0.0236769 	-0.0134801 	0.00286726 	1.75861e-26
0.0241236 	-0.0136182 	0.002697 	2.32667e-26
0.0245704 	-0.0137481 	0.00252249 	2.59197e-26
0.0250171 	-0.0138563 	0.00233674 	2.05912e-26
0.0254638 	-0.0139645 	0.00215099 	1.52627e-26
0.0259106 	-0.0140502 	0.00195524 	1.95701e-26
0.0263573 	-0.0141298 	0.00175678 	2.64776e-26
0.026804 	-0.0142013 	0.00155523 	3.52532e-26
0.0272508 	-0.0142537 	0.00134645 	4.83878e-26
0.0276975 	-0.0143061 	0.00113768 	6.15223e-26
0.0281442 	-0.0143372 	0.000922237 	5.37572e-26
0.028591 	-0.0143634 	0.000705256 	4.11692e-26
0.0290377 	-0.0143814 	0.000486237 	2.84035e-26
0.0294844 	-0.0143822 	0.000262985 	1.52689e-26
0.0299312 	-0.014383 	3.97324e-05 	2.13436e-27
0.0303779 	-0.0143628 	-0.00018721 	0
0.0308246 	-0.0143386 	-0.000414868 	0
0.0312714 	-0.0143057 	-0.000643387 	0
0.0317181 	-0.0142564 	-0.000873502 	0
0.0321648 	-0.0142072 	-0.00110362 	0
0.0326116 	-0.0141358 	-0.0013339 	2.61089e-26
0.0330583 	-0.0140609 	-0.00156422 	5.63802e-26
0.033505 	-0.0139759 	-0.00179355 	8.65138e-26
0.0339518 	-0.013874 	-0.00202125 	1.16418e-25
0.0343985 	-0.0137722 	-0.00224894 	1.46322e-25
0.0348452 	-0.0136447 	-0.00247109 	1.22821e-25
0.035292 	-0.0135141 	-0.00269253 	9.25495e-26
0.0357387 	-0.0133708 	-0.00290959 	6.24251e-26
0.0361854 	-0.0132086 	-0.00312006 	3.25209e-26
0.0366322 	-0.0130465 	-0.00333053 	2.61662e-27
0.0370789 	-0.0128525 	-0.00352546 	-5.53473e-27
0.0375256 	-0.0126556 	-0.00371891 	-1.16002e-26
0.0379724 	-0.0124421 	-0.00390189 	-1.74511e-26
0.0384191 	-0.0122064 	-0.00407071 	-2.30116e-26
0.0388658 	-0.0119708 	-0.00423953 	-2.85721e-26
0.0393126 	-0.0116948 	-0.00437669 	-2.32333e-26
0.0397593 	-0.0114163 	-0.00451175 	-1.71678e-26
0.040206 	-0.0111167 	-0.00462692 	-1.13296e-26
0.0406528 	-0.0107914 	-0.0047178 	-5.76906e-27
0.0410995 	-0.0104661 	-0.00480867 	-2.0852e-28
0.0415462 	-0.0100937 	-0.00484653 	0
0.041993 	-0.00971938 	-0.00488231 	0
0.0424397 	-0.00932214 	-0.00488721 	0
0.0428864 	-0.00889953 	-0.00485795 	0
0.0433332 	-0.00847692 	-0.0048287 	0
0.0437799 	-0.00801204 	-0.00472845 	-1.8263e-27
0.0442266 	-0.00754662 	-0.00462729 	-3.67572e-27
0.0446734 	-0.00706584 	-0.00448966 	-5.18786e-27
0.0451201 	-0.00656972 	-0.00431555 	-6.36272e-27
0.0455668 	-0.00607345 	-0.00414063 	-7.49977e-27
0.0460136 	-0.00556621 	-0.00390093 	-5.65035e-27
0.0464603 	-0.00505897 	-0.00366123 	-3.80092e-27
0.046907 	-0.00455968 	-0.0033962 	-2.30565e-27
0.0473538 	-0.00406758 	-0.00310824 	-1.1308e-27
0.0478005 	-0.00357716 	-0.00281945 	3.18307e-30
0.0482472 	-0.00312969 	-0.0025096 	8.8065e-29
0.048694 	-0.00268222 	-0.00219974 	1.72947e-28
0.0491407 	-0.00227403 	-0.00189497 	2.17969e-28
0.0495874 	-0.00189797 	-0.00159438 	2.30377e-28
0.0500342 	-0.00152745 	-0.00129616 	2.36706e-28
0.0504809 	-0.00123999 	-0.00103376 	1.51824e-28
0.0509276 	-0.000952531 	-0.000771362 	6.69417e-29
0.0513744 	-0.000717759 	-0.000542401 	9.75158e-29
0.0518211 	-0.000521929 	-0.000338158 	2.13427e-28
0.0522678 	-0.000333211 	-0.000139738 	3.40144e-28
0.0527146 	-0.000218658 	-2.05695e-06 	5.79552e-28
0.0531613 	-0.000104106 	0.000135624 	8.18961e-28
0.053608 	-2.75058e-05 	0.000233275 	8.37732e-28
0.0540548 	2.37921e-05 	0.000304239 	7.09412e-28
0.0545015 	7.01876e-05 	0.000367979 	5.68595e-28
0.0549482 	7.79081e-05 	0.000374734 	3.29186e-28
0.055395 	8.56287e-05 	0.000381489 	8.97781e-29
0.0558417 	7.63739e-05 	0.000348521 	0
0.0562884 	5.6934e-05 	0.000291719 	0
0.0567352 	3.80341e-05 	0.000232962 	0
0.0571819 	2.25217e-05 	0.000161947 	0
0.0576286 	7.00925e-06 	9.09313e-05 	0
0.0580754 	1.11751e-06 	4.8811e-05 	0
0.0585221 	4.06161e-07 	2.22495e-05 	0
0.0589688 	-1.94273e-07 	4.77932e-09 	-1.01031e-30
0.0594156 	-2.23042e-07 	7.77358e-09 	-7.22763e-30
0.0598623 	-2.51812e-07 	1.07678e-08 	-1.34449e-29
0.060309 	-2.64564e-07 	1.12265e-08 	-2.08403e-29
0.0607558 	-2.69602e-07 	1.04643e-08 	-2.88029e-29
0.0612025 	-2.74248e-07 	9.54095e-09 	-3.41068e-29
0.0616492 	-2.77188e-07 	7.91927e-09 	-2.78895e-29
0.062096 	-2.80128e-07 	6.2976e-09 	-2.16722e-29
0.0625427 	-2.82132e-07 	4.45463e-09 	-1.42332e-29
0.0629894 	-2.83734e-07 	2.51681e-09 	-6.27055e-30
0.0634362 	-2.85146e-07 	5.39435e-10 	0
0.0638829 	-2.85848e-07 	-1.58454e-09 	0
0.0643296 	-2.86551e-07 	-3.70852e-09 	0
0.0647764 	-2.86762e-07 	-5.94525e-09 	0
0.0652231 	-2.86786e-07 	-8.22477e-09 	0
0.0656698 	-2.86674e-07 	-1.05381e-08 	-1.82327e-30
0.0661166 	-2.86126e-07 	-1.296e-08 	-9.5002e-30
0.0665633 	-2.85577e-07 	-1.53818e-08 	-1.71771e-29
0.0670101 	-2.84636e-07 	-1.79007e-08 	-2.53754e-29
0.0674568 	-2.83565e-07 	-2.04519e-08 	-3.37474e-29
0.0679035 	-2.82361e-07 	-2.30334e-08 	-3.79066e-29
0.0683503 	-2.80789e-07 	-2.57002e-08 	-3.02297e-29
0.068797 	-2.79216e-07 	-2.8367e-08 	-2.25527e-29
0.0692437 	-2.77263e-07 	-3.11138e-08 	-1.43371e-29
0.0696905 	-2.752e-07 	-3.38839e-08 	-5.96507e-30
0.0701372 	-2.72996e-07 	-3.66811e-08 	0
0.0705839 	-2.70446e-07 	-3.95455e-08 	0
0.0710307 	-2.67896e-07 	-4.24099e-08 	0
0.0714774 	-2.64958e-07 	-4.53463e-08 	-8.87094e-30
0.0719241 	-2.61922e-07 	-4.83006e-08 	-1.99596e-29
0.0723709 	-2.58735e-07 	-5.12834e-08 	-3.12559e-29
0.0728176 	-2.55214e-07 	-5.43285e-08 	-4.30088e-29
0.0732643 	-2.51693e-07 	-5.73736e-08 	-5.47616e-29
0.0737111 	-2.47769e-07 	-6.04987e-08 	-4.76702e-29
0.0741578 	-2.4376e-07 	-6.36407e-08 	-3.65816e-29
0.0746045 	-2.39586e-07 	-6.68194e-08 	-2.52687e-29
0.0750513 	-2.35086e-07 	-7.007e-08 	-1.35158e-29
0.075498 	-2.30586e-07 	-7.33207e-08 	-1.76293e-30
0.0759447 	-2.25665e-07 	-7.66785e-08 	0
0.0763915 	-2.2067e-07 	-8.00553e-08 	0
0.0768382 	-2.15493e-07 	-8.34864e-08 	0
0.0772849 	-2.09997e-07 	-8.7013e-08 	0
0.0777317 	-2.045e-07 	-9.05396e-08 	0
0.0781784 	-1.98559e-07 	-9.42239e-08 	0
0.0786251 	-1.92555e-07 	-9.79307e-08 	0
0.0790719 	-1.86351e-07 	-1.01722e-07 	0
0.0795186 	-1.79832e-07 	-1.05647e-07 	0
0.0799653 	-1.73313e-07 	-1.09573e-07 	0
0.0804121 	-1.66326e-07 	-1.13737e-07 	0
0.0808588 	-1.59286e-07 	-1.17927e-07 	0
0.0813055 	-1.52031e-07 	-1.22251e-07 	0
0.0817523 	-1.4447e-07 	-1.26764e-07 	0
0.082199 	-1.36908e-07 	-1.31277e-07 	0
0.0826457 	-1.28868e-07 	-1.36152e-07 	0
0.0830925 	-1.20789e-07 	-1.41057e-07 	0
0.0835392 	-1.12491e-07 	-1.46168e-07 	0
0.0839859 	-1.03911e-07 	-1.51545e-07 	0
0.0844327 	-9.53318e-08 	-1.56922e-07 	0
0.0848794 	-8.6311e-08 	-1.62836e-07 	0
0.0853261 	-7.7267e-08 	-1.68778e-07 	0
0.0857729 	-6.80375e-08 	-1.75026e-07 	0
0.0862196 	-5.85925e-08 	-1.81632e-07 	0
0.0866663 	-4.91474e-08 	-1.88237e-07 	0
0.0871131 	-3.94067e-08 	-1.95577e-07 	0
0.0875598 	-2.96583e-08 	-2.02935e-07 	0
0.0880065 	-1.9829e-08 	-1.66196e-07 	0
0.0884533 	-9.91449e-09 	-8.3098e-08 	0
0.0889 	-3.10692e-22 	-3.05322e-21 	0
