0 	506.15 	-5.15403e-05
0.000446734 	506.13 	-5.15891e-05
0.000893467 	506.11 	-5.16379e-05
0.0013402 	506.09 	-5.17316e-05
0.00178693 	506.07 	-5.18681e-05
0.00223367 	506.05 	-5.20061e-05
0.0026804 	506.03 	-5.22055e-05
0.00312714 	506.01 	-5.24049e-05
0.00357387 	505.99 	-5.2614e-05
0.0040206 	505.971 	-5.28315e-05
0.00446734 	505.952 	-5.30468e-05
0.00491407 	505.933 	-5.32212e-05
0.0053608 	505.914 	-5.33955e-05
0.00580754 	505.896 	-5.35178e-05
0.00625427 	505.877 	-5.35994e-05
0.00670101 	505.859 	-5.36726e-05
0.00714774 	505.842 	-5.36415e-05
0.00759447 	505.824 	-5.36104e-05
0.00804121 	505.807 	-5.35211e-05
0.00848794 	505.79 	-5.33909e-05
0.00893467 	505.773 	-5.32547e-05
0.00938141 	505.757 	-5.30653e-05
0.00982814 	505.741 	-5.28759e-05
0.0102749 	505.725 	-5.26805e-05
0.0107216 	505.709 	-5.24814e-05
0.0111683 	505.694 	-5.2286e-05
0.0116151 	505.679 	-5.21168e-05
0.0120618 	505.664 	-5.19475e-05
0.0125085 	505.649 	-5.18094e-05
0.0129553 	505.635 	-5.1689e-05
0.013402 	505.62 	-5.1576e-05
0.0138487 	505.606 	-5.15052e-05
0.0142955 	505.592 	-5.14345e-05
0.0147422 	505.579 	-5.13905e-05
0.0151889 	505.565 	-5.13602e-05
0.0156357 	505.552 	-5.1335e-05
0.0160824 	505.539 	-5.13336e-05
0.0165291 	505.526 	-5.13322e-05
0.0169759 	505.513 	-5.13439e-05
0.0174226 	505.501 	-5.13615e-05
0.0178693 	505.488 	-5.13813e-05
0.0183161 	505.476 	-5.14102e-05
0.0187628 	505.464 	-5.14391e-05
0.0192095 	505.452 	-5.14722e-05
0.0196563 	505.44 	-5.1507e-05
0.020103 	505.429 	-5.1542e-05
0.0205497 	505.417 	-5.15784e-05
0.0209965 	505.406 	-5.16147e-05
0.0214432 	505.395 	-5.16496e-05
0.0218899 	505.384 	-5.16841e-05
0.0223367 	505.373 	-5.17172e-05
0.0227834 	505.362 	-5.17465e-05
0.0232302 	505.351 	-5.17758e-05
0.0236769 	505.341 	-5.17989e-05
0.0241236 	505.33 	-5.18201e-05
0.0245704 	505.32 	-5.18382e-05
0.0250171 	505.31 	-5.18483e-05
0.0254638 	505.299 	-5.18584e-05
0.0259106 	505.289 	-5.18574e-05
0.0263573 	505.279 	-5.18536e-05
0.026804 	505.269 	-5.18449e-05
0.0272508 	505.259 	-5.18249e-05
0.0276975 	505.249 	-5.18049e-05
0.0281442 	505.24 	-5.1771e-05
0.028591 	505.23 	-5.17339e-05
0.0290377 	505.22 	-5.16915e-05
0.0294844 	505.21 	-5.16384e-05
0.0299312 	505.2 	-5.15852e-05
0.0303779 	505.191 	-5.1522e-05
0.0308246 	505.181 	-5.14567e-05
0.0312714 	505.171 	-5.139e-05
0.0317181 	505.161 	-5.13204e-05
0.0321648 	505.152 	-5.12508e-05
0.0326116 	505.142 	-5.11877e-05
0.0330583 	505.132 	-5.11257e-05
0.033505 	505.122 	-5.10706e-05
0.0339518 	505.113 	-5.10269e-05
0.0343985 	505.103 	-5.09832e-05
0.0348452 	505.093 	-5.09448e-05
0.035292 	505.083 	-5.09071e-05
0.0357387 	505.071 	-5.08843e-05
0.0361854 	505.056 	-5.08841e-05
0.0366322 	505.041 	-5.08839e-05
0.0370789 	505.022 	-5.01871e-05
0.0375256 	505.002 	-4.94234e-05
0.0379724 	504.982 	-4.83167e-05
0.0384191 	504.962 	-4.67458e-05
0.0388658 	504.942 	-4.51748e-05
0.0393126 	504.921 	-4.35996e-05
0.0397593 	504.901 	-4.20241e-05
0.040206 	504.88 	-4.0445e-05
0.0406528 	504.86 	-3.88617e-05
0.0410995 	504.839 	-3.72784e-05
0.0415462 	504.818 	-3.5686e-05
0.041993 	504.797 	-3.40933e-05
0.0424397 	504.776 	-3.24957e-05
0.0428864 	504.755 	-3.0893e-05
0.0433332 	504.733 	-2.92903e-05
0.0437799 	504.712 	-2.76781e-05
0.0442266 	504.69 	-2.60657e-05
0.0446734 	504.668 	-2.44489e-05
0.0451201 	504.647 	-2.28278e-05
0.0455668 	504.625 	-2.12065e-05
0.0460136 	504.603 	-1.95777e-05
0.0464603 	504.58 	-1.79489e-05
0.046907 	504.558 	-1.63168e-05
0.0473538 	504.536 	-1.46818e-05
0.0478005 	504.513 	-1.30465e-05
0.0482472 	504.49 	-1.14069e-05
0.048694 	504.468 	-9.7673e-06
0.0491407 	504.445 	-8.12618e-06
0.0495874 	504.422 	-6.48382e-06
0.0500342 	504.399 	-4.84141e-06
0.0504809 	504.376 	-3.1983e-06
0.0509276 	504.353 	-1.5552e-06
0.0513744 	504.329 	8.71148e-08
0.0518211 	504.306 	1.72884e-06
0.0522678 	504.282 	3.37025e-06
0.0527146 	504.259 	5.00835e-06
0.0531613 	504.235 	6.64646e-06
0.053608 	504.211 	8.281e-06
0.0540548 	504.187 	9.91317e-06
0.0545015 	504.163 	1.15444e-05
0.0549482 	504.139 	1.31683e-05
0.055395 	504.115 	1.47921e-05
0.0558417 	504.091 	1.64093e-05
0.0562884 	504.066 	1.80224e-05
0.0567352 	504.042 	1.96337e-05
0.0571819 	504.017 	2.12336e-05
0.0576286 	503.993 	2.28335e-05
0.0580754 	503.968 	2.44233e-05
0.0585221 	503.943 	2.60075e-05
0.0589688 	503.919 	2.75888e-05
0.0594156 	503.894 	2.91549e-05
0.0598623 	503.869 	3.0721e-05
0.060309 	503.844 	3.22732e-05
0.0607558 	503.819 	3.38187e-05
0.0612025 	503.793 	3.53598e-05
0.0616492 	503.768 	3.6882e-05
0.062096 	503.743 	3.84043e-05
0.0625427 	503.717 	3.99086e-05
0.0629894 	503.692 	4.14052e-05
0.0634362 	503.667 	4.28957e-05
0.0638829 	503.641 	4.43641e-05
0.0643296 	503.615 	4.58324e-05
0.0647764 	503.59 	4.72784e-05
0.0652231 	503.564 	4.87159e-05
0.0656698 	503.538 	5.01454e-05
0.0661166 	503.512 	5.15495e-05
0.0665633 	503.486 	5.29535e-05
0.0670101 	503.46 	5.43305e-05
0.0674568 	503.434 	5.56985e-05
0.0679035 	503.408 	5.70563e-05
0.0683503 	503.382 	5.83855e-05
0.068797 	503.356 	5.97147e-05
0.0692437 	503.33 	6.10116e-05
0.0696905 	503.304 	6.22992e-05
0.0701372 	503.278 	6.35741e-05
0.0705839 	503.251 	6.48173e-05
0.0710307 	503.225 	6.60604e-05
0.0714774 	503.199 	6.72657e-05
0.0719241 	503.172 	6.84616e-05
0.0723709 	503.146 	6.96416e-05
0.0728176 	503.119 	7.0787e-05
0.0732643 	503.093 	7.19324e-05
0.0737111 	503.066 	7.30336e-05
0.0741578 	503.039 	7.41254e-05
0.0746045 	503.013 	7.5198e-05
0.0750513 	502.986 	7.62329e-05
0.075498 	502.959 	7.72678e-05
0.0759447 	502.933 	7.82515e-05
0.0763915 	502.906 	7.9226e-05
0.0768382 	502.879 	8.01774e-05
0.0772849 	502.852 	8.10881e-05
0.0777317 	502.826 	8.19987e-05
0.0781784 	502.799 	8.28501e-05
0.0786251 	502.772 	8.3693e-05
0.0790719 	502.745 	8.45082e-05
0.0795186 	502.718 	8.52794e-05
0.0799653 	502.691 	8.60507e-05
0.0804121 	502.664 	8.67538e-05
0.0808588 	502.637 	8.74493e-05
0.0813055 	502.61 	8.81118e-05
0.0817523 	502.583 	8.87274e-05
0.082199 	502.556 	8.93429e-05
0.0826457 	502.529 	8.98804e-05
0.0830925 	502.502 	9.04116e-05
0.0835392 	502.475 	9.09041e-05
0.0839859 	502.448 	9.13466e-05
0.0844327 	502.421 	9.17892e-05
0.0848794 	502.394 	9.21436e-05
0.0853261 	502.367 	9.24934e-05
0.0857729 	502.34 	9.27984e-05
0.0862196 	502.313 	9.30515e-05
0.0866663 	502.286 	9.33046e-05
0.0871131 	502.258 	9.34604e-05
0.0875598 	502.231 	9.36137e-05
0.0880065 	502.204 	9.37173e-05
0.0884533 	502.177 	9.37687e-05
0.0889 	502.15 	9.38201e-05
