0 	0 	0 	0
0.000446734 	-7.39464e-06 	-3.0141e-05 	9.01367e-26
0.000893467 	-1.47893e-05 	-6.0282e-05 	1.80273e-25
0.0013402 	-1.96783e-05 	-7.70998e-05 	3.16758e-25
0.00178693 	-2.2184e-05 	-8.12444e-05 	4.9733e-25
0.00223367 	-2.41805e-05 	-8.43574e-05 	6.71137e-25
0.0026804 	-6.31516e-06 	-4.7235e-05 	5.81067e-25
0.00312714 	1.15502e-05 	-1.01126e-05 	4.90996e-25
0.00357387 	4.85021e-05 	5.47491e-05 	3.05226e-25
0.0040206 	0.000101877 	0.00014348 	3.71096e-26
0.00446734 	0.000157738 	0.000234994 	-2.19726e-25
0.00491407 	0.000260821 	0.000379398 	-2.62225e-25
0.0053608 	0.000363904 	0.000523803 	-3.04723e-25
0.00580754 	0.000500662 	0.000697204 	-2.03972e-25
0.00625427 	0.000663612 	0.000893159 	8.19419e-27
0.00670101 	0.000831284 	0.00109199 	2.20046e-25
0.00714774 	0.00105718 	0.00132629 	4.28008e-25
0.00759447 	0.00128308 	0.0015606 	6.35971e-25
0.00804121 	0.00154264 	0.00180534 	6.4854e-25
0.00848794 	0.00182584 	0.00205741 	5.23918e-25
0.00893467 	0.00211346 	0.00230891 	4.08e-25
0.00938141 	0.0024409 	0.00255527 	3.70417e-25
0.00982814 	0.00276834 	0.00280163 	3.32834e-25
0.0102749 	0.00311262 	0.00303158 	4.88348e-25
0.0107216 	0.00346753 	0.00325115 	7.66026e-25
0.0111683 	0.00382381 	0.0034655 	9.87468e-25
0.0116151 	0.00418963 	0.0036433 	8.15255e-25
0.0120618 	0.00455545 	0.0038211 	6.43042e-25
0.0125085 	0.00491951 	0.00396735 	2.6762e-25
0.0129553 	0.00528257 	0.00409567 	-2.23353e-25
0.013402 	0.00564376 	0.00421638 	-6.68245e-25
0.0138487 	0.00599435 	0.00429393 	-8.52013e-25
0.0142955 	0.00634495 	0.00437148 	-1.03578e-24
0.0147422 	0.0066833 	0.00441754 	-9.5352e-25
0.0151889 	0.00701542 	0.00444756 	-7.35734e-25
0.0156357 	0.00734376 	0.00447028 	-4.71049e-25
0.0160824 	0.00765425 	0.0044586 	1.47289e-26
0.0165291 	0.00796474 	0.00444691 	5.00507e-25
0.0169759 	0.00825948 	0.00441129 	6.49224e-25
0.0174226 	0.00854708 	0.00436478 	6.44732e-25
0.0178693 	0.00883006 	0.0043127 	5.89589e-25
0.0183161 	0.00909461 	0.00423831 	3.31845e-25
0.0187628 	0.00935915 	0.00416392 	7.41014e-26
0.0192095 	0.00960764 	0.00407427 	0
0.0196563 	0.00984963 	0.00397845 	0
0.020103 	0.0100867 	0.0038791 	-6.17659e-26
0.0205497 	0.010307 	0.00376756 	-3.36281e-25
0.0209965 	0.0105273 	0.00365603 	-6.10796e-25
0.0214432 	0.0107324 	0.0035365 	-9.83065e-25
0.0218899 	0.0109321 	0.00341412 	-1.39013e-24
0.0223367 	0.0111269 	0.00329005 	-1.67545e-24
0.0227834 	0.0113071 	0.00316087 	-1.59554e-24
0.0232302 	0.0114873 	0.0030317 	-1.51563e-24
0.0236769 	0.0116536 	0.00289981 	-1.0266e-24
0.0241236 	0.0118156 	0.00276709 	-4.10151e-25
0.0245704 	0.011973 	0.00263408 	1.63514e-25
0.0250171 	0.0121181 	0.00250032 	6.24372e-25
0.0254638 	0.0122632 	0.00236656 	1.08523e-24
0.0259106 	0.012396 	0.00223347 	1.12215e-24
0.0263573 	0.0125255 	0.00210055 	1.04467e-24
0.026804 	0.0126507 	0.00196828 	9.49252e-25
0.0272508 	0.0127658 	0.00183751 	8.11953e-25
0.0276975 	0.0128809 	0.00170674 	6.74655e-25
0.0281442 	0.0129852 	0.00157839 	6.95325e-25
0.028591 	0.013087 	0.00145061 	7.5245e-25
0.0290377 	0.0131848 	0.00132394 	7.30811e-25
0.0294844 	0.0132743 	0.00119959 	5.45586e-25
0.0299312 	0.0133638 	0.00107525 	3.60361e-25
0.0303779 	0.0134437 	0.000953904 	-7.661e-26
0.0308246 	0.0135218 	0.000833143 	-5.62427e-25
0.0312714 	0.0135961 	0.000713605 	-8.58513e-25
0.0317181 	0.0136634 	0.000596341 	-8.02242e-25
0.0321648 	0.0137307 	0.000479077 	-7.4597e-25
0.0326116 	0.0137892 	0.000364608 	-2.34525e-25
0.0330583 	0.0138463 	0.000250584 	3.49484e-25
0.033505 	0.0138998 	0.000137632 	7.56509e-25
0.0339518 	0.0139472 	2.64685e-05 	8.68561e-25
0.0343985 	0.0139946 	-8.46952e-05 	9.80612e-25
0.0348452 	0.0140336 	-0.000193715 	6.40736e-25
0.035292 	0.0140715 	-0.000302463 	2.43574e-25
0.0357387 	0.0141058 	-0.000410428 	2.40339e-26
0.0361854 	0.0141345 	-0.000517218 	7.0926e-26
0.0366322 	0.0141632 	-0.000624008 	1.17818e-25
0.0370789 	0.0141836 	-0.000729413 	5.11404e-25
0.0375256 	0.0142032 	-0.000834685 	9.38236e-25
0.0379724 	0.0142189 	-0.000939483 	1.09305e-24
0.0384191 	0.0142294 	-0.00104364 	8.79836e-25
0.0388658 	0.0142398 	-0.0011478 	6.66624e-25
0.0393126 	0.0142416 	-0.00125122 	9.53175e-27
0.0397593 	0.0142429 	-0.0013546 	-6.77153e-25
0.040206 	0.0142398 	-0.00145774 	-1.10137e-24
0.0406528 	0.0142316 	-0.00156057 	-1.20478e-24
0.0410995 	0.0142234 	-0.0016634 	-1.30819e-24
0.0415462 	0.0142056 	-0.0017658 	-1.00611e-24
0.041993 	0.0141876 	-0.00186819 	-6.88235e-25
0.0424397 	0.0141645 	-0.00197031 	-4.71135e-25
0.0428864 	0.0141359 	-0.00207215 	-3.6542e-25
0.0433332 	0.0141073 	-0.00217399 	-2.59705e-25
0.0437799 	0.0140673 	-0.00227494 	-2.07126e-25
0.0442266 	0.0140272 	-0.00237587 	-1.55219e-25
0.0446734 	0.0139806 	-0.00247601 	-1.03283e-25
0.0451201 	0.0139276 	-0.00257534 	-5.13166e-26
0.0455668 	0.0138743 	-0.00267463 	1.96638e-27
0.0460136 	0.0138061 	-0.00277118 	1.59277e-25
0.0464603 	0.0137379 	-0.00286774 	3.16587e-25
0.046907 	0.0136604 	-0.00296192 	6.10165e-25
0.0473538 	0.0135743 	-0.00305396 	1.02703e-24
0.0478005 	0.0134873 	-0.00314574 	1.42625e-24
0.0482472 	0.0133796 	-0.00323085 	1.37246e-24
0.048694 	0.013272 	-0.00331596 	1.31867e-24
0.0491407 	0.01315 	-0.00339555 	1.04236e-24
0.0495874 	0.0130163 	-0.00347061 	5.83988e-25
0.0500342 	0.0128807 	-0.00354481 	1.54479e-25
0.0504809 	0.0127162 	-0.00360602 	1.57959e-25
0.0509276 	0.0125517 	-0.00366723 	1.61439e-25
0.0513744 	0.0123667 	-0.003718 	1.86785e-25
0.0518211 	0.0121665 	-0.00376107 	2.28294e-25
0.0522678 	0.0119628 	-0.00380216 	2.56808e-25
0.0527146 	0.0117227 	-0.00382263 	1.49805e-25
0.0531613 	0.0114827 	-0.00384311 	4.28013e-26
0.053608 	0.0112172 	-0.00384759 	0
0.0540548 	0.0109347 	-0.00384141 	0
0.0545015 	0.0106474 	-0.00383188 	0
0.0549482 	0.0103225 	-0.00379595 	0
0.055395 	0.00999762 	-0.00376002 	0
0.0558417 	0.00964828 	-0.00370463 	4.04112e-26
0.0562884 	0.00928429 	-0.00363756 	1.05069e-25
0.0567352 	0.00891592 	-0.00356632 	1.68834e-25
0.0571819 	0.00852005 	-0.00346894 	2.26998e-25
0.0576286 	0.00812419 	-0.00337155 	2.85161e-25
0.0580754 	0.00771474 	-0.00325667 	2.83493e-25
0.0585221 	0.00729798 	-0.00313236 	2.49609e-25
0.0589688 	0.00688009 	-0.00300463 	2.03531e-25
0.0594156 	0.00645641 	-0.00285922 	9.4612e-26
0.0598623 	0.00603273 	-0.00271381 	-1.43074e-26
0.060309 	0.00561485 	-0.00255931 	-8.66245e-26
0.0607558 	0.00519977 	-0.00240045 	-1.41318e-25
0.0612025 	0.00478914 	-0.00224063 	-1.68545e-25
0.0616492 	0.00439776 	-0.00207671 	-7.67506e-26
0.062096 	0.00400639 	-0.00191279 	1.50443e-26
0.0625427 	0.00364052 	-0.00175085 	8.54167e-26
0.0629894 	0.00328558 	-0.00158976 	1.46608e-25
0.0634362 	0.00294026 	-0.00143059 	1.93566e-25
0.0638829 	0.00263055 	-0.00127848 	1.87775e-25
0.0643296 	0.00232084 	-0.00112638 	1.81984e-25
0.0647764 	0.00204697 	-0.000983429 	2.00447e-25
0.0652231 	0.0017867 	-0.000843946 	2.28109e-25
0.0656698 	0.00153815 	-0.000707675 	2.51819e-25
0.0661166 	0.00132722 	-0.000581714 	2.62843e-25
0.0665633 	0.00111628 	-0.000455753 	2.73868e-25
0.0670101 	0.000939897 	-0.000338992 	2.05693e-25
0.0674568 	0.000775023 	-0.000225298 	1.11119e-25
0.0679035 	0.000620938 	-0.000114336 	2.17866e-26
0.0683503 	0.000497166 	-1.10507e-05 	-5.28166e-26
0.068797 	0.000373393 	9.22347e-05 	-1.2742e-25
0.0692437 	0.000277631 	0.000187187 	-1.39268e-25
0.0696905 	0.00019 	0.00027972 	-1.32897e-25
0.0701372 	0.000111668 	0.000367418 	-1.31606e-25
0.0705839 	5.63829e-05 	0.000443134 	-1.42905e-25
0.0710307 	1.09766e-06 	0.00051885 	-1.54203e-25
0.0714774 	-3.0568e-05 	0.000570145 	-1.37011e-25
0.0719241 	-5.63287e-05 	0.000615335 	-1.12696e-25
0.0723709 	-7.40263e-05 	0.000645188 	-7.65666e-26
0.0728176 	-7.39853e-05 	0.000641296 	-1.4444e-26
0.0732643 	-7.39443e-05 	0.000637404 	4.76786e-26
0.0737111 	-5.86077e-05 	0.000581043 	7.84033e-26
0.0741578 	-4.00266e-05 	0.000513551 	1.02468e-25
0.0746045 	-1.91128e-05 	0.000424884 	1.22678e-25
0.0750513 	6.38017e-06 	0.000294652 	1.35322e-25
0.075498 	3.18731e-05 	0.000164419 	1.47966e-25
0.0759447 	5.19344e-05 	-2.83631e-07 	1.385e-25
0.0763915 	7.10372e-05 	-0.00017107 	1.25132e-25
0.0768382 	8.43761e-05 	-0.000341376 	9.81046e-26
0.0772849 	8.75785e-05 	-0.00051084 	4.70543e-26
0.0777317 	9.0781e-05 	-0.000680304 	-3.99602e-27
0.0781784 	7.99767e-05 	-0.000795287 	-4.07033e-26
0.0786251 	6.71715e-05 	-0.000902487 	-7.53616e-26
0.0790719 	5.2674e-05 	-0.000951388 	-9.97815e-26
0.0795186 	3.55016e-05 	-0.000908139 	-1.08018e-25
0.0799653 	1.83292e-05 	-0.00086489 	-1.16255e-25
0.0804121 	1.0252e-05 	-0.000673392 	-9.76317e-26
0.0808588 	3.18535e-06 	-0.000465421 	-7.60243e-26
0.0813055 	-7.94099e-07 	-0.000286825 	-5.33573e-26
0.0817523 	-3.76635e-07 	-0.000150066 	-2.91814e-26
0.082199 	4.08286e-08 	-1.33068e-05 	-5.00542e-27
0.0826457 	7.20194e-08 	-1.98154e-06 	-1.97928e-27
0.0830925 	7.18907e-08 	-8.26557e-07 	-6.68002e-28
0.0835392 	7.47178e-08 	-1.85762e-07 	4.19727e-29
0.0839859 	8.13452e-08 	-2.06069e-07 	-2.11598e-29
0.0844327 	8.79726e-08 	-2.26376e-07 	-8.42924e-29
0.0848794 	8.28376e-08 	-2.48502e-07 	-6.19159e-29
0.0853261 	7.70836e-08 	-2.70725e-07 	-3.5039e-29
0.0857729 	7.01076e-08 	-2.94063e-07 	-2.15628e-29
0.0862196 	6.17118e-08 	-3.18698e-07 	-2.36604e-29
0.0866663 	5.33159e-08 	-3.43333e-07 	-2.5758e-29
0.0871131 	4.31525e-08 	-3.70736e-07 	-1.61229e-28
0.0875598 	3.29437e-08 	-3.9821e-07 	-3.00119e-28
0.0880065 	2.22808e-08 	-3.31489e-07 	-2.98533e-28
0.0884533 	1.11404e-08 	-1.65745e-07 	-1.49267e-28
0.0889 	3.03636e-22 	-1.15511e-20 	-1.09977e-41
