0 	0 	0 	0
0.000446734 	0.00047926 	0.0088875 	0
0.000893467 	0.000632547 	0.0141515 	2.81739e-27
0.0013402 	0.000659994 	0.0173466 	-4.49341e-27
0.00178693 	0.000509466 	0.0191512 	-4.54186e-26
0.00223367 	0.000335562 	0.0201011 	-9.48418e-26
0.0026804 	8.74481e-05 	0.0208234 	-1.43305e-25
0.00312714 	-0.000121587 	0.0212694 	-1.6128e-25
0.00357387 	-0.000368444 	0.0216052 	-1.27179e-25
0.0040206 	-0.000578563 	0.021651 	-3.71032e-26
0.00446734 	-0.000799039 	0.0216098 	1.21431e-25
0.00491407 	-0.00101654 	0.0212913 	1.98719e-25
0.0053608 	-0.00122113 	0.0208694 	3.2052e-25
0.00580754 	-0.00144186 	0.0202614 	3.01747e-25
0.00625427 	-0.00163491 	0.0195397 	1.31131e-25
0.00670101 	-0.00185228 	0.0187293 	1.85443e-26
0.00714774 	-0.00203846 	0.017796 	-5.32804e-26
0.00759447 	-0.00224167 	0.0168364 	-1.44548e-25
0.00804121 	-0.00242601 	0.015787 	-5.21131e-26
0.00848794 	-0.00261654 	0.0147244 	-3.09567e-27
0.00893467 	-0.00279763 	0.0136009 	1.40645e-26
0.00938141 	-0.00297517 	0.0124641 	-1.2714e-25
0.00982814 	-0.00315212 	0.0112955 	-9.66501e-26
0.0102749 	-0.0033187 	0.0101105 	-2.76032e-25
0.0107216 	-0.00349064 	0.0089171 	-3.28441e-25
0.0111683 	-0.00364983 	0.00770667 	-1.61901e-25
0.0116151 	-0.00381384 	0.00650089 	-1.8434e-25
0.0120618 	-0.00396995 	0.00528562 	-5.52683e-26
0.0125085 	-0.00412708 	0.0040767 	-1.34418e-26
0.0129553 	-0.00428008 	0.00286379 	6.96282e-27
0.013402 	-0.00443101 	0.00165614 	0
0.0138487 	-0.00458173 	0.000448515 	3.93269e-27
0.0142955 	-0.00472905 	-0.000756668 	0
0.0147422 	-0.0048784 	-0.00195828 	4.5122e-28
0.0151889 	-0.00502549 	-0.00315894 	1.41561e-27
0.0156357 	-0.00517228 	-0.00435442 	0
0.0160824 	-0.00531636 	-0.00554856 	0
0.0165291 	-0.0054594 	-0.00673636 	0
0.0169759 	-0.00559578 	-0.00791614 	0
0.0174226 	-0.00573327 	-0.00909081 	-2.15132e-26
0.0178693 	-0.00585952 	-0.0102453 	-1.0338e-25
0.0183161 	-0.0059886 	-0.0113958 	-2.08914e-25
0.0187628 	-0.00610064 	-0.012509 	-2.67386e-25
0.0192095 	-0.00621334 	-0.0136079 	-2.60603e-25
0.0196563 	-0.00630987 	-0.0146635 	-2.01526e-25
0.020103 	-0.00639724 	-0.0156768 	-1.06496e-25
0.0205497 	-0.00647558 	-0.0166476 	-2.44826e-26
0.0209965 	-0.00652622 	-0.0175353 	-2.35721e-27
0.0214432 	-0.00658291 	-0.0183861 	0
0.0218899 	-0.00658962 	-0.0190997 	0
0.0223367 	-0.00661038 	-0.0197717 	0
0.0227834 	-0.00656027 	-0.0202453 	0
0.0232302 	-0.00651855 	-0.02063 	0
0.0236769 	-0.00641614 	-0.0208238 	0
0.0241236 	-0.00629056 	-0.020821 	0
0.0245704 	-0.00614852 	-0.0206827 	0
0.0250171 	-0.00596395 	-0.0202964 	0
0.0254638 	-0.00579998 	-0.0197683 	0
0.0259106 	-0.00559479 	-0.0189191 	0
0.0263573 	-0.00541113 	-0.0179198 	0
0.026804 	-0.00495144 	-0.0162434 	0
0.0272508 	-0.00442364 	-0.0144157 	0
0.0276975 	-0.00328977 	-0.0115407 	0
0.0281442 	-0.00173409 	-0.00815164 	7.80465e-27
0.028591 	-0.000611138 	-0.00536408 	0
0.0290377 	-0.000169001 	-0.00227144 	1.35799e-26
0.0294844 	-3.80868e-05 	-0.000452076 	0
0.0299312 	5.38672e-07 	-7.13283e-07 	6.29096e-29
0.0303779 	1.5058e-07 	-5.38727e-07 	0
0.0308246 	-8.29083e-08 	-4.18424e-07 	-2.67697e-29
0.0312714 	-1.98989e-07 	-4.34902e-07 	-4.35404e-30
0.0317181 	-2.98025e-07 	-3.87946e-07 	-1.88949e-30
0.0321648 	-3.47896e-07 	-3.89304e-07 	-2.92342e-29
0.0326116 	-3.65629e-07 	-3.71023e-07 	0
0.0330583 	-3.80271e-07 	-3.62169e-07 	7.46217e-29
0.033505 	-3.73737e-07 	-3.5204e-07 	0
0.0339518 	-3.69007e-07 	-3.42422e-07 	7.78584e-29
0.0343985 	-3.57025e-07 	-3.34399e-07 	0
0.0348452 	-3.44982e-07 	-3.2585e-07 	0
0.035292 	-3.31984e-07 	-3.18214e-07 	0
0.0357387 	-3.1851e-07 	-3.10767e-07 	0
0.0361854 	-3.05537e-07 	-3.03308e-07 	0
0.0366322 	-2.92728e-07 	-2.96486e-07 	0
0.0370789 	-2.80345e-07 	-2.89387e-07 	0
0.0375256 	-2.68863e-07 	-2.82881e-07 	0
0.0379724 	-2.57454e-07 	-2.76301e-07 	0
0.0384191 	-2.47314e-07 	-2.70041e-07 	0
0.0388658 	-2.37193e-07 	-2.64053e-07 	0
0.0393126 	-2.28084e-07 	-2.57977e-07 	0
0.0397593 	-2.19168e-07 	-2.52537e-07 	-1.10811e-29
0.040206 	-2.10964e-07 	-2.46772e-07 	-1.88751e-29
0.0406528 	-2.03182e-07 	-2.41661e-07 	0
0.0410995 	-1.9576e-07 	-2.36292e-07 	-8.33506e-29
0.0415462 	-1.88992e-07 	-2.31432e-07 	0
0.041993 	-1.82266e-07 	-2.26482e-07 	-3.10777e-30
0.0424397 	-1.76351e-07 	-2.21877e-07 	0
0.0428864 	-1.70398e-07 	-2.1738e-07 	6.9426e-29
0.0433332 	-1.65056e-07 	-2.12953e-07 	-7.12599e-30
0.0437799 	-1.59761e-07 	-2.08852e-07 	-6.74723e-29
0.0442266 	-1.54906e-07 	-2.0465e-07 	-6.76464e-29
0.0446734 	-1.50206e-07 	-2.00839e-07 	-1.30127e-28
0.0451201 	-1.45759e-07 	-1.96899e-07 	-1.90925e-28
0.0455668 	-1.416e-07 	-1.93294e-07 	-9.02347e-29
0.0460136 	-1.37495e-07 	-1.8963e-07 	-1.10435e-28
0.0464603 	-1.33796e-07 	-1.86226e-07 	-3.95952e-29
0.046907 	-1.30074e-07 	-1.82858e-07 	0
0.0473538 	-1.26693e-07 	-1.79596e-07 	0
0.0478005 	-1.2331e-07 	-1.76494e-07 	0
0.0482472 	-1.20191e-07 	-1.73382e-07 	0
0.048694 	-1.17114e-07 	-1.70497e-07 	0
0.0491407 	-1.14213e-07 	-1.6755e-07 	0
0.0495874 	-1.11433e-07 	-1.64817e-07 	0
0.0500342 	-1.08709e-07 	-1.6205e-07 	0
0.0504809 	-1.06185e-07 	-1.59462e-07 	0
0.0509276 	-1.03655e-07 	-1.56883e-07 	0
0.0513744 	-1.0132e-07 	-1.54404e-07 	0
0.0518211 	-9.89742e-08 	-1.52005e-07 	0
0.0522678 	-9.67912e-08 	-1.49626e-07 	0
0.0527146 	-9.46104e-08 	-1.47383e-07 	0
0.0531613 	-9.2552e-08 	-1.45113e-07 	0
0.053608 	-9.0544e-08 	-1.42981e-07 	0
0.0540548 	-8.85842e-08 	-1.4083e-07 	0
0.0545015 	-8.67283e-08 	-1.38803e-07 	0
0.0549482 	-8.48728e-08 	-1.36775e-07 	0
0.055395 	-8.31368e-08 	-1.34832e-07 	0
0.0558417 	-8.13886e-08 	-1.32929e-07 	0
0.0562884 	-7.97469e-08 	-1.31055e-07 	0
0.0567352 	-7.80946e-08 	-1.29265e-07 	0
0.0571819 	-7.65281e-08 	-1.27468e-07 	0
0.0576286 	-7.49812e-08 	-1.25763e-07 	0
0.0580754 	-7.34756e-08 	-1.24047e-07 	0
0.0585221 	-7.20252e-08 	-1.22418e-07 	0
0.0589688 	-7.05791e-08 	-1.20786e-07 	0
0.0594156 	-6.92096e-08 	-1.19225e-07 	0
0.0598623 	-6.78302e-08 	-1.17683e-07 	0
0.060309 	-6.65224e-08 	-1.16173e-07 	0
0.0607558 	-6.52032e-08 	-1.14714e-07 	0
0.0612025 	-6.39456e-08 	-1.1326e-07 	0
0.0616492 	-6.2693e-08 	-1.11868e-07 	0
0.062096 	-6.14759e-08 	-1.10471e-07 	0
0.0625427 	-6.02884e-08 	-1.09139e-07 	0
0.0629894 	-5.91074e-08 	-1.07802e-07 	0
0.0634362 	-5.79777e-08 	-1.06525e-07 	0
0.0638829 	-5.68406e-08 	-1.05256e-07 	0
0.0643296 	-5.57538e-08 	-1.04019e-07 	0
0.0647764 	-5.46569e-08 	-1.02814e-07 	0
0.0652231 	-5.3606e-08 	-1.01618e-07 	0
0.0656698 	-5.25529e-08 	-1.00468e-07 	0
0.0661166 	-5.1531e-08 	-9.93168e-08 	0
0.0665633 	-5.05243e-08 	-9.82145e-08 	0
0.0670101 	-4.9526e-08 	-9.71079e-08 	0
0.0674568 	-4.8562e-08 	-9.60512e-08 	0
0.0679035 	-4.75933e-08 	-9.49978e-08 	0
0.0683503 	-4.66614e-08 	-9.39746e-08 	0
0.068797 	-4.5721e-08 	-9.29725e-08 	0
0.0692437 	-4.48164e-08 	-9.19826e-08 	0
0.0696905 	-4.39056e-08 	-9.10269e-08 	0
0.0701372 	-4.30228e-08 	-9.00719e-08 	0
0.0705839 	-4.21467e-08 	-8.91558e-08 	0
0.0710307 	-4.12806e-08 	-8.82374e-08 	0
0.0714774 	-4.04365e-08 	-8.73598e-08 	0
0.0719241 	-3.95906e-08 	-8.64833e-08 	0
0.0723709 	-3.87723e-08 	-8.56359e-08 	0
0.0728176 	-3.79468e-08 	-8.48023e-08 	0
0.0732643 	-3.71501e-08 	-8.39826e-08 	0
0.0737111 	-3.63449e-08 	-8.31893e-08 	0
0.0741578 	-3.55654e-08 	-8.23987e-08 	0
0.0746045 	-3.47868e-08 	-8.16398e-08 	0
0.0750513 	-3.40193e-08 	-8.088e-08 	0
0.075498 	-3.32657e-08 	-8.01545e-08 	0
0.0759447 	-3.25121e-08 	-7.9429e-08 	0
0.0763915 	-3.17795e-08 	-7.87318e-08 	0
0.0768382 	-3.10409e-08 	-7.80433e-08 	0
0.0772849 	-3.0326e-08 	-7.73701e-08 	0
0.0777317 	-2.96018e-08 	-7.67172e-08 	0
0.0781784 	-2.89e-08 	-7.60695e-08 	0
0.0786251 	-2.81959e-08 	-7.54478e-08 	0
0.0790719 	-2.75035e-08 	-7.48267e-08 	0
0.0795186 	-2.68191e-08 	-7.4235e-08 	0
0.0799653 	-2.61361e-08 	-7.36426e-08 	0
0.0804121 	-2.5469e-08 	-7.3078e-08 	0
0.0808588 	-2.4797e-08 	-7.25186e-08 	0
0.0813055 	-2.41442e-08 	-7.19758e-08 	0
0.0817523 	-2.34824e-08 	-7.14483e-08 	0
0.082199 	-2.284e-08 	-7.09284e-08 	0
0.0826457 	-2.21929e-08 	-7.043e-08 	0
0.0830925 	-2.15579e-08 	-6.99337e-08 	-1.20284e-29
0.0835392 	-2.09263e-08 	-6.94631e-08 	0
0.0839859 	-2.02973e-08 	-6.89914e-08 	-3.33701e-29
0.0844327 	-1.96799e-08 	-6.85473e-08 	0
0.0848794 	-1.90587e-08 	-6.81057e-08 	-1.33628e-31
0.0853261 	-1.84526e-08 	-6.7682e-08 	0
0.0857729 	-1.78383e-08 	-6.72698e-08 	7.4042e-30
0.0862196 	-1.72407e-08 	-6.68671e-08 	8.29199e-30
0.0866663 	-1.66363e-08 	-6.64824e-08 	0
0.0871131 	-1.60444e-08 	-6.61013e-08 	1.0355e-29
0.0875598 	-1.54521e-08 	-6.5743e-08 	0
0.0880065 	-1.48637e-08 	-6.53838e-08 	0
0.0884533 	-1.42826e-08 	-6.50515e-08 	0
0.0889 	-1.36989e-08 	-6.47199e-08 	-1.07652e-29
