0 	0 	0 	0
0.000446734 	-1.12888e-05 	0.000185568 	-7.3478e-27
0.000893467 	-2.25776e-05 	0.000371137 	-1.46956e-26
0.0013402 	-4.0715e-05 	0.000461219 	-1.64083e-26
0.00178693 	-6.53671e-05 	0.000460473 	-1.27607e-26
0.00223367 	-9.04376e-05 	0.000458047 	-9.11188e-27
0.0026804 	-0.000131827 	0.000390128 	-5.41162e-27
0.00312714 	-0.000173216 	0.000322208 	-1.71137e-27
0.00357387 	-0.000231232 	0.000268662 	0
0.0040206 	-0.000303556 	0.000227484 	0
0.00446734 	-0.000378249 	0.000189932 	0
0.00491407 	-0.000497962 	0.000221288 	0
0.0053608 	-0.000617674 	0.000252645 	0
0.00580754 	-0.000769707 	0.000325369 	0
0.00625427 	-0.000946879 	0.000430269 	0
0.00670101 	-0.00112862 	0.000539229 	-3.9016e-28
0.00714774 	-0.00136674 	0.000698257 	-5.59229e-27
0.00759447 	-0.00160486 	0.000857285 	-1.07944e-26
0.00804121 	-0.00187849 	0.0010362 	-1.53742e-26
0.00848794 	-0.00217706 	0.00122908 	-1.95171e-26
0.00893467 	-0.0024812 	0.00142373 	-2.27255e-26
0.00938141 	-0.00283552 	0.00163426 	-1.75234e-26
0.00982814 	-0.00318984 	0.0018448 	-1.23212e-26
0.0102749 	-0.00357208 	0.00205727 	-7.7679e-27
0.0107216 	-0.00397199 	0.00227096 	-3.62502e-27
0.0111683 	-0.00437568 	0.00248322 	1.86764e-29
0.0116151 	-0.00480575 	0.00268539 	1.68088e-28
0.0120618 	-0.00523582 	0.00288757 	3.17499e-28
0.0125085 	-0.00567342 	0.00307341 	1.01164e-27
0.0129553 	-0.00611531 	0.00324996 	2.01553e-27
0.013402 	-0.00655628 	0.00342094 	2.84642e-27
0.0138487 	-0.00699204 	0.00356033 	2.69701e-27
0.0142955 	-0.0074278 	0.00369973 	2.5476e-27
0.0147422 	-0.00784975 	0.00380965 	1.8321e-27
0.0151889 	-0.00826467 	0.00390456 	8.28209e-28
0.0156357 	-0.00867418 	0.00399122 	0
0.0160824 	-0.0090582 	0.00403896 	0
0.0165291 	-0.00944222 	0.0040867 	0
0.0169759 	-0.00980124 	0.00410286 	0
0.0174226 	-0.0101489 	0.00410465 	0
0.0178693 	-0.0104889 	0.00409803 	0
0.0183161 	-0.0107983 	0.00405771 	0
0.0187628 	-0.0111076 	0.0040174 	0
0.0192095 	-0.0113899 	0.00395069 	0
0.0196563 	-0.0116613 	0.00387333 	0
0.020103 	-0.0119244 	0.00378884 	0
0.0205497 	-0.0121591 	0.00367973 	0
0.0209965 	-0.0123938 	0.00357062 	0
0.0214432 	-0.0126026 	0.00344172 	0
0.0218899 	-0.0128021 	0.00330578 	0
0.0223367 	-0.0129933 	0.00316422 	1.35246e-27
0.0227834 	-0.0131594 	0.0030058 	6.76231e-27
0.0232302 	-0.0133255 	0.00284738 	1.21722e-26
0.0236769 	-0.0134671 	0.00267469 	1.78572e-26
0.0241236 	-0.0136011 	0.00249756 	2.36279e-26
0.0245704 	-0.0137267 	0.00231618 	2.6324e-26
0.0250171 	-0.0138301 	0.0021236 	2.09141e-26
0.0254638 	-0.0139335 	0.00193102 	1.55043e-26
0.0259106 	-0.0140139 	0.00172852 	1.98862e-26
0.0263573 	-0.014088 	0.00152335 	2.69103e-26
0.026804 	-0.0141537 	0.00131516 	3.58302e-26
0.0272508 	-0.0141997 	0.00109992 	4.91736e-26
0.0276975 	-0.0142458 	0.000884682 	6.2517e-26
0.0281442 	-0.0142697 	0.000663132 	5.46231e-26
0.028591 	-0.0142886 	0.000440125 	4.18283e-26
0.0290377 	-0.0142988 	0.000215304 	2.88551e-26
0.0294844 	-0.0142911 	-1.32881e-05 	1.55117e-26
0.0299312 	-0.0142834 	-0.00024188 	2.1683e-27
0.0303779 	-0.0142536 	-0.000473324 	0
0.0308246 	-0.0142195 	-0.000705321 	0
0.0312714 	-0.0141761 	-0.000937677 	0
0.0317181 	-0.0141153 	-0.0011707 	0
0.0321648 	-0.0140545 	-0.00140372 	0
0.0326116 	-0.0139698 	-0.00163518 	2.58501e-26
0.0330583 	-0.0138813 	-0.00186638 	5.58211e-26
0.033505 	-0.0137818 	-0.00209558 	8.55566e-26
0.0339518 	-0.0136638 	-0.00232141 	1.149e-25
0.0343985 	-0.0135459 	-0.00254725 	1.44242e-25
0.0348452 	-0.0133997 	-0.00276431 	1.20944e-25
0.035292 	-0.01325 	-0.00298025 	9.09731e-26
0.0357387 	-0.0130863 	-0.00318993 	6.12533e-26
0.0361854 	-0.0129016 	-0.00339021 	3.19104e-26
0.0366322 	-0.0127169 	-0.00359049 	2.5675e-27
0.0370789 	-0.012497 	-0.00376993 	-5.12094e-27
0.0375256 	-0.0122737 	-0.00394736 	-1.07329e-26
0.0379724 	-0.0120322 	-0.00411139 	-1.60921e-26
0.0384191 	-0.0117662 	-0.00425729 	-2.11091e-26
0.0388658 	-0.0115002 	-0.00440319 	-2.61261e-26
0.0393126 	-0.0111906 	-0.00451018 	-2.11785e-26
0.0397593 	-0.0108781 	-0.00461458 	-1.55665e-26
0.040206 	-0.0105435 	-0.00469552 	-1.02222e-26
0.0406528 	-0.0101819 	-0.0047478 	-5.20518e-27
0.0410995 	-0.00982031 	-0.00480008 	-1.88139e-28
0.0415462 	-0.00941146 	-0.00479255 	0
0.041993 	-0.00900076 	-0.00478269 	0
0.0424397 	-0.00856881 	-0.00473973 	0
0.0428864 	-0.00811335 	-0.0046602 	0
0.0433332 	-0.00765789 	-0.00458066 	0
0.0437799 	-0.00716851 	-0.00442981 	-1.27287e-27
0.0442266 	-0.0066787 	-0.00427805 	-2.56185e-27
0.0446734 	-0.00618054 	-0.00409269 	-3.5713e-27
0.0451201 	-0.00567403 	-0.00387373 	-4.30121e-27
0.0455668 	-0.00516761 	-0.00365411 	-5.00588e-27
0.0460136 	-0.00466894 	-0.00338236 	-3.7169e-27
0.0464603 	-0.00417027 	-0.00311061 	-2.42792e-27
0.046907 	-0.00369086 	-0.00282357 	-1.43245e-27
0.0473538 	-0.00322886 	-0.00252268 	-7.02538e-28
0.0478005 	-0.00276928 	-0.00222181 	-1.95004e-31
0.0482472 	-0.00237187 	-0.00192147 	-5.39512e-30
0.048694 	-0.00197446 	-0.00162113 	-1.05952e-29
0.0491407 	-0.00162372 	-0.00133733 	-2.16444e-29
0.0495874 	-0.00131117 	-0.00106706 	-3.74793e-29
0.0500342 	-0.00100438 	-0.000800077 	-5.19994e-29
0.0504809 	-0.000783882 	-0.000582282 	-4.67993e-29
0.0509276 	-0.000563384 	-0.000364488 	-4.15992e-29
0.0513744 	-0.000391869 	-0.000183336 	5.34016e-29
0.0518211 	-0.000256558 	-2.9269e-05 	2.14777e-28
0.0522678 	-0.000127262 	0.000119066 	3.84148e-28
0.0527146 	-6.07034e-05 	0.000207625 	6.36902e-28
0.0531613 	5.85575e-06 	0.000296184 	8.89656e-28
0.053608 	4.27769e-05 	0.00034686 	9.03434e-28
0.0540548 	5.99395e-05 	0.000372281 	7.57893e-28
0.0545015 	7.35159e-05 	0.000390863 	6.00291e-28
0.0549482 	5.88011e-05 	0.000355497 	3.47537e-28
0.055395 	4.40864e-05 	0.00032013 	9.47829e-29
0.0558417 	2.94933e-05 	0.000258193 	0
0.0562884 	1.49733e-05 	0.000180314 	0
0.0567352 	2.29724e-06 	0.000106907 	0
0.0571819 	1.18809e-06 	6.15576e-05 	0
0.0576286 	7.89353e-08 	1.62082e-05 	0
0.0580754 	-2.86119e-07 	2.46955e-07 	0
0.0585221 	-2.50506e-07 	1.10021e-07 	0
0.0589688 	-2.25172e-07 	-4.61147e-09 	-9.59021e-31
0.0594156 	-2.52813e-07 	-4.29835e-09 	-6.86069e-30
0.0598623 	-2.80453e-07 	-3.98522e-09 	-1.27624e-29
0.060309 	-2.89567e-07 	-4.05971e-09 	-1.98358e-29
0.0607558 	-2.8976e-07 	-4.32084e-09 	-2.74735e-29
0.0612025 	-2.89975e-07 	-4.66424e-09 	-3.25726e-29
0.0616492 	-2.90283e-07 	-5.36417e-09 	-2.66709e-29
0.062096 	-2.90592e-07 	-6.06411e-09 	-2.07692e-29
0.0625427 	-2.90804e-07 	-7.03496e-09 	-1.36524e-29
0.0629894 	-2.90974e-07 	-8.12192e-09 	-6.01468e-30
0.0634362 	-2.91084e-07 	-9.28252e-09 	0
0.0638829 	-2.90971e-07 	-1.0716e-08 	0
0.0643296 	-2.90857e-07 	-1.21496e-08 	0
0.0647764 	-2.9048e-07 	-1.38016e-08 	0
0.0652231 	-2.90002e-07 	-1.55364e-08 	0
0.0656698 	-2.89426e-07 	-1.73317e-08 	-1.83908e-30
0.0661166 	-2.88538e-07 	-1.93209e-08 	-9.58257e-30
0.0665633 	-2.8765e-07 	-2.13101e-08 	-1.73261e-29
0.0670101 	-2.86436e-07 	-2.34576e-08 	-2.56095e-29
0.0674568 	-2.85113e-07 	-2.56577e-08 	-3.40729e-29
0.0679035 	-2.83673e-07 	-2.79036e-08 	-3.8282e-29
0.0683503 	-2.81901e-07 	-3.02782e-08 	-3.05385e-29
0.068797 	-2.80129e-07 	-3.26527e-08 	-2.2795e-29
0.0692437 	-2.78004e-07 	-3.51403e-08 	-1.44936e-29
0.0696905 	-2.75775e-07 	-3.76609e-08 	-6.03018e-30
0.0701372 	-2.73414e-07 	-4.02177e-08 	0
0.0705839 	-2.70725e-07 	-4.28643e-08 	0
0.0710307 	-2.68036e-07 	-4.5511e-08 	0
0.0714774 	-2.64975e-07 	-4.82489e-08 	-8.9833e-30
0.0719241 	-2.61821e-07 	-5.10098e-08 	-2.02124e-29
0.0723709 	-2.58522e-07 	-5.38049e-08 	-3.16504e-29
0.0728176 	-2.54902e-07 	-5.66753e-08 	-4.35478e-29
0.0732643 	-2.51282e-07 	-5.95458e-08 	-5.54452e-29
0.0737111 	-2.47274e-07 	-6.25086e-08 	-4.82632e-29
0.0741578 	-2.43184e-07 	-6.5491e-08 	-3.70341e-29
0.0746045 	-2.38934e-07 	-6.85141e-08 	-2.55794e-29
0.0750513 	-2.34369e-07 	-7.16172e-08 	-1.3682e-29
0.075498 	-2.29805e-07 	-7.47203e-08 	-1.78461e-30
0.0759447 	-2.24834e-07 	-7.79389e-08 	0
0.0763915 	-2.19791e-07 	-8.11778e-08 	0
0.0768382 	-2.14572e-07 	-8.44739e-08 	0
0.0772849 	-2.09043e-07 	-8.78704e-08 	0
0.0777317 	-2.03514e-07 	-9.12669e-08 	0
0.0781784 	-1.97554e-07 	-9.48262e-08 	0
0.0786251 	-1.91533e-07 	-9.84088e-08 	0
0.0790719 	-1.85317e-07 	-1.02078e-07 	0
0.0795186 	-1.78796e-07 	-1.05883e-07 	0
0.0799653 	-1.72274e-07 	-1.09688e-07 	0
0.0804121 	-1.65297e-07 	-1.13734e-07 	0
0.0808588 	-1.5827e-07 	-1.17807e-07 	0
0.0813055 	-1.51032e-07 	-1.22014e-07 	0
0.0817523 	-1.43496e-07 	-1.2641e-07 	0
0.082199 	-1.3596e-07 	-1.30807e-07 	0
0.0826457 	-1.27957e-07 	-1.35565e-07 	0
0.0830925 	-1.19916e-07 	-1.40352e-07 	0
0.0835392 	-1.11662e-07 	-1.45345e-07 	0
0.0839859 	-1.03133e-07 	-1.50602e-07 	0
0.0844327 	-9.46037e-08 	-1.55859e-07 	0
0.0848794 	-8.56438e-08 	-1.61648e-07 	0
0.0853261 	-7.66611e-08 	-1.67465e-07 	0
0.0857729 	-6.74973e-08 	-1.73587e-07 	0
0.0862196 	-5.8123e-08 	-1.80062e-07 	0
0.0866663 	-4.87486e-08 	-1.86536e-07 	0
0.0871131 	-3.90855e-08 	-1.93737e-07 	0
0.0875598 	-2.94149e-08 	-2.00957e-07 	0
0.0880065 	-1.96653e-08 	-1.64548e-07 	0
0.0884533 	-9.83267e-09 	-8.22742e-08 	0
0.0889 	-3.08118e-22 	-3.02247e-21 	0
