0 	0 	0 	0
0.000446734 	-4.9165e-06 	0.000335924 	1.76905e-27
0.000893467 	-9.833e-06 	0.000671848 	3.53809e-27
0.0013402 	-2.13168e-05 	0.000868731 	3.8765e-27
0.00178693 	-3.90474e-05 	0.000933355 	2.85404e-27
0.00223367 	-5.67543e-05 	0.00099409 	1.83849e-27
0.0026804 	-7.35334e-05 	0.000903153 	1.09189e-27
0.00312714 	-9.03124e-05 	0.000812215 	3.453e-28
0.00357387 	-9.91538e-05 	0.000683451 	0
0.0040206 	-0.000101165 	0.000522137 	0
0.00446734 	-0.000102303 	0.000360261 	0
0.00491407 	-8.68529e-05 	0.000187694 	0
0.0053608 	-7.14022e-05 	1.51274e-05 	0
0.00580754 	-5.029e-05 	-0.000139654 	0
0.00625427 	-2.47742e-05 	-0.000280601 	0
0.00670101 	5.53304e-07 	-0.000417205 	-5.15125e-29
0.00714774 	2.35584e-05 	-0.000500241 	-7.38346e-28
0.00759447 	4.65635e-05 	-0.000583277 	-1.42518e-27
0.00804121 	6.09062e-05 	-0.000628781 	-2.15534e-27
0.00848794 	6.91669e-05 	-0.000647933 	-2.91591e-27
0.00893467 	7.51306e-05 	-0.00066185 	-3.53174e-27
0.00938141 	6.04214e-05 	-0.000628651 	-2.84491e-27
0.00982814 	4.57123e-05 	-0.000595452 	-2.15808e-27
0.0102749 	1.44503e-05 	-0.000541701 	-1.42608e-27
0.0107216 	-2.72839e-05 	-0.000474947 	-6.65503e-28
0.0111683 	-7.2695e-05 	-0.000405964 	-6.12049e-29
0.0116151 	-0.000143844 	-0.000321386 	-5.50844e-28
0.0120618 	-0.000214994 	-0.000236808 	-1.04048e-27
0.0125085 	-0.000306901 	-0.000145937 	-1.53581e-27
0.0129553 	-0.000410611 	-5.14882e-05 	-2.03438e-27
0.013402 	-0.000519912 	4.42759e-05 	-2.38472e-27
0.0138487 	-0.000660899 	0.000147494 	-1.89508e-27
0.0142955 	-0.000801885 	0.000250712 	-1.40544e-27
0.0147422 	-0.000971204 	0.000361285 	-9.09884e-28
0.0151889 	-0.00115496 	0.000475606 	-4.11317e-28
0.0156357 	-0.00134701 	0.0005923 	0
0.0160824 	-0.00157818 	0.000720176 	0
0.0165291 	-0.00180935 	0.000848053 	0
0.0169759 	-0.00207463 	0.000985633 	0
0.0174226 	-0.00235542 	0.00112762 	0
0.0178693 	-0.00264582 	0.00127202 	0
0.0183161 	-0.00297467 	0.00142602 	0
0.0187628 	-0.00330352 	0.00158001 	0
0.0192095 	-0.00366235 	0.00173916 	0
0.0196563 	-0.00403328 	0.00190039 	0
0.020103 	-0.00441136 	0.00206168 	0
0.0205497 	-0.00481405 	0.0022232 	0
0.0209965 	-0.00521675 	0.00238472 	0
0.0214432 	-0.00563279 	0.00254047 	0
0.0218899 	-0.00605359 	0.00269417 	0
0.0223367 	-0.00647508 	0.00284388 	2.84776e-28
0.0227834 	-0.00689865 	0.00298161 	1.42388e-27
0.0232302 	-0.00732222 	0.00311935 	2.56298e-27
0.0236769 	-0.00773644 	0.0032396 	4.03772e-27
0.0241236 	-0.00814774 	0.0033544 	5.617e-27
0.0245704 	-0.00855208 	0.00346153 	6.44873e-27
0.0250171 	-0.0089381 	0.00354844 	5.30963e-27
0.0254638 	-0.00932413 	0.00363535 	4.17052e-27
0.0259106 	-0.00968256 	0.00369832 	6.54622e-27
0.0263573 	-0.0100336 	0.00375484 	9.87037e-27
0.026804 	-0.0103723 	0.00380222 	1.39004e-26
0.0272508 	-0.0106823 	0.00382827 	1.95776e-26
0.0276975 	-0.0109923 	0.00385432 	2.52547e-26
0.0281442 	-0.0112672 	0.0038572 	2.23352e-26
0.028591 	-0.011534 	0.00385474 	1.74318e-26
0.0290377 	-0.011787 	0.0038441 	1.22769e-26
0.0294844 	-0.0120115 	0.0038165 	6.59971e-27
0.0299312 	-0.012236 	0.0037889 	9.2254e-28
0.0303779 	-0.0124277 	0.00374375 	0
0.0308246 	-0.012613 	0.00369519 	0
0.0312714 	-0.0127861 	0.00364083 	0
0.0317181 	-0.0129368 	0.00357568 	0
0.0321648 	-0.0130874 	0.00351054 	0
0.0326116 	-0.0132125 	0.00343465 	1.3963e-26
0.0330583 	-0.0133335 	0.00335704 	3.01519e-26
0.033505 	-0.0134453 	0.00327609 	4.63746e-26
0.0339518 	-0.0135416 	0.00318959 	6.26533e-26
0.0343985 	-0.0136379 	0.00310309 	7.89321e-26
0.0348452 	-0.0137161 	0.00301124 	6.63957e-26
0.035292 	-0.013792 	0.00291872 	5.02068e-26
0.0357387 	-0.0138612 	0.00282467 	3.39819e-26
0.0361854 	-0.0139203 	0.0027283 	1.77031e-26
0.0366322 	-0.0139794 	0.00263194 	1.42439e-27
0.0370789 	-0.0140257 	0.00253345 	-3.55983e-27
0.0375256 	-0.0140708 	0.00243476 	-7.46101e-27
0.0379724 	-0.0141107 	0.0023355 	-1.13514e-26
0.0384191 	-0.0141437 	0.00223546 	-1.52273e-26
0.0388658 	-0.0141768 	0.00213543 	-1.91031e-26
0.0393126 	-0.0141998 	0.00203463 	-1.5688e-26
0.0397593 	-0.0142221 	0.00193378 	-1.17868e-26
0.040206 	-0.01424 	0.00183267 	-7.89701e-27
0.0406528 	-0.0142525 	0.00173123 	-4.02118e-27
0.0410995 	-0.0142651 	0.00162979 	-1.45344e-28
0.0415462 	-0.0142687 	0.00152777 	0
0.041993 	-0.014272 	0.00142572 	0
0.0424397 	-0.014271 	0.00132329 	0
0.0428864 	-0.0142653 	0.00122045 	0
0.0433332 	-0.0142595 	0.0011176 	0
0.0437799 	-0.0142451 	0.00101367 	-3.87744e-27
0.0442266 	-0.0142305 	0.000909728 	-7.80397e-27
0.0446734 	-0.0142115 	0.000805043 	-1.17687e-26
0.0451201 	-0.014188 	0.000699618 	-1.57717e-26
0.0455668 	-0.0141645 	0.000594169 	-1.96755e-26
0.0460136 	-0.0141321 	0.000486831 	-1.5749e-26
0.0464603 	-0.0140997 	0.000379493 	-1.18225e-26
0.046907 	-0.0140625 	0.00027091 	-7.8558e-27
0.0473538 	-0.0140209 	0.000161202 	-3.85284e-27
0.0478005 	-0.0139791 	5.13871e-05 	1.63057e-28
0.0482472 	-0.0139281 	-6.11633e-05 	4.51123e-27
0.048694 	-0.0138772 	-0.000173714 	8.85941e-27
0.0491407 	-0.013821 	-0.000288083 	1.32807e-26
0.0495874 	-0.0137604 	-0.000403941 	1.77619e-26
0.0500342 	-0.0136991 	-0.000520031 	2.16912e-26
0.0504809 	-0.0136284 	-0.000639601 	1.73431e-26
0.0509276 	-0.0135576 	-0.000759171 	1.29949e-26
0.0513744 	-0.0134807 	-0.000881041 	1.4298e-26
0.0518211 	-0.0133992 	-0.00100461 	1.97781e-26
0.0522678 	-0.0133168 	-0.00112854 	2.56823e-26
0.0527146 	-0.013224 	-0.00125623 	3.601e-26
0.0531613 	-0.0131312 	-0.00138392 	4.63376e-26
0.053608 	-0.0130312 	-0.00151402 	4.44919e-26
0.0540548 	-0.0129263 	-0.00164573 	3.45307e-26
0.0545015 	-0.0128199 	-0.00177785 	2.45282e-26
0.0549482 	-0.0127019 	-0.00191318 	1.42005e-26
0.055395 	-0.012584 	-0.00204851 	3.87287e-27
0.0558417 	-0.0124572 	-0.00218562 	0
0.0562884 	-0.0123252 	-0.00232378 	0
0.0567352 	-0.0121911 	-0.00246216 	0
0.0571819 	-0.0120438 	-0.00260189 	0
0.0576286 	-0.0118965 	-0.00274162 	0
0.0580754 	-0.0117386 	-0.00288114 	0
0.0585221 	-0.0115748 	-0.00302055 	0
0.0589688 	-0.0114082 	-0.00315948 	-1.81925e-27
0.0594156 	-0.0112267 	-0.00329596 	-1.30146e-26
0.0598623 	-0.0110452 	-0.00343245 	-2.421e-26
0.060309 	-0.0108508 	-0.00356462 	-3.52814e-26
0.0607558 	-0.0106502 	-0.00369472 	-4.6293e-26
0.0612025 	-0.0104457 	-0.0038228 	-5.31408e-26
0.0616492 	-0.0102246 	-0.00394207 	-4.19454e-26
0.062096 	-0.0100035 	-0.00406135 	-3.075e-26
0.0625427 	-0.00976698 	-0.00416918 	-1.96833e-26
0.0629894 	-0.00952393 	-0.00427209 	-8.67165e-27
0.0634362 	-0.00927592 	-0.00437011 	0
0.0638829 	-0.00900956 	-0.00444994 	0
0.0643296 	-0.00874321 	-0.00452978 	0
0.0647764 	-0.00845909 	-0.00458718 	0
0.0652231 	-0.00816824 	-0.00463607 	0
0.0656698 	-0.00787142 	-0.00467554 	-8.43123e-28
0.0661166 	-0.00755544 	-0.00468475 	-4.39311e-27
0.0665633 	-0.00723947 	-0.00469395 	-7.9431e-27
0.0670101 	-0.00690514 	-0.00466674 	-1.10146e-26
0.0674568 	-0.00656469 	-0.00462739 	-1.39267e-26
0.0679035 	-0.00621862 	-0.0045733 	-1.51424e-26
0.0683503 	-0.00585675 	-0.00447781 	-1.15925e-26
0.068797 	-0.00549488 	-0.00438233 	-8.04247e-27
0.0692437 	-0.0051217 	-0.00424023 	-4.98688e-27
0.0696905 	-0.00474524 	-0.00408461 	-2.07483e-27
0.0701372 	-0.00436799 	-0.00391238 	0
0.0705839 	-0.00398876 	-0.003699 	0
0.0710307 	-0.00360953 	-0.00348562 	0
0.0714774 	-0.00324166 	-0.00323509 	-6.2267e-28
0.0719241 	-0.00287662 	-0.00297526 	-1.40101e-27
0.0723709 	-0.00252236 	-0.00270747 	-2.10369e-27
0.0728176 	-0.00219181 	-0.00242215 	-2.63995e-27
0.0732643 	-0.00186127 	-0.00213683 	-3.1762e-27
0.0737111 	-0.00157526 	-0.00185358 	-2.62792e-27
0.0741578 	-0.0012987 	-0.00157078 	-1.84958e-27
0.0746045 	-0.00104484 	-0.00129864 	-1.15294e-27
0.0750513 	-0.000835524 	-0.00104744 	-6.16691e-28
0.075498 	-0.000626209 	-0.000796233 	-8.0438e-29
0.0759447 	-0.000476451 	-0.000591514 	0
0.0763915 	-0.000337203 	-0.000394998 	0
0.0768382 	-0.000220503 	-0.000223109 	0
0.0772849 	-0.000143456 	-9.45291e-05 	0
0.0777317 	-6.64088e-05 	3.40512e-05 	0
0.0781784 	-3.07531e-05 	9.86543e-05 	0
0.0786251 	-1.01046e-06 	0.000154118 	0
0.0790719 	1.72141e-05 	0.000181937 	0
0.0795186 	1.72326e-05 	0.000166061 	0
0.0799653 	1.72511e-05 	0.000150185 	0
0.0804121 	1.17444e-05 	0.000109781 	0
0.0808588 	5.6237e-06 	6.66528e-05 	0
0.0813055 	1.6598e-06 	3.41492e-05 	0
0.0817523 	7.6768e-07 	1.6778e-05 	0
0.082199 	-1.24445e-07 	-5.93184e-07 	0
0.0826457 	-1.41304e-07 	-1.23905e-06 	0
0.0830925 	-8.71947e-08 	-5.28803e-07 	0
0.0835392 	-5.92151e-08 	-1.38792e-07 	0
0.0839859 	-6.48303e-08 	-1.60508e-07 	0
0.0844327 	-7.04455e-08 	-1.82224e-07 	0
0.0848794 	-6.65249e-08 	-2.05261e-07 	0
0.0853261 	-6.21024e-08 	-2.28368e-07 	0
0.0857729 	-5.6649e-08 	-2.52424e-07 	0
0.0862196 	-4.99975e-08 	-2.77584e-07 	0
0.0866663 	-4.3346e-08 	-3.02744e-07 	0
0.0871131 	-3.51291e-08 	-3.3042e-07 	0
0.0875598 	-2.6872e-08 	-3.58161e-07 	0
0.0880065 	-1.82033e-08 	-2.99399e-07 	0
0.0884533 	-9.10163e-09 	-1.497e-07 	0
0.0889 	-2.9279e-22 	-5.639e-21 	0
