0 	0 	0 	0
0.000446734 	-8.82455e-05 	0.000374959 	0
0.000893467 	-0.000213502 	0.000678441 	2.30396e-26
0.0013402 	-0.000364968 	0.000948417 	1.29867e-26
0.00178693 	-0.000431688 	0.00129821 	1.47965e-25
0.00223367 	-0.000508032 	0.00163477 	3.74339e-25
0.0026804 	-0.00045671 	0.00203891 	4.95423e-25
0.00312714 	-0.000377448 	0.00245034 	4.2938e-25
0.00357387 	-0.000247326 	0.00279625 	3.7561e-25
0.0040206 	-4.1414e-05 	0.00312365 	2.5325e-26
0.00446734 	0.000102146 	0.00329421 	-2.7433e-25
0.00491407 	0.000332878 	0.00337762 	-4.04104e-25
0.0053608 	0.000462301 	0.00332991 	-5.74225e-25
0.00580754 	0.000633527 	0.00312245 	-4.99149e-25
0.00625427 	0.000733945 	0.00282927 	-1.8644e-25
0.00670101 	0.000793736 	0.00238284 	-1.77433e-26
0.00714774 	0.000878615 	0.00182339 	7.29199e-26
0.00759447 	0.000851847 	0.00120161 	1.79138e-25
0.00804121 	0.00095789 	0.000396213 	6.40311e-26
0.00848794 	0.000923839 	-0.000379724 	1.02639e-26
0.00893467 	0.00102104 	-0.00131201 	1.07597e-26
0.00938141 	0.001068 	-0.00221368 	1.53031e-25
0.00982814 	0.00108504 	-0.00310263 	1.56374e-25
0.0102749 	0.00109518 	-0.00391652 	3.45572e-25
0.0107216 	0.00101903 	-0.00458607 	3.94485e-25
0.0111683 	0.000905359 	-0.00500652 	2.27208e-25
0.0116151 	0.000689627 	-0.00516214 	2.29242e-25
0.0120618 	0.000382236 	-0.00489468 	5.40433e-26
0.0125085 	0.000117931 	-0.00410589 	1.6478e-26
0.0129553 	2.41335e-05 	-0.00247118 	-1.90347e-26
0.013402 	7.43334e-06 	-0.000722367 	0
0.0138487 	5.9345e-08 	-6.93491e-07 	-8.22968e-29
0.0142955 	1.23322e-07 	-5.11313e-07 	0
0.0147422 	1.48874e-07 	-3.8813e-07 	-9.34124e-30
0.0151889 	1.35024e-07 	-3.95298e-07 	-2.93061e-29
0.0156357 	1.18413e-07 	-3.97685e-07 	0
0.0160824 	1.00165e-07 	-3.98188e-07 	0
0.0165291 	8.13873e-08 	-3.94017e-07 	0
0.0169759 	6.30511e-08 	-3.89626e-07 	0
0.0174226 	4.73708e-08 	-3.82705e-07 	8.136e-29
0.0178693 	3.1606e-08 	-3.75081e-07 	4.02372e-28
0.0183161 	1.8329e-08 	-3.67435e-07 	9.56069e-28
0.0187628 	5.57481e-09 	-3.58353e-07 	1.16586e-27
0.0192095 	-5.67293e-09 	-3.50345e-07 	1.13078e-27
0.0196563 	-1.56141e-08 	-3.41252e-07 	9.22833e-28
0.020103 	-2.50379e-08 	-3.33054e-07 	4.9757e-28
0.0205497 	-3.2729e-08 	-3.24613e-07 	9.24812e-29
0.0209965 	-4.0454e-08 	-3.1641e-07 	7.11881e-29
0.0214432 	-4.64175e-08 	-3.08753e-07 	0
0.0218899 	-5.23054e-08 	-3.00916e-07 	0
0.0223367 	-5.72527e-08 	-2.9391e-07 	0
0.0227834 	-6.16496e-08 	-2.86594e-07 	0
0.0232302 	-6.57044e-08 	-2.80103e-07 	0
0.0236769 	-6.89719e-08 	-2.73463e-07 	0
0.0241236 	-7.22172e-08 	-2.67374e-07 	0
0.0245704 	-7.46694e-08 	-2.61472e-07 	0
0.0250171 	-7.71811e-08 	-2.55716e-07 	0
0.0254638 	-7.89938e-08 	-2.50445e-07 	0
0.0259106 	-8.07716e-08 	-2.45123e-07 	0
0.0263573 	-8.2192e-08 	-2.40297e-07 	0
0.026804 	-8.33654e-08 	-2.35399e-07 	0
0.0272508 	-8.445e-08 	-2.30922e-07 	0
0.0276975 	-8.5166e-08 	-2.26434e-07 	0
0.0281442 	-8.59293e-08 	-2.22236e-07 	-2.53809e-29
0.028591 	-8.63405e-08 	-2.18167e-07 	0
0.0290377 	-8.67946e-08 	-2.1419e-07 	-8.61765e-29
0.0294844 	-8.69605e-08 	-2.10474e-07 	0
0.0299312 	-8.71181e-08 	-2.06748e-07 	-3.70308e-29
0.0303779 	-8.71223e-08 	-2.03289e-07 	0
0.0308246 	-8.70239e-08 	-1.99812e-07 	-1.78074e-29
0.0312714 	-8.69014e-08 	-1.96552e-07 	-2.89633e-30
0.0317181 	-8.66037e-08 	-1.93302e-07 	-1.2569e-30
0.0321648 	-8.63513e-08 	-1.90204e-07 	-1.94468e-29
0.0326116 	-8.59347e-08 	-1.87183e-07 	0
0.0330583 	-8.55498e-08 	-1.84219e-07 	3.35121e-29
0.033505 	-8.50393e-08 	-1.81396e-07 	0
0.0339518 	-8.45313e-08 	-1.78574e-07 	3.49657e-29
0.0343985 	-8.39565e-08 	-1.75905e-07 	0
0.0348452 	-8.33381e-08 	-1.73232e-07 	0
0.035292 	-8.27207e-08 	-1.7068e-07 	0
0.0357387 	-8.20154e-08 	-1.68143e-07 	0
0.0361854 	-8.1347e-08 	-1.65689e-07 	0
0.0366322 	-8.0598e-08 	-1.63288e-07 	0
0.0370789 	-7.98761e-08 	-1.60921e-07 	0
0.0375256 	-7.9098e-08 	-1.5864e-07 	0
0.0379724 	-7.83262e-08 	-1.5636e-07 	0
0.0384191 	-7.75294e-08 	-1.5418e-07 	0
0.0388658 	-7.6713e-08 	-1.52e-07 	0
0.0393126 	-7.59081e-08 	-1.49894e-07 	0
0.0397593 	-7.5058e-08 	-1.47806e-07 	-5.64291e-30
0.040206 	-7.42396e-08 	-1.45767e-07 	-9.61193e-30
0.0406528 	-7.33779e-08 	-1.43768e-07 	0
0.0410995 	-7.2542e-08 	-1.4179e-07 	-4.29247e-29
0.0415462 	-7.16803e-08 	-1.39873e-07 	0
0.041993 	-7.08268e-08 	-1.37955e-07 	-9.83373e-31
0.0424397 	-6.9969e-08 	-1.36111e-07 	0
0.0428864 	-6.91016e-08 	-1.34267e-07 	3.73004e-29
0.0433332 	-6.82512e-08 	-1.32475e-07 	-4.21009e-30
0.0437799 	-6.73753e-08 	-1.30701e-07 	-4.05094e-29
0.0442266 	-6.65286e-08 	-1.28958e-07 	-4.05519e-29
0.0446734 	-6.56556e-08 	-1.27249e-07 	-7.71721e-29
0.0451201 	-6.48085e-08 	-1.25554e-07 	-1.1325e-28
0.0455668 	-6.39487e-08 	-1.23906e-07 	-5.36316e-29
0.0460136 	-6.30983e-08 	-1.22258e-07 	-6.57767e-29
0.0464603 	-6.22534e-08 	-1.20666e-07 	-2.35835e-29
0.046907 	-6.14035e-08 	-1.19075e-07 	0
0.0473538 	-6.05728e-08 	-1.17526e-07 	0
0.0478005 	-5.97263e-08 	-1.1599e-07 	0
0.0482472 	-5.89073e-08 	-1.1448e-07 	0
0.048694 	-5.80697e-08 	-1.12998e-07 	0
0.0491407 	-5.72584e-08 	-1.11526e-07 	0
0.0495874 	-5.64396e-08 	-1.10092e-07 	0
0.0500342 	-5.56316e-08 	-1.08659e-07 	0
0.0504809 	-5.48321e-08 	-1.07272e-07 	0
0.0509276 	-5.40307e-08 	-1.05884e-07 	0
0.0513744 	-5.32487e-08 	-1.04534e-07 	0
0.0518211 	-5.2456e-08 	-1.03194e-07 	0
0.0522678 	-5.16892e-08 	-1.01875e-07 	0
0.0527146 	-5.09073e-08 	-1.00581e-07 	0
0.0531613 	-5.01516e-08 	-9.92945e-08 	0
0.053608 	-4.93902e-08 	-9.8041e-08 	0
0.0540548 	-4.8641e-08 	-9.67883e-08 	0
0.0545015 	-4.79001e-08 	-9.55739e-08 	0
0.0549482 	-4.71594e-08 	-9.43589e-08 	0
0.055395 	-4.64371e-08 	-9.31775e-08 	0
0.0558417 	-4.57073e-08 	-9.20038e-08 	0
0.0562884 	-4.50014e-08 	-9.08496e-08 	0
0.0567352 	-4.4283e-08 	-8.9716e-08 	0
0.0571819 	-4.35889e-08 	-8.85901e-08 	0
0.0576286 	-4.28898e-08 	-8.74921e-08 	0
0.0580754 	-4.22041e-08 	-8.63953e-08 	0
0.0585221 	-4.15251e-08 	-8.53314e-08 	0
0.0589688 	-4.0848e-08 	-8.42661e-08 	0
0.0594156 	-4.01876e-08 	-8.32326e-08 	0
0.0598623 	-3.95218e-08 	-8.2204e-08 	0
0.060309 	-3.88772e-08 	-8.11943e-08 	0
0.0607558 	-3.82228e-08 	-8.02012e-08 	0
0.0612025 	-3.75904e-08 	-7.92162e-08 	0
0.0616492 	-3.69528e-08 	-7.82552e-08 	0
0.062096 	-3.63295e-08 	-7.72958e-08 	0
0.0625427 	-3.57108e-08 	-7.63648e-08 	0
0.0629894 	-3.50952e-08 	-7.54321e-08 	0
0.0634362 	-3.44945e-08 	-7.45296e-08 	0
0.0638829 	-3.38898e-08 	-7.36296e-08 	0
0.0643296 	-3.33037e-08 	-7.27483e-08 	0
0.0647764 	-3.27096e-08 	-7.188e-08 	0
0.0652231 	-3.21355e-08 	-7.10205e-08 	0
0.0656698 	-3.15556e-08 	-7.01815e-08 	0
0.0661166 	-3.09906e-08 	-6.93446e-08 	0
0.0665633 	-3.0428e-08 	-6.85325e-08 	0
0.0670101 	-2.98698e-08 	-6.77189e-08 	0
0.0674568 	-2.93239e-08 	-6.69331e-08 	0
0.0679035 	-2.87754e-08 	-6.61482e-08 	0
0.0683503 	-2.82429e-08 	-6.5382e-08 	0
0.068797 	-2.7704e-08 	-6.46257e-08 	0
0.0692437 	-2.7183e-08 	-6.38789e-08 	0
0.0696905 	-2.66556e-08 	-6.31496e-08 	0
0.0701372 	-2.61433e-08 	-6.24229e-08 	0
0.0705839 	-2.56314e-08 	-6.1718e-08 	0
0.0710307 	-2.51252e-08 	-6.10122e-08 	0
0.0714774 	-2.46281e-08 	-6.0331e-08 	0
0.0719241 	-2.41298e-08 	-5.96501e-08 	0
0.0723709 	-2.36453e-08 	-5.8988e-08 	0
0.0728176 	-2.31554e-08 	-5.8333e-08 	0
0.0732643 	-2.26815e-08 	-5.76881e-08 	0
0.0737111 	-2.22006e-08 	-5.70581e-08 	0
0.0741578 	-2.17349e-08 	-5.64313e-08 	0
0.0746045 	-2.12675e-08 	-5.58234e-08 	0
0.0750513 	-2.08069e-08 	-5.52156e-08 	0
0.075498 	-2.03527e-08 	-5.46295e-08 	0
0.0759447 	-1.98984e-08 	-5.40432e-08 	0
0.0763915 	-1.94554e-08 	-5.34755e-08 	0
0.0768382 	-1.90083e-08 	-5.29128e-08 	0
0.0772849 	-1.85751e-08 	-5.23608e-08 	0
0.0777317 	-1.81349e-08 	-5.1821e-08 	0
0.0781784 	-1.77087e-08 	-5.12856e-08 	0
0.0786251 	-1.72797e-08 	-5.07664e-08 	0
0.0790719 	-1.68582e-08 	-5.02481e-08 	0
0.0795186 	-1.64404e-08 	-4.97489e-08 	0
0.0799653 	-1.60236e-08 	-4.92492e-08 	0
0.0804121 	-1.56159e-08 	-4.87682e-08 	0
0.0808588 	-1.52048e-08 	-4.82901e-08 	0
0.0813055 	-1.48056e-08 	-4.78235e-08 	0
0.0817523 	-1.44e-08 	-4.73666e-08 	0
0.082199 	-1.40068e-08 	-4.69151e-08 	0
0.0826457 	-1.36098e-08 	-4.64776e-08 	0
0.0830925 	-1.32208e-08 	-4.60417e-08 	-7.24965e-30
0.0835392 	-1.28331e-08 	-4.56228e-08 	0
0.0839859 	-1.24473e-08 	-4.52032e-08 	-2.0097e-29
0.0844327 	-1.20684e-08 	-4.48021e-08 	0
0.0848794 	-1.16869e-08 	-4.44025e-08 	-8.94087e-32
0.0853261 	-1.1315e-08 	-4.4015e-08 	0
0.0857729 	-1.09374e-08 	-4.36349e-08 	4.44588e-30
0.0862196 	-1.05709e-08 	-4.32615e-08 	4.97896e-30
0.0866663 	-1.01993e-08 	-4.28998e-08 	0
0.0871131 	-9.83613e-09 	-4.25407e-08 	6.21325e-30
0.0875598 	-9.47224e-09 	-4.21967e-08 	0
0.0880065 	-9.11094e-09 	-4.18521e-08 	0
0.0884533 	-8.75423e-09 	-4.15256e-08 	0
0.0889 	-8.39567e-09 	-4.11994e-08 	-6.4352e-30
