0 	0 	0 	0
0.000446734 	-1.03635e-06 	0.00030749 	1.51318e-27
0.000893467 	-2.0727e-06 	0.000614979 	3.02635e-27
0.0013402 	-7.65106e-06 	0.000790969 	3.30596e-27
0.00178693 	-1.75499e-05 	0.000841874 	2.41218e-27
0.00223367 	-2.73827e-05 	0.00088904 	1.52525e-27
0.0026804 	-3.46409e-05 	0.000790401 	9.05859e-28
0.00312714 	-4.18991e-05 	0.000691761 	2.86468e-28
0.00357387 	-4.153e-05 	0.000557628 	0
0.0040206 	-3.45978e-05 	0.000392954 	0
0.00446734 	-2.69626e-05 	0.000228068 	0
0.00491407 	-5.96999e-06 	5.91445e-05 	0
0.0053608 	1.50226e-05 	-0.000109779 	0
0.00580754 	3.79603e-05 	-0.000255333 	0
0.00625427 	6.24108e-05 	-0.000382711 	0
0.00670101 	8.59967e-05 	-0.000505024 	-5.97307e-29
0.00714774 	9.89204e-05 	-0.000564868 	-8.5614e-28
0.00759447 	0.000111844 	-0.000624713 	-1.65255e-27
0.00804121 	0.000110492 	-0.000643801 	-2.49078e-27
0.00848794 	9.9116e-05 	-0.000634272 	-3.35837e-27
0.00893467 	8.45753e-05 	-0.000619442 	-4.05956e-27
0.00938141 	4.15518e-05 	-0.000556897 	-3.26315e-27
0.00982814 	-1.47165e-06 	-0.000494352 	-2.46674e-27
0.0102749 	-6.5987e-05 	-0.000412249 	-1.62673e-27
0.0107216 	-0.000144099 	-0.000317773 	-7.59141e-28
0.0111683 	-0.000226977 	-0.00022117 	-6.36909e-29
0.0116151 	-0.000343214 	-0.000109676 	-5.73218e-28
0.0120618 	-0.000459452 	1.81833e-06 	-1.08274e-27
0.0125085 	-0.000603025 	0.000120596 	-1.56901e-27
0.0129553 	-0.000762142 	0.000243514 	-2.04204e-27
0.013402 	-0.000928602 	0.000368274 	-2.36769e-27
0.0138487 	-0.00113667 	0.000503471 	-1.85816e-27
0.0142955 	-0.00134474 	0.000638668 	-1.34863e-27
0.0147422 	-0.00158875 	0.000783725 	-8.63283e-28
0.0151889 	-0.00185106 	0.000933804 	-3.90251e-28
0.0156357 	-0.00212322 	0.00108661 	0
0.0160824 	-0.00244178 	0.00125229 	0
0.0165291 	-0.00276033 	0.00141796 	0
0.0169759 	-0.00311533 	0.0015923 	0
0.0174226 	-0.00348689 	0.00177059 	0
0.0178693 	-0.00386721 	0.00195005 	0
0.0183161 	-0.00428258 	0.00213417 	0
0.0187628 	-0.00469795 	0.00231829 	0
0.0192095 	-0.00513427 	0.00249979 	0
0.0196563 	-0.00557904 	0.00268022 	0
0.020103 	-0.00602644 	0.00285746 	0
0.0205497 	-0.00648292 	0.00302368 	0
0.0209965 	-0.0069394 	0.0031899 	0
0.0214432 	-0.00739094 	0.00333846 	0
0.0218899 	-0.00784071 	0.00348073 	0
0.0223367 	-0.00828467 	0.00361516 	5.17082e-28
0.0227834 	-0.00871114 	0.00372605 	2.58541e-27
0.0232302 	-0.00913762 	0.00383695 	4.65374e-27
0.0236769 	-0.00953649 	0.00392063 	7.1053e-27
0.0241236 	-0.00992677 	0.00399585 	9.67624e-27
0.0245704 	-0.0103048 	0.00406097 	1.09714e-26
0.0250171 	-0.0106507 	0.00409951 	8.90305e-27
0.0254638 	-0.0109966 	0.00413804 	6.83472e-27
0.0259106 	-0.0113048 	0.00414917 	9.78446e-27
0.0263573 	-0.0116028 	0.0041529 	1.40883e-26
0.026804 	-0.0118866 	0.00414739 	1.93623e-26
0.0272508 	-0.0121374 	0.00412029 	2.68999e-26
0.0276975 	-0.0123881 	0.00409318 	3.44376e-26
0.0281442 	-0.0126033 	0.00404519 	3.02651e-26
0.028591 	-0.0128103 	0.00399237 	2.33904e-26
0.0290377 	-0.0130048 	0.00393297 	1.63002e-26
0.0294844 	-0.0131733 	0.00385989 	8.76252e-27
0.0299312 	-0.0133418 	0.00378681 	1.22487e-27
0.0303779 	-0.0134829 	0.00370105 	0
0.0308246 	-0.0136186 	0.00361282 	0
0.0312714 	-0.0137448 	0.00352083 	0
0.0317181 	-0.0138534 	0.00342184 	0
0.0321648 	-0.013962 	0.00332285 	0
0.0326116 	-0.0140513 	0.00321758 	1.59306e-26
0.0330583 	-0.0141375 	0.0031113 	3.44009e-26
0.033505 	-0.0142167 	0.00300324 	5.28768e-26
0.0339518 	-0.0142844 	0.00289223 	7.13619e-26
0.0343985 	-0.014352 	0.00278121 	8.9847e-26
0.0348452 	-0.0144058 	0.00266755 	7.55342e-26
0.035292 	-0.0144577 	0.00255354 	5.70639e-26
0.0357387 	-0.0145042 	0.00243877 	3.85876e-26
0.0361854 	-0.0145426 	0.00232286 	2.01025e-26
0.0366322 	-0.0145809 	0.00220695 	1.61745e-27
0.0370789 	-0.014608 	0.00208982 	-4.07074e-27
0.0375256 	-0.014634 	0.00197258 	-8.53183e-27
0.0379724 	-0.0146552 	0.00185487 	-1.30015e-26
0.0384191 	-0.0146699 	0.00173651 	-1.74828e-26
0.0388658 	-0.0146845 	0.00161815 	-2.19642e-26
0.0393126 	-0.014689 	0.00149869 	-1.8062e-26
0.0397593 	-0.0146928 	0.00137916 	-1.36009e-26
0.040206 	-0.0146919 	0.001259 	-9.13069e-27
0.0406528 	-0.0146852 	0.00113807 	-4.64937e-27
0.0410995 	-0.0146784 	0.00101714 	-1.6805e-28
0.0415462 	-0.0146617 	0.000894527 	0
0.041993 	-0.0146446 	0.000771848 	0
0.0424397 	-0.0146225 	0.000648141 	0
0.0428864 	-0.0145949 	0.000523297 	0
0.0433332 	-0.0145674 	0.000398454 	0
0.0437799 	-0.0145294 	0.000271039 	-4.87259e-27
0.0442266 	-0.0144912 	0.000143593 	-9.80686e-27
0.0446734 	-0.0144476 	1.46286e-05 	-1.47971e-26
0.0451201 	-0.0143986 	-0.000115853 	-1.98434e-26
0.0455668 	-0.0143494 	-0.000246378 	-2.4765e-26
0.0460136 	-0.0142891 	-0.000380285 	-1.98307e-26
0.0464603 	-0.0142288 	-0.000514192 	-1.48964e-26
0.046907 	-0.0141623 	-0.000650043 	-9.90335e-27
0.0473538 	-0.0140901 	-0.000787653 	-4.85706e-27
0.0478005 	-0.0140175 	-0.000925405 	2.04951e-28
0.0482472 	-0.0139328 	-0.00106681 	5.67031e-27
0.048694 	-0.0138481 	-0.00120822 	1.11357e-26
0.0491407 	-0.0137561 	-0.00135164 	1.66832e-26
0.0495874 	-0.0136581 	-0.0014967 	2.22979e-26
0.0500342 	-0.0135592 	-0.00164196 	2.72201e-26
0.0504809 	-0.013447 	-0.00179022 	2.17547e-26
0.0509276 	-0.0133347 	-0.00193848 	1.62893e-26
0.0513744 	-0.0132136 	-0.0020881 	1.77847e-26
0.0518211 	-0.013086 	-0.00223872 	2.44248e-26
0.0522678 	-0.0129569 	-0.00238943 	3.15728e-26
0.0527146 	-0.0128128 	-0.00254109 	4.4016e-26
0.0531613 	-0.0126687 	-0.00269274 	5.64592e-26
0.053608 	-0.012514 	-0.00284387 	5.40835e-26
0.0540548 	-0.0123521 	-0.00299465 	4.18287e-26
0.0545015 	-0.0121882 	-0.00314504 	2.95526e-26
0.0549482 	-0.0120072 	-0.00329233 	1.71094e-26
0.055395 	-0.0118263 	-0.00343961 	4.6662e-27
0.0558417 	-0.0116325 	-0.00358255 	0
0.0562884 	-0.011431 	-0.00372288 	0
0.0567352 	-0.0112264 	-0.00386164 	0
0.0571819 	-0.0110028 	-0.00399057 	0
0.0576286 	-0.0107792 	-0.00411951 	0
0.0580754 	-0.01054 	-0.00423743 	0
0.0585221 	-0.0102926 	-0.00434942 	0
0.0589688 	-0.0100409 	-0.00445756 	-1.58897e-27
0.0594156 	-0.00976788 	-0.00454587 	-1.13672e-26
0.0598623 	-0.00949483 	-0.00463417 	-2.11455e-26
0.060309 	-0.00920343 	-0.00470116 	-3.02096e-26
0.0607558 	-0.00890319 	-0.00475787 	-3.89298e-26
0.0612025 	-0.00859766 	-0.00480701 	-4.41816e-26
0.0616492 	-0.00826918 	-0.00482335 	-3.44033e-26
0.062096 	-0.00794071 	-0.00483969 	-2.46251e-26
0.0625427 	-0.00759268 	-0.00482153 	-1.55874e-26
0.0629894 	-0.00723627 	-0.00478859 	-6.86719e-27
0.0634362 	-0.00687452 	-0.00474356 	0
0.0638829 	-0.00649301 	-0.00465371 	0
0.0643296 	-0.00611149 	-0.00456386 	0
0.0647764 	-0.0057167 	-0.00442975 	0
0.0652231 	-0.00531687 	-0.00427884 	0
0.0656698 	-0.00491556 	-0.00411392 	-2.83774e-28
0.0661166 	-0.00450946 	-0.00390397 	-1.47861e-27
0.0665633 	-0.00410335 	-0.00369402 	-2.67345e-27
0.0670101 	-0.00370569 	-0.00344776 	-3.55697e-27
0.0674568 	-0.00331083 	-0.0031894 	-4.33672e-27
0.0679035 	-0.00292454 	-0.00292361 	-4.59814e-27
0.0683503 	-0.00256231 	-0.00263695 	-3.4033e-27
0.068797 	-0.00220008 	-0.00235028 	-2.20846e-27
0.0692437 	-0.00187959 	-0.00206287 	-1.33532e-27
0.0696905 	-0.00157122 	-0.00177525 	-5.55571e-28
0.0701372 	-0.00128279 	-0.0014957 	0
0.0705839 	-0.00104376 	-0.00123615 	0
0.0710307 	-0.000804732 	-0.000976603 	0
0.0714774 	-0.000625172 	-0.000758404 	-2.00293e-28
0.0719241 	-0.000460479 	-0.000550543 	-4.5066e-28
0.0723709 	-0.000316997 	-0.000363075 	-6.91795e-28
0.0728176 	-0.000220179 	-0.000220469 	-9.12623e-28
0.0732643 	-0.00012336 	-7.78632e-05 	-1.13345e-27
0.0737111 	-7.05231e-05 	7.80539e-06 	-9.65544e-28
0.0741578 	-2.70152e-05 	8.13964e-05 	-7.15177e-28
0.0746045 	4.5304e-06 	0.000132522 	-4.7478e-28
0.0750513 	1.25943e-05 	0.00013955 	-2.53952e-28
0.075498 	2.06583e-05 	0.000146578 	-3.31242e-29
0.0759447 	1.69606e-05 	0.000115794 	0
0.0763915 	1.11874e-05 	7.83382e-05 	0
0.0768382 	6.36631e-06 	4.59763e-05 	0
0.0772849 	3.21968e-06 	2.25728e-05 	0
0.0777317 	7.30492e-08 	-8.30719e-07 	0
0.0781784 	-2.48808e-07 	-2.46025e-06 	0
0.0786251 	-1.67126e-07 	-9.79224e-07 	0
0.0790719 	-1.2277e-07 	-7.52367e-08 	0
0.0795186 	-1.37411e-07 	-8.33515e-08 	0
0.0799653 	-1.52052e-07 	-9.14664e-08 	0
0.0804121 	-1.51191e-07 	-1.00291e-07 	0
0.0808588 	-1.48607e-07 	-1.09193e-07 	0
0.0813055 	-1.45283e-07 	-1.18499e-07 	0
0.0817523 	-1.40903e-07 	-1.28377e-07 	0
0.082199 	-1.36523e-07 	-1.38256e-07 	0
0.0826457 	-1.30603e-07 	-1.49219e-07 	0
0.0830925 	-1.24557e-07 	-1.60271e-07 	0
0.0835392 	-1.17847e-07 	-1.71913e-07 	0
0.0839859 	-1.10282e-07 	-1.84313e-07 	0
0.0844327 	-1.02717e-07 	-1.96714e-07 	0
0.0848794 	-9.38723e-08 	-2.10567e-07 	0
0.0853261 	-8.49606e-08 	-2.24497e-07 	0
0.0857729 	-7.55283e-08 	-2.39222e-07 	0
0.0862196 	-6.54911e-08 	-2.54872e-07 	0
0.0866663 	-5.54538e-08 	-2.70523e-07 	0
0.0871131 	-4.46045e-08 	-2.88025e-07 	0
0.0875598 	-3.37344e-08 	-3.05574e-07 	0
0.0880065 	-2.2644e-08 	-2.52919e-07 	0
0.0884533 	-1.1322e-08 	-1.2646e-07 	0
0.0889 	-3.5842e-22 	-4.70735e-21 	0
