0 	0 	0 	0
0.000446734 	-8.6761e-06 	-3.73393e-05 	1.57888e-27
0.000893467 	-1.73522e-05 	-7.46786e-05 	3.15775e-27
0.0013402 	-2.45519e-05 	-9.85471e-05 	6.94229e-27
0.00178693 	-3.03473e-05 	-0.000109602 	1.28249e-26
0.00223367 	-3.56802e-05 	-0.000119639 	1.85399e-26
0.0026804 	-2.29726e-05 	-8.99681e-05 	1.77187e-26
0.00312714 	-1.02651e-05 	-6.02976e-05 	1.68975e-26
0.00357387 	2.09349e-05 	-2.84537e-06 	1.09701e-26
0.0040206 	6.80471e-05 	7.8512e-05 	6.49098e-28
0.00446734 	0.000117659 	0.000162752 	-9.34053e-27
0.00491407 	0.000214762 	0.000301772 	-1.30333e-26
0.0053608 	0.000311865 	0.000440791 	-1.6726e-26
0.00580754 	0.000443964 	0.000611336 	-9.16995e-27
0.00625427 	0.000603282 	0.000806401 	7.1352e-27
0.00670101 	0.000767672 	0.00100483 	2.40652e-26
0.00714774 	0.000994606 	0.00124472 	4.87017e-26
0.00759447 	0.00122154 	0.00148462 	7.33381e-26
0.00804121 	0.00148586 	0.00173902 	7.6529e-26
0.00848794 	0.00177642 	0.00200362 	6.46623e-26
0.00893467 	0.00207207 	0.00226819 	5.45734e-26
0.00938141 	0.0024135 	0.00253261 	6.04847e-26
0.00982814 	0.00275492 	0.00279702 	6.6396e-26
0.0102749 	0.0031165 	0.00304673 	1.25592e-25
0.0107216 	0.00349082 	0.00328714 	2.18498e-25
0.0111683 	0.00386691 	0.0035223 	2.94789e-25
0.0116151 	0.00425545 	0.00372068 	2.54777e-25
0.0120618 	0.004644 	0.00391906 	2.14765e-25
0.0125085 	0.00503144 	0.00408414 	7.52987e-26
0.0129553 	0.00541826 	0.00423028 	-1.20719e-25
0.013402 	0.00580308 	0.00436817 	-3.04004e-25
0.0138487 	0.00617659 	0.00445927 	-4.15129e-25
0.0142955 	0.00655009 	0.00455037 	-5.26255e-25
0.0147422 	0.00691 	0.00460679 	-4.9141e-25
0.0151889 	0.00726297 	0.00464555 	-3.82202e-25
0.0156357 	0.0076117 	0.0046762 	-2.41767e-25
0.0160824 	0.00794043 	0.00466864 	4.5882e-26
0.0165291 	0.00826917 	0.00466109 	3.33531e-25
0.0169759 	0.00858033 	0.00462684 	4.19231e-25
0.0174226 	0.00888351 	0.00458046 	4.13135e-25
0.0178693 	0.0091816 	0.00452785 	3.75434e-25
0.0183161 	0.00945934 	0.00445034 	2.1131e-25
0.0187628 	0.00973707 	0.00437282 	4.71856e-26
0.0192095 	0.00999727 	0.00427823 	0
0.0196563 	0.0102504 	0.00417674 	0
0.020103 	0.0104983 	0.00407127 	-4.3061e-26
0.0205497 	0.010728 	0.0039521 	-2.34443e-25
0.0209965 	0.0109577 	0.00383294 	-4.25826e-25
0.0214432 	0.0111711 	0.00370466 	-6.85747e-25
0.0218899 	0.0113787 	0.00357314 	-9.70065e-25
0.0223367 	0.0115811 	0.00343962 	-1.16862e-24
0.0227834 	0.0117679 	0.00330013 	-1.10987e-24
0.0232302 	0.0119548 	0.00316063 	-1.05113e-24
0.0236769 	0.0121268 	0.00301772 	-7.03646e-25
0.0241236 	0.0122942 	0.00287374 	-2.66225e-25
0.0245704 	0.0124566 	0.00272928 	1.39715e-25
0.0250171 	0.0126059 	0.00258355 	4.62661e-25
0.0254638 	0.0127551 	0.00243781 	7.85607e-25
0.0259106 	0.0128911 	0.00229229 	8.08382e-25
0.0263573 	0.0130234 	0.00214683 	7.50159e-25
0.026804 	0.0131511 	0.00200189 	6.80014e-25
0.0272508 	0.0132677 	0.00185816 	5.8205e-25
0.0276975 	0.0133844 	0.00171443 	4.84087e-25
0.0281442 	0.0134891 	0.00157289 	4.98038e-25
0.028591 	0.0135911 	0.00143186 	5.37814e-25
0.0290377 	0.0136887 	0.0012919 	5.227e-25
0.0294844 	0.0137771 	0.00115415 	3.93581e-25
0.0299312 	0.0138654 	0.00101639 	2.64462e-25
0.0303779 	0.0139431 	0.000881596 	-4.18178e-26
0.0308246 	0.0140187 	0.000747374 	-3.82472e-25
0.0312714 	0.01409 	0.00061439 	-5.91026e-25
0.0317181 	0.0141535 	0.000483704 	-5.54251e-25
0.0321648 	0.014217 	0.000353018 	-5.17476e-25
0.0326116 	0.0142706 	0.000225219 	-1.65279e-25
0.0330583 	0.0143227 	9.78791e-05 	2.37203e-25
0.033505 	0.0143706 	-2.83258e-05 	5.17191e-25
0.0339518 	0.0144116 	-0.00015264 	5.93024e-25
0.0343985 	0.0144526 	-0.000276954 	6.68857e-25
0.0348452 	0.0144841 	-0.00039892 	4.37175e-25
0.035292 	0.0145145 	-0.00052059 	1.66513e-25
0.0357387 	0.0145406 	-0.000641359 	1.58649e-26
0.0361854 	0.0145604 	-0.00076078 	4.52386e-26
0.0366322 	0.0145802 	-0.0008802 	7.46123e-26
0.0370789 	0.0145906 	-0.000997922 	3.37368e-25
0.0375256 	0.0146 	-0.00111548 	6.22504e-25
0.0379724 	0.014605 	-0.00123239 	7.25948e-25
0.0384191 	0.014604 	-0.00134843 	5.83574e-25
0.0388658 	0.0146029 	-0.00146446 	4.412e-25
0.0393126 	0.0145919 	-0.0015793 	1.30985e-27
0.0397593 	0.0145802 	-0.00169406 	-4.58415e-25
0.040206 	0.0145635 	-0.00180829 	-7.42152e-25
0.0406528 	0.0145407 	-0.00192187 	-8.10796e-25
0.0410995 	0.0145179 	-0.00203545 	-8.79439e-25
0.0415462 	0.0144838 	-0.00214779 	-6.75675e-25
0.041993 	0.0144492 	-0.00226009 	-4.61298e-25
0.0424397 	0.0144086 	-0.00237158 	-3.14797e-25
0.0428864 	0.0143612 	-0.00248217 	-2.43317e-25
0.0433332 	0.0143138 	-0.00259277 	-1.71837e-25
0.0437799 	0.0142521 	-0.00270089 	-1.36983e-25
0.0442266 	0.0141903 	-0.00280897 	-1.02592e-25
0.0446734 	0.0141201 	-0.00291512 	-6.82316e-26
0.0451201 	0.0140415 	-0.00301933 	-3.39012e-26
0.0455668 	0.0139626 	-0.00312347 	1.28043e-27
0.0460136 	0.0138641 	-0.00322178 	1.03715e-25
0.0464603 	0.0137656 	-0.00332008 	2.06149e-25
0.046907 	0.0136545 	-0.0034138 	3.94712e-25
0.0473538 	0.0135321 	-0.00350337 	6.612e-25
0.0478005 	0.0134085 	-0.00359247 	9.1629e-25
0.0482472 	0.0132573 	-0.00366964 	8.78807e-25
0.048694 	0.0131061 	-0.00374682 	8.41323e-25
0.0491407 	0.0129361 	-0.00381474 	6.68756e-25
0.0495874 	0.0127508 	-0.0038751 	3.85666e-25
0.0500342 	0.012563 	-0.0039341 	1.20531e-25
0.0504809 	0.0123385 	-0.00397274 	1.24708e-25
0.0509276 	0.0121139 	-0.00401138 	1.28885e-25
0.0513744 	0.0118644 	-0.0040347 	1.40206e-25
0.0518211 	0.0115965 	-0.00404669 	1.56807e-25
0.0522678 	0.0113246 	-0.00405598 	1.65907e-25
0.0527146 	0.0110112 	-0.00403706 	9.67791e-26
0.0531613 	0.0106978 	-0.00401814 	2.76512e-26
0.053608 	0.0103579 	-0.00397896 	0
0.0540548 	0.0100003 	-0.00392629 	0
0.0545015 	0.00963829 	-0.00386975 	0
0.0549482 	0.00924162 	-0.00378271 	0
0.055395 	0.00884494 	-0.00369568 	0
0.0558417 	0.00842986 	-0.00358855 	8.32356e-27
0.0562884 	0.00800373 	-0.00346936 	2.16413e-26
0.0567352 	0.00757543 	-0.00334646 	3.40888e-26
0.0571819 	0.00713347 	-0.0032003 	4.10783e-26
0.0576286 	0.0066915 	-0.00305413 	4.80677e-26
0.0580754 	0.0062499 	-0.00289548 	4.54534e-26
0.0585221 	0.00580848 	-0.0027301 	3.76678e-26
0.0589688 	0.00536995 	-0.00256312 	2.98001e-26
0.0594156 	0.00494626 	-0.00238788 	2.15091e-26
0.0598623 	0.00452257 	-0.00221264 	1.32181e-26
0.060309 	0.0041214 	-0.00203713 	7.0188e-27
0.0607558 	0.00373107 	-0.00186149 	1.82665e-27
0.0612025 	0.00334921 	-0.00168725 	-3.09263e-27
0.0616492 	0.00300412 	-0.00151913 	-6.82951e-27
0.062096 	0.00265903 	-0.00135101 	-1.05664e-26
0.0625427 	0.00235035 	-0.00119169 	-1.626e-26
0.0629894 	0.00205727 	-0.00103614 	-2.27923e-26
0.0634362 	0.00177555 	-0.000883583 	-2.81589e-26
0.0638829 	0.00153591 	-0.000742147 	-2.92055e-26
0.0643296 	0.00129627 	-0.00060071 	-3.02522e-26
0.0647764 	0.00109333 	-0.000468539 	-3.60158e-26
0.0652231 	0.000904308 	-0.000339882 	-4.35686e-26
0.0656698 	0.000726082 	-0.000213762 	-4.99954e-26
0.0661166 	0.000582522 	-9.57827e-05 	-5.2807e-26
0.0665633 	0.000438961 	2.21964e-05 	-5.56187e-26
0.0670101 	0.000325569 	0.000131532 	-4.27392e-26
0.0674568 	0.000222233 	0.000237987 	-2.46293e-26
0.0679035 	0.000128471 	0.000339285 	-8.26104e-27
0.0683503 	6.16057e-05 	0.000426096 	3.21409e-27
0.068797 	-5.25991e-06 	0.000512907 	1.46892e-26
0.0692437 	-4.58259e-05 	0.000571187 	1.76222e-26
0.0696905 	-7.87564e-05 	0.000621183 	1.80751e-26
0.0701372 	-0.000103033 	0.000654387 	2.03424e-26
0.0705839 	-0.000105861 	0.000645977 	2.71058e-26
0.0710307 	-0.000108689 	0.000637566 	3.38692e-26
0.0714774 	-9.41799e-05 	0.00057111 	3.23946e-26
0.0719241 	-7.53357e-05 	0.000490143 	2.88604e-26
0.0723709 	-5.40235e-05 	0.000388518 	2.37889e-26
0.0728176 	-2.72815e-05 	0.000241446 	1.53353e-26
0.0732643 	-5.39508e-07 	9.43739e-05 	6.88181e-27
0.0737111 	2.02608e-05 	-8.08732e-05 	1.07161e-26
0.0741578 	3.98008e-05 	-0.000262097 	1.71569e-26
0.0746045 	5.37854e-05 	-0.00043654 	2.96836e-26
0.0750513 	5.68652e-05 	-0.000597673 	5.41569e-26
0.075498 	5.9945e-05 	-0.000758806 	7.86301e-26
0.0759447 	5.09587e-05 	-0.000837034 	8.728e-26
0.0763915 	3.98431e-05 	-0.000900632 	9.31374e-26
0.0768382 	2.88841e-05 	-0.000890098 	7.73889e-26
0.0772849 	1.82005e-05 	-0.000749194 	2.36435e-26
0.0777317 	7.51689e-06 	-0.000608289 	-3.01019e-26
0.0781784 	3.93084e-06 	-0.000426882 	-4.88578e-26
0.0786251 	1.35872e-06 	-0.000239688 	-6.26151e-26
0.0790719 	-1.62682e-07 	-0.000105574 	-6.01236e-26
0.0795186 	-2.32745e-08 	-5.5363e-05 	-3.19486e-26
0.0799653 	1.16133e-07 	-5.15145e-06 	-3.77355e-27
0.0804121 	1.44151e-07 	-1.36346e-07 	-9.12544e-28
0.0808588 	1.59792e-07 	-1.43063e-07 	-8.64207e-28
0.0813055 	1.67216e-07 	-1.51276e-07 	-6.90225e-28
0.0817523 	1.62936e-07 	-1.61621e-07 	-3.37294e-28
0.082199 	1.58656e-07 	-1.71966e-07 	1.56372e-29
0.0826457 	1.52138e-07 	-1.836e-07 	3.89261e-28
0.0830925 	1.45438e-07 	-1.95338e-07 	7.64563e-28
0.0835392 	1.37851e-07 	-2.07762e-07 	9.84826e-28
0.0839859 	1.29123e-07 	-2.21069e-07 	1.00575e-27
0.0844327 	1.20395e-07 	-2.34376e-07 	1.02668e-27
0.0848794 	1.10058e-07 	-2.49347e-07 	5.66415e-28
0.0853261 	9.96361e-08 	-2.64406e-07 	8.08275e-29
0.0857729 	8.85866e-08 	-2.80368e-07 	-1.30181e-28
0.0862196 	7.68077e-08 	-2.9738e-07 	-2.2085e-29
0.0866663 	6.50287e-08 	-3.14392e-07 	8.60114e-29
0.0871131 	5.22998e-08 	-3.33497e-07 	9.05045e-28
0.0875598 	3.95465e-08 	-3.52655e-07 	1.74231e-27
0.0880065 	2.6541e-08 	-2.91436e-07 	1.74585e-27
0.0884533 	1.32705e-08 	-1.45718e-07 	8.72927e-28
0.0889 	3.8015e-22 	-1.00993e-20 	7.7723e-41
