0 	506.15 	1.20442e-05
0.000446734 	506.143 	1.20442e-05
0.000893467 	506.136 	1.20441e-05
0.0013402 	506.129 	1.20469e-05
0.00178693 	506.122 	1.20523e-05
0.00223367 	506.115 	1.20581e-05
0.0026804 	506.108 	1.20769e-05
0.00312714 	506.101 	1.20957e-05
0.00357387 	506.094 	1.21241e-05
0.0040206 	506.088 	1.21608e-05
0.00446734 	506.081 	1.21984e-05
0.00491407 	506.075 	1.22553e-05
0.0053608 	506.068 	1.23122e-05
0.00580754 	506.062 	1.23779e-05
0.00625427 	506.056 	1.24505e-05
0.00670101 	506.049 	1.25226e-05
0.00714774 	506.043 	1.25894e-05
0.00759447 	506.037 	1.26562e-05
0.00804121 	506.032 	1.26942e-05
0.00848794 	506.026 	1.2712e-05
0.00893467 	506.02 	1.27188e-05
0.00938141 	506.015 	1.26272e-05
0.00982814 	506.009 	1.25355e-05
0.0102749 	506.004 	1.2338e-05
0.0107216 	505.999 	1.20736e-05
0.0111683 	505.994 	1.17815e-05
0.0116151 	505.989 	1.1296e-05
0.0120618 	505.984 	1.08105e-05
0.0125085 	505.979 	1.01712e-05
0.0129553 	505.975 	9.44439e-06
0.013402 	505.97 	8.68325e-06
0.0138487 	505.966 	7.72745e-06
0.0142955 	505.962 	6.77166e-06
0.0147422 	505.957 	5.69166e-06
0.0151889 	505.953 	4.54838e-06
0.0156357 	505.95 	3.38329e-06
0.0160824 	505.946 	2.11535e-06
0.0165291 	505.942 	8.47405e-07
0.0169759 	505.939 	-4.54647e-07
0.0174226 	505.935 	-1.7722e-06
0.0178693 	505.932 	-3.08388e-06
0.0183161 	505.929 	-4.37206e-06
0.0187628 	505.926 	-5.66023e-06
0.0192095 	505.923 	-6.87314e-06
0.0196563 	505.92 	-8.05567e-06
0.020103 	505.917 	-9.19904e-06
0.0205497 	505.915 	-1.02075e-05
0.0209965 	505.912 	-1.12159e-05
0.0214432 	505.909 	-1.20537e-05
0.0218899 	505.907 	-1.28309e-05
0.0223367 	505.904 	-1.35393e-05
0.0227834 	505.902 	-1.40414e-05
0.0232302 	505.899 	-1.45435e-05
0.0236769 	505.897 	-1.48152e-05
0.0241236 	505.894 	-1.50151e-05
0.0245704 	505.891 	-1.51286e-05
0.0250171 	505.889 	-1.50148e-05
0.0254638 	505.886 	-1.49009e-05
0.0259106 	505.883 	-1.45428e-05
0.0263573 	505.88 	-1.41188e-05
0.026804 	505.877 	-1.36076e-05
0.0272508 	505.873 	-1.2893e-05
0.0276975 	505.869 	-1.21784e-05
0.0281442 	505.865 	-1.12553e-05
0.028591 	505.861 	-1.02841e-05
0.0290377 	505.857 	-9.2447e-06
0.0294844 	505.851 	-8.06361e-06
0.0299312 	505.846 	-6.88252e-06
0.0303779 	505.84 	-5.57377e-06
0.0308246 	505.834 	-4.24025e-06
0.0312714 	505.827 	-2.87612e-06
0.0317181 	505.819 	-1.45517e-06
0.0321648 	505.812 	-3.42102e-08
0.0326116 	505.803 	1.40288e-06
0.0330583 	505.794 	2.84253e-06
0.033505 	505.784 	4.2638e-06
0.0339518 	505.773 	5.65441e-06
0.0343985 	505.762 	7.04502e-06
0.0348452 	505.749 	8.33799e-06
0.035292 	505.736 	9.61858e-06
0.0357387 	505.722 	1.08362e-05
0.0361854 	505.707 	1.19593e-05
0.0366322 	505.692 	1.30824e-05
0.0370789 	505.675 	1.40364e-05
0.0375256 	505.658 	1.49741e-05
0.0379724 	505.64 	1.58309e-05
0.0384191 	505.621 	1.65781e-05
0.0388658 	505.601 	1.73254e-05
0.0393126 	505.58 	1.79081e-05
0.0397593 	505.559 	1.84799e-05
0.040206 	505.538 	1.89851e-05
0.0406528 	505.515 	1.94089e-05
0.0410995 	505.492 	1.98327e-05
0.0415462 	505.468 	2.01421e-05
0.041993 	505.444 	2.04471e-05
0.0424397 	505.419 	2.07067e-05
0.0428864 	505.394 	2.09162e-05
0.0433332 	505.369 	2.11257e-05
0.0437799 	505.343 	2.12572e-05
0.0442266 	505.317 	2.13877e-05
0.0446734 	505.29 	2.1487e-05
0.0451201 	505.264 	2.1555e-05
0.0455668 	505.237 	2.16226e-05
0.0460136 	505.21 	2.16521e-05
0.0464603 	505.183 	2.16816e-05
0.046907 	505.156 	2.17063e-05
0.0473538 	505.129 	2.17265e-05
0.0478005 	505.102 	2.17467e-05
0.0482472 	505.071 	2.17661e-05
0.048694 	505.041 	2.17855e-05
0.0491407 	505.009 	2.1061e-05
0.0495874 	504.975 	1.97278e-05
0.0500342 	504.941 	1.83111e-05
0.0504809 	504.907 	1.56419e-05
0.0509276 	504.873 	1.29726e-05
0.0513744 	504.839 	1.03233e-05
0.0518211 	504.806 	7.68872e-06
0.0522678 	504.772 	5.0584e-06
0.0527146 	504.738 	2.47265e-06
0.0531613 	504.705 	-1.13103e-07
0.053608 	504.671 	-2.66408e-06
0.0540548 	504.638 	-5.19187e-06
0.0545015 	504.604 	-7.71252e-06
0.0549482 	504.571 	-1.01769e-05
0.055395 	504.537 	-1.26412e-05
0.0558417 	504.504 	-1.5064e-05
0.0562884 	504.471 	-1.74619e-05
0.0567352 	504.438 	-1.98504e-05
0.0571819 	504.404 	-2.21804e-05
0.0576286 	504.371 	-2.45104e-05
0.0580754 	504.338 	-2.6796e-05
0.0585221 	504.305 	-2.90576e-05
0.0589688 	504.272 	-3.13082e-05
0.0594156 	504.239 	-3.35017e-05
0.0598623 	504.206 	-3.56952e-05
0.060309 	504.174 	-3.78429e-05
0.0607558 	504.141 	-3.99686e-05
0.0612025 	504.108 	-4.20816e-05
0.0616492 	504.076 	-4.414e-05
0.062096 	504.043 	-4.61983e-05
0.0625427 	504.01 	-4.82099e-05
0.0629894 	503.978 	-5.02013e-05
0.0634362 	503.946 	-5.21786e-05
0.0638829 	503.913 	-5.41035e-05
0.0643296 	503.881 	-5.60284e-05
0.0647764 	503.848 	-5.79052e-05
0.0652231 	503.816 	-5.97637e-05
0.0656698 	503.784 	-6.16064e-05
0.0661166 	503.752 	-6.33985e-05
0.0665633 	503.72 	-6.51905e-05
0.0670101 	503.688 	-6.69325e-05
0.0674568 	503.656 	-6.86578e-05
0.0679035 	503.624 	-7.03655e-05
0.0683503 	503.592 	-7.20236e-05
0.068797 	503.56 	-7.36817e-05
0.0692437 	503.528 	-7.52872e-05
0.0696905 	503.496 	-7.68773e-05
0.0701372 	503.464 	-7.84476e-05
0.0705839 	503.433 	-7.99687e-05
0.0710307 	503.401 	-8.14898e-05
0.0714774 	503.369 	-8.29547e-05
0.0719241 	503.337 	-8.44056e-05
0.0723709 	503.306 	-8.58339e-05
0.0728176 	503.274 	-8.72129e-05
0.0732643 	503.243 	-8.85919e-05
0.0737111 	503.211 	-8.99101e-05
0.0741578 	503.18 	-9.12154e-05
0.0746045 	503.148 	-9.2495e-05
0.0750513 	503.117 	-9.37245e-05
0.075498 	503.085 	-9.49539e-05
0.0759447 	503.054 	-9.61167e-05
0.0763915 	503.022 	-9.72679e-05
0.0768382 	502.991 	-9.83896e-05
0.0772849 	502.96 	-9.94596e-05
0.0777317 	502.928 	-0.00010053
0.0781784 	502.897 	-0.000101526
0.0786251 	502.866 	-0.000102512
0.0790719 	502.835 	-0.000103464
0.0795186 	502.803 	-0.000104363
0.0799653 	502.772 	-0.000105261
0.0804121 	502.741 	-0.000106077
0.0808588 	502.71 	-0.000106885
0.0813055 	502.679 	-0.000107653
0.0817523 	502.647 	-0.000108365
0.082199 	502.616 	-0.000109077
0.0826457 	502.585 	-0.000109697
0.0830925 	502.554 	-0.00011031
0.0835392 	502.523 	-0.000110878
0.0839859 	502.492 	-0.000111387
0.0844327 	502.461 	-0.000111897
0.0848794 	502.43 	-0.000112304
0.0853261 	502.398 	-0.000112706
0.0857729 	502.367 	-0.000113056
0.0862196 	502.336 	-0.000113346
0.0866663 	502.305 	-0.000113637
0.0871131 	502.274 	-0.000113815
0.0875598 	502.243 	-0.000113991
0.0880065 	502.212 	-0.000114109
0.0884533 	502.181 	-0.000114168
0.0889 	502.15 	-0.000114227
