0 	0 	0 	0
0.000446734 	0.000131976 	0.00374025 	-4.83464e-26
0.000893467 	0.000262592 	0.00744706 	-9.47574e-26
0.0013402 	0.000319539 	0.0100467 	-1.0352e-25
0.00178693 	0.000309822 	0.0116253 	-7.81543e-26
0.00223367 	0.000295911 	0.0131653 	-5.13533e-26
0.0026804 	0.000208576 	0.0137633 	-3.03077e-26
0.00312714 	0.000121242 	0.0143613 	-9.26199e-27
0.00357387 	2.64049e-05 	0.0147961 	-1.2581e-26
0.0040206 	-7.27383e-05 	0.0150963 	-3.70059e-26
0.00446734 	-0.000172441 	0.0153882 	-6.34605e-26
0.00491407 	-0.000266933 	0.0155238 	-9.69717e-26
0.0053608 	-0.000361425 	0.0156593 	-1.30483e-25
0.00580754 	-0.000452389 	0.0157067 	-1.35955e-25
0.00625427 	-0.000539469 	0.0156853 	-1.20263e-25
0.00670101 	-0.000626456 	0.0156535 	-1.01426e-25
0.00714774 	-0.000705627 	0.0154939 	-6.79145e-26
0.00759447 	-0.000784798 	0.0153343 	-3.44032e-26
0.00804121 	-0.000859748 	0.015112 	-1.63962e-26
0.00848794 	-0.000931093 	0.0148458 	-7.66361e-27
0.00893467 	-0.00100195 	0.0145721 	0
0.00938141 	-0.0010657 	0.0142312 	0
0.00982814 	-0.00112945 	0.0138904 	0
0.0102749 	-0.00118891 	0.0135192 	0
0.0107216 	-0.00124536 	0.013129 	0
0.0111683 	-0.00130106 	0.012735 	0
0.0116151 	-0.00135058 	0.0123142 	0
0.0120618 	-0.0014001 	0.0118935 	0
0.0125085 	-0.00144564 	0.0114622 	0
0.0129553 	-0.00148882 	0.0110249 	0
0.013402 	-0.00153118 	0.0105868 	0
0.0138487 	-0.00156883 	0.0101442 	0
0.0142955 	-0.00160647 	0.00970158 	0
0.0147422 	-0.00164106 	0.00926121 	0
0.0151889 	-0.00167413 	0.00882196 	0
0.0156357 	-0.00170652 	0.00838445 	0
0.0160824 	-0.001736 	0.00795499 	0
0.0165291 	-0.00176548 	0.00752552 	0
0.0169759 	-0.00179312 	0.00710565 	0
0.0174226 	-0.00181999 	0.00669011 	0
0.0178693 	-0.00184647 	0.00627781 	0
0.0183161 	-0.0018717 	0.00587837 	0
0.0187628 	-0.00189692 	0.00547893 	0
0.0192095 	-0.00192156 	0.00509142 	0
0.0196563 	-0.00194605 	0.00470868 	0
0.020103 	-0.00197052 	0.00432957 	0
0.0205497 	-0.00199516 	0.00396286 	0
0.0209965 	-0.0020198 	0.00359615 	0
0.0214432 	-0.00204511 	0.00323999 	0
0.0218899 	-0.00207074 	0.00288759 	0
0.0223367 	-0.00209677 	0.00253813 	0
0.0227834 	-0.00212415 	0.00219754 	0
0.0232302 	-0.00215153 	0.00185694 	0
0.0236769 	-0.0021807 	0.00152297 	0
0.0241236 	-0.00221047 	0.00119107 	0
0.0245704 	-0.00224103 	0.000860573 	0
0.0250171 	-0.00227372 	0.000533848 	0
0.0254638 	-0.0023064 	0.000207123 	0
0.0259106 	-0.00234188 	-0.000118483 	0
0.0263573 	-0.0023781 	-0.00044374 	0
0.026804 	-0.00241557 	-0.000769719 	0
0.0272508 	-0.00245582 	-0.00109723 	0
0.0276975 	-0.00249607 	-0.00142473 	0
0.0281442 	-0.0025398 	-0.00175704 	0
0.028591 	-0.00258427 	-0.00209038 	0
0.0290377 	-0.00263021 	-0.00242672 	0
0.0294844 	-0.00267899 	-0.00276911 	0
0.0299312 	-0.00272777 	-0.0031115 	0
0.0303779 	-0.00278026 	-0.00346382 	0
0.0308246 	-0.00283337 	-0.00381797 	0
0.0312714 	-0.00288804 	-0.00417701 	0
0.0317181 	-0.00294534 	-0.00454491 	0
0.0321648 	-0.00300263 	-0.00491282 	0
0.0326116 	-0.00306334 	-0.0052936 	0
0.0330583 	-0.00312448 	-0.00567634 	0
0.033505 	-0.00318696 	-0.0060647 	0
0.0339518 	-0.00325139 	-0.00646221 	0
0.0343985 	-0.00331581 	-0.00685972 	0
0.0348452 	-0.00338256 	-0.00726913 	0
0.035292 	-0.00344948 	-0.00767996 	0
0.0357387 	-0.00351706 	-0.00809495 	0
0.0361854 	-0.00358542 	-0.008516 	0
0.0366322 	-0.00365377 	-0.00893705 	0
0.0370789 	-0.00372226 	-0.00936295 	0
0.0375256 	-0.00379069 	-0.00978924 	0
0.0379724 	-0.00385847 	-0.0102148 	3.47041e-27
0.0384191 	-0.00392531 	-0.0106392 	1.20906e-26
0.0388658 	-0.00399214 	-0.0110636 	2.07108e-26
0.0393126 	-0.00405553 	-0.0114772 	2.83272e-26
0.0397593 	-0.00411869 	-0.0118901 	3.62726e-26
0.040206 	-0.00417895 	-0.0122921 	3.25772e-26
0.0406528 	-0.00423579 	-0.0126806 	1.41313e-26
0.0410995 	-0.00429262 	-0.0130692 	-4.31464e-27
0.0415462 	-0.00433982 	-0.0134182 	-2.18911e-26
0.041993 	-0.00438678 	-0.0137656 	-3.84178e-26
0.0424397 	-0.00442665 	-0.0140832 	-4.20538e-26
0.0428864 	-0.00445914 	-0.0143679 	-3.22281e-26
0.0433332 	-0.00449139 	-0.0146521 	-2.24085e-26
0.0437799 	-0.00450453 	-0.0148504 	-1.26796e-26
0.0442266 	-0.00451753 	-0.0150472 	-4.09834e-27
0.0446734 	-0.00451853 	-0.0151878 	5.90362e-28
0.0451201 	-0.00450848 	-0.0152727 	1.82649e-27
0.0455668 	-0.00449751 	-0.0153549 	3.23524e-27
0.0460136 	-0.00446507 	-0.0153143 	1.85936e-27
0.0464603 	-0.00443256 	-0.015273 	4.63817e-28
0.046907 	-0.0043894 	-0.0151582 	-1.26086e-27
0.0473538 	-0.00433777 	-0.0149773 	-2.49699e-27
0.0478005 	-0.00428434 	-0.0147886 	-3.38781e-27
0.0482472 	-0.00419252 	-0.0143817 	-1.99226e-27
0.048694 	-0.0041007 	-0.0139748 	-5.9672e-28
0.0491407 	-0.0039103 	-0.0132968 	0
0.0495874 	-0.00363729 	-0.0123955 	0
0.0500342 	-0.00333742 	-0.0114409 	-7.77793e-28
0.0504809 	-0.00263177 	-0.009748 	-2.01789e-26
0.0509276 	-0.00192611 	-0.00805512 	-3.95801e-26
0.0513744 	-0.00128049 	-0.00616215 	-5.1122e-26
0.0518211 	-0.000707599 	-0.00415183 	-5.15798e-26
0.0522678 	-0.000186701 	-0.00223376 	-4.73283e-26
0.0527146 	-0.000108222 	-0.0012942 	-2.79272e-26
0.0531613 	-2.97419e-05 	-0.000354651 	-8.52602e-27
0.053608 	-1.77006e-07 	7.27143e-08 	-8.53845e-28
0.0540548 	-2.84445e-07 	1.05774e-08 	-3.96041e-28
0.0545015 	-3.77215e-07 	-5.03553e-08 	0
0.0549482 	-3.45738e-07 	-9.47361e-08 	0
0.055395 	-3.14262e-07 	-1.39117e-07 	0
0.0558417 	-2.88834e-07 	-1.62888e-07 	0
0.0562884 	-2.65102e-07 	-1.74545e-07 	0
0.0567352 	-2.42829e-07 	-1.8507e-07 	0
0.0571819 	-2.26848e-07 	-1.88098e-07 	0
0.0576286 	-2.10867e-07 	-1.91127e-07 	0
0.0580754 	-1.97971e-07 	-1.92899e-07 	0
0.0585221 	-1.86548e-07 	-1.93899e-07 	0
0.0589688 	-1.75573e-07 	-1.9489e-07 	0
0.0594156 	-1.66689e-07 	-1.95566e-07 	0
0.0598623 	-1.57806e-07 	-1.96242e-07 	0
0.060309 	-1.49972e-07 	-1.96995e-07 	0
0.0607558 	-1.42632e-07 	-1.97738e-07 	0
0.0612025 	-1.35493e-07 	-1.98531e-07 	0
0.0616492 	-1.29223e-07 	-1.99417e-07 	0
0.062096 	-1.22953e-07 	-2.00302e-07 	0
0.0625427 	-1.17262e-07 	-2.01315e-07 	0
0.0629894 	-1.11821e-07 	-2.02357e-07 	0
0.0634362 	-1.06522e-07 	-2.03449e-07 	0
0.0638829 	-1.01766e-07 	-2.04658e-07 	0
0.0643296 	-9.70104e-08 	-2.05867e-07 	0
0.0647764 	-9.26739e-08 	-2.07221e-07 	0
0.0652231 	-8.85012e-08 	-2.08612e-07 	0
0.0656698 	-8.44438e-08 	-2.10062e-07 	0
0.0661166 	-8.07729e-08 	-2.1165e-07 	0
0.0665633 	-7.71021e-08 	-2.13239e-07 	0
0.0670101 	-7.37516e-08 	-2.14997e-07 	0
0.0674568 	-7.05136e-08 	-2.16797e-07 	0
0.0679035 	-6.73689e-08 	-2.18664e-07 	0
0.0683503 	-6.4504e-08 	-2.20688e-07 	0
0.068797 	-6.16391e-08 	-2.22712e-07 	0
0.0692437 	-5.90182e-08 	-2.24923e-07 	0
0.0696905 	-5.64745e-08 	-2.27179e-07 	0
0.0701372 	-5.40051e-08 	-2.2951e-07 	0
0.0705839 	-5.17375e-08 	-2.32006e-07 	0
0.0710307 	-4.94699e-08 	-2.34501e-07 	0
0.0714774 	-4.73867e-08 	-2.37199e-07 	0
0.0719241 	-4.53562e-08 	-2.39939e-07 	0
0.0723709 	-4.33838e-08 	-2.42763e-07 	0
0.0728176 	-4.15566e-08 	-2.45754e-07 	0
0.0732643 	-3.97293e-08 	-2.48745e-07 	0
0.0737111 	-3.804e-08 	-2.51949e-07 	0
0.0741578 	-3.63867e-08 	-2.55193e-07 	0
0.0746045 	-3.47779e-08 	-2.58528e-07 	1.45543e-29
0.0750513 	-3.3273e-08 	-2.62029e-07 	6.07451e-29
0.075498 	-3.17681e-08 	-2.65531e-07 	1.06936e-28
0.0759447 	-3.03647e-08 	-2.69257e-07 	1.61727e-28
0.0763915 	-2.8986e-08 	-2.73019e-07 	2.10805e-28
0.0768382 	-2.764e-08 	-2.76879e-07 	2.258e-28
0.0772849 	-2.63678e-08 	-2.80904e-07 	1.7961e-28
0.0777317 	-2.50955e-08 	-2.84929e-07 	1.33419e-28
0.0781784 	-2.38954e-08 	-2.8919e-07 	7.80382e-29
0.0786251 	-2.27122e-08 	-2.93481e-07 	2.89604e-29
0.0790719 	-2.15516e-08 	-2.97879e-07 	0
0.0795186 	-2.04421e-08 	-3.02439e-07 	0
0.0799653 	-1.93325e-08 	-3.07e-07 	0
0.0804121 	-1.82705e-08 	-3.11807e-07 	0
0.0808588 	-1.72204e-08 	-3.16639e-07 	0
0.0813055 	-1.61836e-08 	-3.21585e-07 	4.6158e-29
0.0817523 	-1.51803e-08 	-3.26692e-07 	1.64484e-28
0.082199 	-1.41769e-08 	-3.31799e-07 	2.82811e-28
0.0826457 	-1.31997e-08 	-3.37162e-07 	4.09004e-28
0.0830925 	-1.22313e-08 	-3.42546e-07 	5.30064e-28
0.0835392 	-1.12671e-08 	-3.48052e-07 	4.95411e-28
0.0839859 	-1.03224e-08 	-3.53714e-07 	2.53833e-28
0.0844327 	-9.37771e-09 	-3.59377e-07 	1.22553e-29
0.0848794 	-8.43944e-09 	-3.65306e-07 	-2.44637e-28
0.0853261 	-7.50803e-09 	-3.7125e-07 	-4.90595e-28
0.0857729 	-6.57184e-09 	-3.77324e-07 	-5.63189e-28
0.0862196 	-5.64359e-09 	-3.8355e-07 	-4.39938e-28
0.0866663 	-4.71534e-09 	-3.89776e-07 	-3.16686e-28
0.0871131 	-3.77425e-09 	-3.96272e-07 	-1.86109e-28
0.0875598 	-2.83926e-09 	-4.02774e-07 	-6.12113e-29
0.0880065 	-1.89302e-09 	-3.30323e-07 	0
0.0884533 	-9.48158e-10 	-1.67055e-07 	0
0.0889 	0 	0 	0
