0 	0 	0 	0
0.000446734 	3.70525e-05 	0.00363756 	-1.00789e-25
0.000893467 	7.23823e-05 	0.00723829 	-1.98633e-25
0.0013402 	2.93394e-05 	0.00965078 	-2.1911e-25
0.00178693 	-8.32631e-05 	0.0109809 	-1.68585e-25
0.00223367 	-0.000199137 	0.0122781 	-1.15461e-25
0.0026804 	-0.000366272 	0.0127909 	-6.81426e-26
0.00312714 	-0.000533407 	0.0133037 	-2.08243e-26
0.00357387 	-0.000702735 	0.0136936 	-2.645e-26
0.0040206 	-0.000871773 	0.0139813 	-7.78002e-26
0.00446734 	-0.00104107 	0.0142619 	-1.32731e-25
0.00491407 	-0.00119735 	0.0144 	-2.08056e-25
0.0053608 	-0.00135364 	0.0145382 	-2.83382e-25
0.00580754 	-0.00150113 	0.014591 	-2.99533e-25
0.00625427 	-0.00164046 	0.014577 	-2.71318e-25
0.00670101 	-0.00177905 	0.0145528 	-2.36547e-25
0.00714774 	-0.00190076 	0.0144039 	-1.61222e-25
0.00759447 	-0.00202248 	0.0142549 	-8.58961e-26
0.00804121 	-0.00213505 	0.0140449 	-4.34388e-26
0.00848794 	-0.00224046 	0.0137921 	-2.03034e-26
0.00893467 	-0.00234474 	0.013532 	0
0.00938141 	-0.00243566 	0.013206 	0
0.00982814 	-0.00252657 	0.01288 	0
0.0102749 	-0.00260987 	0.0125239 	0
0.0107216 	-0.00268795 	0.0121488 	0
0.0111683 	-0.00276478 	0.0117698 	0
0.0116151 	-0.00283141 	0.0113629 	0
0.0120618 	-0.00289804 	0.010956 	0
0.0125085 	-0.00295842 	0.0105372 	0
0.0129553 	-0.00301505 	0.0101115 	0
0.013402 	-0.0030705 	0.00968464 	0
0.0138487 	-0.00311878 	0.00925038 	0
0.0142955 	-0.00316705 	0.00881613 	0
0.0147422 	-0.00321101 	0.0083816 	0
0.0151889 	-0.00325271 	0.00794681 	0
0.0156357 	-0.00329359 	0.00751299 	0
0.0160824 	-0.0033305 	0.00708344 	0
0.0165291 	-0.0033674 	0.00665388 	0
0.0169759 	-0.00340213 	0.00623045 	0
0.0174226 	-0.00343587 	0.00580973 	0
0.0178693 	-0.00346926 	0.00539116 	0
0.0183161 	-0.00350133 	0.00498101 	0
0.0187628 	-0.0035334 	0.00457086 	0
0.0192095 	-0.00356523 	0.00416844 	0
0.0196563 	-0.00359698 	0.0037691 	0
0.020103 	-0.00362894 	0.003372 	0
0.0205497 	-0.0036616 	0.00298258 	0
0.0209965 	-0.00369427 	0.00259315 	0
0.0214432 	-0.00372836 	0.00220968 	0
0.0218899 	-0.00376294 	0.00182836 	0
0.0223367 	-0.00379821 	0.00144842 	0
0.0227834 	-0.00383546 	0.00107273 	0
0.0232302 	-0.00387271 	0.000697036 	0
0.0236769 	-0.00391257 	0.000323397 	0
0.0241236 	-0.00395324 	-4.95425e-05 	0
0.0245704 	-0.00399506 	-0.000422597 	0
0.0250171 	-0.00403984 	-0.000795747 	0
0.0254638 	-0.00408461 	-0.0011689 	0
0.0259106 	-0.00413283 	-0.00154455 	0
0.0263573 	-0.00418194 	-0.00192081 	0
0.026804 	-0.00423235 	-0.00229885 	0
0.0272508 	-0.0042857 	-0.00268083 	0
0.0276975 	-0.00433905 	-0.00306282 	0
0.0281442 	-0.00439571 	-0.00345121 	0
0.028591 	-0.00445308 	-0.003841 	0
0.0290377 	-0.00451165 	-0.00423381 	0
0.0294844 	-0.00457257 	-0.0046327 	0
0.0299312 	-0.00463348 	-0.00503159 	0
0.0303779 	-0.00469675 	-0.0054384 	0
0.0308246 	-0.00476043 	-0.00584668 	0
0.0312714 	-0.00482472 	-0.00625794 	0
0.0317181 	-0.00489007 	-0.0066746 	0
0.0321648 	-0.00495542 	-0.00709125 	0
0.0326116 	-0.00502098 	-0.00751298 	0
0.0330583 	-0.00508656 	-0.00793548 	0
0.033505 	-0.00515154 	-0.00835856 	0
0.0339518 	-0.00521555 	-0.00878254 	0
0.0343985 	-0.00527956 	-0.00920653 	0
0.0348452 	-0.00534016 	-0.0096261 	0
0.035292 	-0.00540038 	-0.0100451 	0
0.0357387 	-0.00545789 	-0.0104585 	0
0.0361854 	-0.00551157 	-0.0108635 	0
0.0366322 	-0.00556524 	-0.0112686 	0
0.0370789 	-0.00560955 	-0.0116496 	0
0.0375256 	-0.00565312 	-0.0120284 	0
0.0379724 	-0.00569021 	-0.012389 	1.17344e-26
0.0384191 	-0.00571906 	-0.0127253 	4.08817e-26
0.0388658 	-0.00574792 	-0.0130616 	7.0029e-26
0.0393126 	-0.00575745 	-0.0133387 	9.35312e-26
0.0397593 	-0.00576605 	-0.0136121 	1.17937e-25
0.040206 	-0.00576284 	-0.0138466 	1.11953e-25
0.0406528 	-0.00574624 	-0.0140345 	6.78438e-26
0.0410995 	-0.00572965 	-0.0142223 	2.37347e-26
0.0415462 	-0.00568647 	-0.014309 	-1.28759e-26
0.041993 	-0.00564287 	-0.0143922 	-4.82582e-26
0.0424397 	-0.00558653 	-0.0144192 	-5.85549e-26
0.0428864 	-0.00551738 	-0.0143849 	-4.35931e-26
0.0433332 	-0.00544781 	-0.0143497 	-2.85534e-26
0.0437799 	-0.00534883 	-0.0141719 	-1.62186e-26
0.0442266 	-0.00524959 	-0.0139913 	-5.2422e-27
0.0446734 	-0.00511356 	-0.0136797 	-1.2933e-27
0.0451201 	-0.00494161 	-0.0132365 	-4.00127e-27
0.0455668 	-0.0047654 	-0.0127829 	-6.96858e-27
0.0460136 	-0.00437007 	-0.0118232 	-2.36194e-26
0.0464603 	-0.00397324 	-0.0108604 	-4.0304e-26
0.046907 	-0.00335038 	-0.00951142 	-4.9e-26
0.0473538 	-0.00252537 	-0.00782429 	-4.62921e-26
0.0478005 	-0.00169244 	-0.00611254 	-4.05033e-26
0.0482472 	-0.00107428 	-0.00434747 	-2.38188e-26
0.048694 	-0.000456121 	-0.0025824 	-7.13416e-27
0.0491407 	-0.000146649 	-0.00139847 	0
0.0495874 	-7.01581e-05 	-0.000668217 	0
0.0500342 	-1.71792e-07 	2.457e-08 	1.14031e-30
0.0504809 	-2.65207e-07 	-2.33523e-08 	2.95841e-29
0.0509276 	-3.58622e-07 	-7.12746e-08 	5.80279e-29
0.0513744 	-3.74804e-07 	-1.03901e-07 	1.00111e-28
0.0518211 	-3.3243e-07 	-1.23644e-07 	1.46317e-28
0.0522678 	-2.93079e-07 	-1.42237e-07 	1.88777e-28
0.0527146 	-2.71256e-07 	-1.47085e-07 	1.60333e-28
0.0531613 	-2.49433e-07 	-1.51933e-07 	1.3189e-28
0.053608 	-2.32734e-07 	-1.55152e-07 	8.61778e-29
0.0540548 	-2.18955e-07 	-1.5712e-07 	3.99721e-29
0.0545015 	-2.05629e-07 	-1.59077e-07 	0
0.0549482 	-1.95227e-07 	-1.60452e-07 	0
0.055395 	-1.84824e-07 	-1.61827e-07 	0
0.0558417 	-1.75551e-07 	-1.63089e-07 	0
0.0562884 	-1.6692e-07 	-1.6423e-07 	0
0.0567352 	-1.58466e-07 	-1.65374e-07 	0
0.0571819 	-1.51056e-07 	-1.66361e-07 	0
0.0576286 	-1.43647e-07 	-1.67347e-07 	0
0.0580754 	-1.36883e-07 	-1.683e-07 	0
0.0585221 	-1.3046e-07 	-1.69202e-07 	0
0.0589688 	-1.24175e-07 	-1.7012e-07 	0
0.0594156 	-1.18593e-07 	-1.71009e-07 	0
0.0598623 	-1.13011e-07 	-1.71898e-07 	0
0.060309 	-1.07916e-07 	-1.72835e-07 	0
0.0607558 	-1.03056e-07 	-1.73772e-07 	0
0.0612025 	-9.83109e-08 	-1.7474e-07 	0
0.0616492 	-9.40692e-08 	-1.75773e-07 	0
0.062096 	-8.98275e-08 	-1.76805e-07 	0
0.0625427 	-8.59534e-08 	-1.77939e-07 	0
0.0629894 	-8.22397e-08 	-1.79101e-07 	0
0.0634362 	-7.8619e-08 	-1.80304e-07 	0
0.0638829 	-7.53557e-08 	-1.81619e-07 	0
0.0643296 	-7.20924e-08 	-1.82933e-07 	0
0.0647764 	-6.91047e-08 	-1.84379e-07 	0
0.0652231 	-6.62258e-08 	-1.85864e-07 	0
0.0656698 	-6.34215e-08 	-1.87399e-07 	0
0.0661166 	-6.08714e-08 	-1.89065e-07 	0
0.0665633 	-5.83214e-08 	-1.90731e-07 	0
0.0670101 	-5.59787e-08 	-1.92547e-07 	0
0.0674568 	-5.37104e-08 	-1.94405e-07 	0
0.0679035 	-5.15014e-08 	-1.96319e-07 	0
0.0683503 	-4.94751e-08 	-1.98375e-07 	0
0.068797 	-4.74487e-08 	-2.0043e-07 	0
0.0692437 	-4.55794e-08 	-2.02648e-07 	0
0.0696905 	-4.37613e-08 	-2.04908e-07 	0
0.0701372 	-4.19902e-08 	-2.07231e-07 	0
0.0705839 	-4.03515e-08 	-2.09698e-07 	0
0.0710307 	-3.87127e-08 	-2.12166e-07 	0
0.0714774 	-3.71929e-08 	-2.14808e-07 	0
0.0719241 	-3.57087e-08 	-2.17489e-07 	0
0.0723709 	-3.42614e-08 	-2.2024e-07 	0
0.0728176 	-3.29103e-08 	-2.23138e-07 	0
0.0732643 	-3.15592e-08 	-2.26036e-07 	0
0.0737111 	-3.02977e-08 	-2.29118e-07 	0
0.0741578 	-2.9061e-08 	-2.32237e-07 	0
0.0746045 	-2.78525e-08 	-2.35434e-07 	1.92616e-29
0.0750513 	-2.67139e-08 	-2.38777e-07 	8.03919e-29
0.075498 	-2.55753e-08 	-2.42121e-07 	1.41522e-28
0.0759447 	-2.45027e-08 	-2.4566e-07 	2.13004e-28
0.0763915 	-2.34476e-08 	-2.49232e-07 	2.76711e-28
0.0768382 	-2.24129e-08 	-2.5289e-07 	2.95568e-28
0.0772849 	-2.14284e-08 	-2.56694e-07 	2.34438e-28
0.0777317 	-2.04438e-08 	-2.60498e-07 	1.73307e-28
0.0781784 	-1.95055e-08 	-2.64509e-07 	1.01299e-28
0.0786251 	-1.85798e-08 	-2.68548e-07 	3.75926e-29
0.0790719 	-1.76675e-08 	-2.72681e-07 	0
0.0795186 	-1.679e-08 	-2.76959e-07 	0
0.0799653 	-1.59125e-08 	-2.81237e-07 	0
0.0804121 	-1.50642e-08 	-2.85733e-07 	0
0.0808588 	-1.42251e-08 	-2.90253e-07 	0
0.0813055 	-1.33927e-08 	-2.94875e-07 	5.67693e-29
0.0817523 	-1.25829e-08 	-2.99639e-07 	2.02298e-28
0.082199 	-1.17731e-08 	-3.04404e-07 	3.47827e-28
0.0826457 	-1.0977e-08 	-3.09398e-07 	5.02166e-28
0.0830925 	-1.01879e-08 	-3.1441e-07 	6.50141e-28
0.0835392 	-9.39885e-09 	-3.19532e-07 	6.07632e-28
0.0839859 	-8.62238e-09 	-3.24793e-07 	3.12166e-28
0.0844327 	-7.84591e-09 	-3.30055e-07 	1.67005e-29
0.0848794 	-7.06837e-09 	-3.35557e-07 	-2.96014e-28
0.0853261 	-6.29664e-09 	-3.41071e-07 	-5.95401e-28
0.0857729 	-5.51795e-09 	-3.46702e-07 	-6.83756e-28
0.0862196 	-4.74329e-09 	-3.52469e-07 	-5.33819e-28
0.0866663 	-3.96864e-09 	-3.58236e-07 	-3.83883e-28
0.0871131 	-3.17813e-09 	-3.64245e-07 	-2.25617e-28
0.0875598 	-2.39298e-09 	-3.7026e-07 	-7.42052e-29
0.0880065 	-1.59641e-09 	-3.03674e-07 	0
0.0884533 	-7.99687e-10 	-1.53579e-07 	0
0.0889 	0 	0 	0
