0 	0 	0 	0
0.000446734 	0.000144692 	0.00372256 	-3.88165e-26
0.000893467 	0.000288126 	0.0074128 	-7.59046e-26
0.0013402 	0.000360165 	0.0100239 	-8.26356e-26
0.00178693 	0.000367315 	0.0116373 	-6.19818e-26
0.00223367 	0.000370131 	0.0132114 	-4.01007e-26
0.0026804 	0.000295563 	0.0138223 	-2.36666e-26
0.00312714 	0.000220995 	0.0144332 	-7.2325e-27
0.00357387 	0.000137611 	0.0148735 	-1.02007e-26
0.0040206 	4.88111e-05 	0.0151731 	-3.00043e-26
0.00446734 	-4.05999e-05 	0.0154644 	-5.157e-26
0.00491407 	-0.000126107 	0.0155979 	-7.81456e-26
0.0053608 	-0.000211613 	0.0157313 	-1.04721e-25
0.00580754 	-0.000294409 	0.0157769 	-1.08563e-25
0.00625427 	-0.000373983 	0.0157541 	-9.51882e-26
0.00670101 	-0.000453571 	0.0157209 	-7.9221e-26
0.00714774 	-0.000526783 	0.0155605 	-5.26454e-26
0.00759447 	-0.000599995 	0.0154001 	-2.60697e-26
0.00804121 	-0.000669793 	0.015177 	-1.20701e-26
0.00848794 	-0.000736562 	0.0149104 	-5.6416e-27
0.00893467 	-0.000802956 	0.0146361 	0
0.00938141 	-0.000863281 	0.0142949 	0
0.00982814 	-0.000923606 	0.0139537 	0
0.0102749 	-0.000980218 	0.0135822 	0
0.0107216 	-0.00103418 	0.0131917 	0
0.0111683 	-0.00108748 	0.0127973 	0
0.0116151 	-0.00113528 	0.0123763 	0
0.0120618 	-0.00118307 	0.0119553 	0
0.0125085 	-0.00122728 	0.0115239 	0
0.0129553 	-0.00126935 	0.0110865 	0
0.013402 	-0.00131067 	0.0106484 	0
0.0138487 	-0.00134769 	0.0102059 	0
0.0142955 	-0.00138471 	0.00976337 	0
0.0147422 	-0.00141891 	0.0093233 	0
0.0151889 	-0.0014517 	0.00888446 	0
0.0156357 	-0.00148385 	0.00844741 	0
0.0160824 	-0.00151327 	0.00801871 	0
0.0165291 	-0.0015427 	0.00759 	0
0.0169759 	-0.00157034 	0.00717119 	0
0.0174226 	-0.00159728 	0.00675685 	0
0.0178693 	-0.00162381 	0.00634584 	0
0.0183161 	-0.00164911 	0.00594811 	0
0.0187628 	-0.00167441 	0.00555037 	0
0.0192095 	-0.00169907 	0.00516496 	0
0.0196563 	-0.00172358 	0.0047845 	0
0.020103 	-0.00174802 	0.00440779 	0
0.0205497 	-0.00177255 	0.00404396 	0
0.0209965 	-0.00179709 	0.00368013 	0
0.0214432 	-0.00182216 	0.00332733 	0
0.0218899 	-0.0018475 	0.00297846 	0
0.0223367 	-0.00187319 	0.0026327 	0
0.0227834 	-0.00190008 	0.0022963 	0
0.0232302 	-0.00192697 	0.0019599 	0
0.0236769 	-0.0019555 	0.00163064 	0
0.0241236 	-0.00198456 	0.00130362 	0
0.0245704 	-0.00201436 	0.00097818 	0
0.0250171 	-0.00204609 	0.000656998 	0
0.0254638 	-0.00207783 	0.000335815 	0
0.0259106 	-0.00211214 	1.62516e-05 	0
0.0263573 	-0.00214714 	-0.000302834 	0
0.026804 	-0.00218331 	-0.000622467 	0
0.0272508 	-0.00222211 	-0.000943237 	0
0.0276975 	-0.00226092 	-0.00126401 	0
0.0281442 	-0.00230306 	-0.00158917 	0
0.028591 	-0.00234591 	-0.00191529 	0
0.0290377 	-0.00239017 	-0.00224429 	0
0.0294844 	-0.00243717 	-0.0025791 	0
0.0299312 	-0.00248417 	-0.00291391 	0
0.0303779 	-0.00253481 	-0.00325847 	0
0.0308246 	-0.00258605 	-0.00360484 	0
0.0312714 	-0.00263885 	-0.00395611 	0
0.0317181 	-0.00269427 	-0.00431625 	0
0.0321648 	-0.00274968 	-0.0046764 	0
0.0326116 	-0.0028086 	-0.00504966 	0
0.0330583 	-0.00286795 	-0.00542492 	0
0.033505 	-0.00292872 	-0.00580604 	0
0.0339518 	-0.00299157 	-0.00619669 	0
0.0343985 	-0.00305442 	-0.00658734 	0
0.0348452 	-0.00311991 	-0.00699081 	0
0.035292 	-0.00318561 	-0.00739581 	0
0.0357387 	-0.00325218 	-0.00780559 	0
0.0361854 	-0.00331982 	-0.00822233 	0
0.0366322 	-0.00338747 	-0.00863906 	0
0.0370789 	-0.0034559 	-0.00906256 	0
0.0375256 	-0.00352431 	-0.00948663 	0
0.0379724 	-0.00359249 	-0.00991113 	1.86682e-27
0.0384191 	-0.00366021 	-0.010336 	6.50384e-27
0.0388658 	-0.00372794 	-0.010761 	1.11409e-26
0.0393126 	-0.00379334 	-0.0111785 	1.51301e-26
0.0397593 	-0.00385857 	-0.0115954 	1.92864e-26
0.040206 	-0.00392161 	-0.0120035 	1.6077e-26
0.0406528 	-0.00398205 	-0.0124008 	3.44284e-27
0.0410995 	-0.00404249 	-0.0127981 	-9.19128e-27
0.0415462 	-0.00409532 	-0.0131617 	-2.1245e-26
0.041993 	-0.00414795 	-0.0135239 	-3.23391e-26
0.0424397 	-0.00419478 	-0.01386 	-3.41055e-26
0.0428864 	-0.00423555 	-0.0141671 	-2.61084e-26
0.0433332 	-0.00427612 	-0.0144738 	-1.81519e-26
0.0437799 	-0.00430027 	-0.0147027 	-1.02512e-26
0.0442266 	-0.00432427 	-0.0149301 	-3.31341e-27
0.0446734 	-0.00433739 	-0.0151048 	-5.98178e-29
0.0451201 	-0.00434044 	-0.015227 	-1.85067e-28
0.0455668 	-0.0043426 	-0.0153466 	-2.63562e-28
0.0460136 	-0.00432486 	-0.0153465 	-3.59702e-27
0.0464603 	-0.00430705 	-0.0153457 	-6.89836e-27
0.046907 	-0.00428008 	-0.0152762 	-8.89897e-27
0.0473538 	-0.00424603 	-0.0151451 	-8.77372e-27
0.0478005 	-0.00421067 	-0.015008 	-8.0143e-27
0.0482472 	-0.00415232 	-0.0147013 	-4.71296e-27
0.048694 	-0.00409398 	-0.0143946 	-1.41162e-27
0.0491407 	-0.00398005 	-0.0138828 	0
0.0495874 	-0.00382062 	-0.0132004 	0
0.0500342 	-0.00364008 	-0.0124715 	-6.35595e-28
0.0504809 	-0.00318269 	-0.0110662 	-1.64898e-26
0.0509276 	-0.0027253 	-0.00966095 	-3.23439e-26
0.0513744 	-0.00212798 	-0.00776487 	-4.14046e-26
0.0518211 	-0.00145535 	-0.00551804 	-4.11071e-26
0.0522678 	-0.000818097 	-0.00332237 	-3.69146e-26
0.0527146 	-0.000477877 	-0.00196643 	-2.10605e-26
0.0531613 	-0.000137656 	-0.000610498 	-5.20632e-27
0.053608 	-7.13295e-06 	-7.52981e-05 	5.54877e-28
0.0540548 	-3.53835e-06 	-3.51236e-05 	2.5737e-28
0.0545015 	-4.16574e-07 	-3.65024e-07 	0
0.0549482 	-3.72323e-07 	-3.21033e-07 	0
0.055395 	-3.28071e-07 	-2.77042e-07 	0
0.0558417 	-2.94025e-07 	-2.52315e-07 	0
0.0562884 	-2.67764e-07 	-2.37517e-07 	0
0.0567352 	-2.43028e-07 	-2.24386e-07 	0
0.0571819 	-2.29134e-07 	-2.19603e-07 	0
0.0576286 	-2.1524e-07 	-2.14821e-07 	0
0.0580754 	-2.03581e-07 	-2.1236e-07 	0
0.0585221 	-1.9324e-07 	-2.11005e-07 	0
0.0589688 	-1.83114e-07 	-2.09873e-07 	0
0.0594156 	-1.74278e-07 	-2.09638e-07 	0
0.0598623 	-1.65443e-07 	-2.09402e-07 	0
0.060309 	-1.57326e-07 	-2.0946e-07 	0
0.0607558 	-1.49574e-07 	-2.09619e-07 	0
0.0612025 	-1.41999e-07 	-2.09839e-07 	0
0.0616492 	-1.35216e-07 	-2.1021e-07 	0
0.062096 	-1.28434e-07 	-2.10581e-07 	0
0.0625427 	-1.22264e-07 	-2.11109e-07 	0
0.0629894 	-1.16361e-07 	-2.11677e-07 	0
0.0634362 	-1.1062e-07 	-2.12308e-07 	0
0.0638829 	-1.05495e-07 	-2.13095e-07 	0
0.0643296 	-1.0037e-07 	-2.13882e-07 	0
0.0647764 	-9.57274e-08 	-2.1486e-07 	0
0.0652231 	-9.12744e-08 	-2.1589e-07 	0
0.0656698 	-8.69526e-08 	-2.16994e-07 	0
0.0661166 	-8.30731e-08 	-2.18284e-07 	0
0.0665633 	-7.91937e-08 	-2.19573e-07 	0
0.0670101 	-7.56741e-08 	-2.21075e-07 	0
0.0674568 	-7.22814e-08 	-2.22633e-07 	0
0.0679035 	-6.89915e-08 	-2.24272e-07 	0
0.0683503 	-6.60112e-08 	-2.26103e-07 	0
0.068797 	-6.30308e-08 	-2.27935e-07 	0
0.0692437 	-6.03155e-08 	-2.29987e-07 	0
0.0696905 	-5.76845e-08 	-2.32094e-07 	0
0.0701372 	-5.51328e-08 	-2.34286e-07 	0
0.0705839 	-5.2798e-08 	-2.36668e-07 	0
0.0710307 	-5.04632e-08 	-2.3905e-07 	0
0.0714774 	-4.83238e-08 	-2.41658e-07 	0
0.0719241 	-4.62406e-08 	-2.44316e-07 	0
0.0723709 	-4.42183e-08 	-2.47064e-07 	0
0.0728176 	-4.23488e-08 	-2.49997e-07 	0
0.0732643 	-4.04793e-08 	-2.5293e-07 	0
0.0737111 	-3.87537e-08 	-2.56094e-07 	0
0.0741578 	-3.70658e-08 	-2.59302e-07 	0
0.0746045 	-3.54239e-08 	-2.62606e-07 	1.37396e-29
0.0750513 	-3.389e-08 	-2.6609e-07 	5.73449e-29
0.075498 	-3.23561e-08 	-2.69573e-07 	1.0095e-28
0.0759447 	-3.09268e-08 	-2.73295e-07 	1.52874e-28
0.0763915 	-2.95231e-08 	-2.77054e-07 	1.99447e-28
0.0768382 	-2.81531e-08 	-2.80917e-07 	2.13795e-28
0.0772849 	-2.68588e-08 	-2.84953e-07 	1.7019e-28
0.0777317 	-2.55646e-08 	-2.8899e-07 	1.26584e-28
0.0781784 	-2.43441e-08 	-2.93272e-07 	7.40542e-29
0.0786251 	-2.31411e-08 	-2.97587e-07 	2.74819e-29
0.0790719 	-2.19609e-08 	-3.02012e-07 	0
0.0795186 	-2.08329e-08 	-3.06607e-07 	0
0.0799653 	-1.97049e-08 	-3.11201e-07 	0
0.0804121 	-1.8625e-08 	-3.16051e-07 	0
0.0808588 	-1.75573e-08 	-3.20927e-07 	0
0.0813055 	-1.65029e-08 	-3.25921e-07 	4.43964e-29
0.0817523 	-1.54824e-08 	-3.3108e-07 	1.58207e-28
0.082199 	-1.44619e-08 	-3.36239e-07 	2.72018e-28
0.0826457 	-1.34673e-08 	-3.41662e-07 	3.9355e-28
0.0830925 	-1.24817e-08 	-3.47106e-07 	5.10155e-28
0.0835392 	-1.15e-08 	-3.52676e-07 	4.76805e-28
0.0839859 	-1.05379e-08 	-3.58407e-07 	2.4415e-28
0.0844327 	-9.57568e-09 	-3.64137e-07 	1.14951e-29
0.0848794 	-8.61914e-09 	-3.70142e-07 	-2.36174e-28
0.0853261 	-7.66959e-09 	-3.7616e-07 	-4.73305e-28
0.0857729 	-6.71467e-09 	-3.82313e-07 	-5.43295e-28
0.0862196 	-5.76733e-09 	-3.88621e-07 	-4.24451e-28
0.0866663 	-4.81998e-09 	-3.94929e-07 	-3.05606e-28
0.0871131 	-3.85846e-09 	-4.01512e-07 	-1.79595e-28
0.0875598 	-2.90314e-09 	-4.08102e-07 	-5.90687e-29
0.0880065 	-1.93591e-09 	-3.34694e-07 	0
0.0884533 	-9.69637e-10 	-1.69265e-07 	0
0.0889 	0 	0 	0
