0 	0 	0 	0
0.000446734 	0.000196675 	0.00320845 	4.24594e-26
0.000893467 	0.000393365 	0.00639765 	8.46346e-26
0.0013402 	0.000557394 	0.00888405 	9.41365e-26
0.00178693 	0.000689578 	0.0107026 	7.32777e-26
0.00223367 	0.000817328 	0.0124846 	5.20139e-26
0.0026804 	0.000852131 	0.0132898 	3.06975e-26
0.00312714 	0.000886935 	0.014095 	9.38114e-27
0.00357387 	0.000899967 	0.0146646 	1.00313e-26
0.0040206 	0.000896726 	0.0150412 	2.95062e-26
0.00446734 	0.000892333 	0.0154069 	4.96578e-26
0.00491407 	0.000880119 	0.0155862 	8.17504e-26
0.0053608 	0.000867905 	0.0157656 	1.13843e-25
0.00580754 	0.000853017 	0.0158583 	1.23513e-25
0.00625427 	0.000836902 	0.0158842 	1.16743e-25
0.00670101 	0.000820078 	0.0158996 	1.07737e-25
0.00714774 	0.000799784 	0.0157906 	7.56446e-26
0.00759447 	0.00077949 	0.0156816 	4.3552e-26
0.00804121 	0.000756933 	0.0155082 	2.38538e-26
0.00848794 	0.000733302 	0.0152901 	1.11493e-26
0.00893467 	0.000709262 	0.0150635 	0
0.00938141 	0.000683609 	0.0147641 	0
0.00982814 	0.000657956 	0.0144646 	0
0.0102749 	0.000631673 	0.0141302 	0
0.0107216 	0.000605195 	0.0137742 	0
0.0111683 	0.000578679 	0.0134134 	0
0.0116151 	0.000552327 	0.0130212 	0
0.0120618 	0.000525974 	0.012629 	0
0.0125085 	0.000500138 	0.0122239 	0
0.0129553 	0.000474588 	0.0118117 	0
0.013402 	0.000449277 	0.0113983 	0
0.0138487 	0.000424969 	0.0109788 	0
0.0142955 	0.000400661 	0.0105593 	0
0.0147422 	0.000377445 	0.0101417 	0
0.0151889 	0.00035465 	0.00972502 	0
0.0156357 	0.000332265 	0.00931024 	0
0.0160824 	0.000311137 	0.0089044 	0
0.0165291 	0.000290009 	0.00849856 	0
0.0169759 	0.000270214 	0.00810422 	0
0.0174226 	0.000250823 	0.00771513 	0
0.0178693 	0.000231931 	0.00733022 	0
0.0183161 	0.000214277 	0.00696202 	0
0.0187628 	0.000196622 	0.00659382 	0
0.0192095 	0.000180319 	0.00624234 	0
0.0196563 	0.00016434 	0.00589758 	0
0.020103 	0.000148872 	0.00555839 	0
0.0205497 	0.000134461 	0.00523827 	0
0.0209965 	0.00012005 	0.00491815 	0
0.0214432 	0.000106842 	0.00461628 	0
0.0218899 	9.38533e-05 	0.00432086 	0
0.0223367 	8.13214e-05 	0.00403144 	0
0.0227834 	6.95803e-05 	0.00375983 	0
0.0232302 	5.78392e-05 	0.00348823 	0
0.0236769 	4.70325e-05 	0.00323356 	0
0.0241236 	3.6343e-05 	0.00298411 	0
0.0245704 	2.60016e-05 	0.00274016 	0
0.0250171 	1.61518e-05 	0.00251055 	0
0.0254638 	6.3021e-06 	0.00228094 	0
0.0259106 	-2.96369e-06 	0.00206477 	0
0.0263573 	-1.2198e-05 	0.00185218 	0
0.026804 	-2.12395e-05 	0.00164377 	0
0.0272508 	-3.00961e-05 	0.00144497 	0
0.0276975 	-3.89527e-05 	0.00124617 	0
0.0281442 	-4.76455e-05 	0.00105577 	0
0.028591 	-5.63718e-05 	0.000867245 	0
0.0290377 	-6.50922e-05 	0.000680895 	0
0.0294844 	-7.39068e-05 	0.000498931 	0
0.0299312 	-8.27214e-05 	0.000316968 	0
0.0303779 	-9.17854e-05 	0.000137315 	0
0.0308246 	-0.000100912 	-4.19321e-05 	0
0.0312714 	-0.000110255 	-0.000221556 	0
0.0317181 	-0.000119966 	-0.000401966 	0
0.0321648 	-0.000129676 	-0.000582376 	0
0.0326116 	-0.000140133 	-0.000767072 	0
0.0330583 	-0.000150667 	-0.000952479 	0
0.033505 	-0.000161653 	-0.00114114 	0
0.0339518 	-0.000173235 	-0.00133526 	0
0.0343985 	-0.000184818 	-0.00152938 	0
0.0348452 	-0.000197645 	-0.00173434 	0
0.035292 	-0.000210538 	-0.00194069 	0
0.0357387 	-0.000224164 	-0.00215322 	0
0.0361854 	-0.000238631 	-0.00237502 	0
0.0366322 	-0.000253098 	-0.00259683 	0
0.0370789 	-0.000269356 	-0.00283534 	0
0.0375256 	-0.000285652 	-0.00307545 	0
0.0379724 	-0.000302968 	-0.00332435 	-1.39221e-26
0.0384191 	-0.000321333 	-0.00358511 	-4.85035e-26
0.0388658 	-0.000339699 	-0.00384586 	-8.3085e-26
0.0393126 	-0.000360374 	-0.00412764 	-1.15846e-25
0.0397593 	-0.000381037 	-0.00441079 	-1.50133e-25
0.040206 	-0.000402993 	-0.00470451 	-1.47685e-25
0.0406528 	-0.00042616 	-0.00501105 	-9.96567e-26
0.0410995 	-0.000449326 	-0.00531758 	-5.16281e-26
0.0415462 	-0.000475248 	-0.0056468 	-3.93014e-27
0.041993 	-0.000501095 	-0.00597683 	4.34721e-26
0.0424397 	-0.000528461 	-0.00631765 	6.11506e-26
0.0428864 	-0.000557128 	-0.00667022 	4.77034e-26
0.0433332 	-0.000585854 	-0.00702296 	3.38826e-26
0.0437799 	-0.000617512 	-0.00739555 	1.938e-26
0.0442266 	-0.000649086 	-0.00776846 	6.26406e-27
0.0446734 	-0.0006823 	-0.00814982 	-5.88756e-27
0.0451201 	-0.000716805 	-0.00853941 	-1.82152e-26
0.0455668 	-0.000751488 	-0.00892933 	-3.16685e-26
0.0460136 	-0.000788889 	-0.00933021 	-4.44157e-26
0.0464603 	-0.000826271 	-0.00973115 	-5.663e-26
0.046907 	-0.000865227 	-0.0101344 	-5.59419e-26
0.0473538 	-0.000905336 	-0.0105395 	-4.36143e-26
0.0478005 	-0.000945654 	-0.0109446 	-2.96511e-26
0.0482472 	-0.000988219 	-0.0113446 	-1.74369e-26
0.048694 	-0.00103079 	-0.0117445 	-5.22268e-27
0.0491407 	-0.00107454 	-0.0121353 	0
0.0495874 	-0.00111912 	-0.0125182 	0
0.0500342 	-0.00116383 	-0.0128994 	1.08457e-27
0.0504809 	-0.00120975 	-0.0132505 	2.81379e-26
0.0509276 	-0.00125567 	-0.0136016 	5.51913e-26
0.0513744 	-0.00130182 	-0.013924 	8.71061e-26
0.0518211 	-0.00134816 	-0.0142247 	1.16374e-25
0.0522678 	-0.00139435 	-0.0145193 	1.41061e-25
0.0527146 	-0.00143987 	-0.0147474 	1.14008e-25
0.0531613 	-0.0014854 	-0.0149754 	8.69547e-26
0.053608 	-0.00152957 	-0.0151448 	5.45875e-26
0.0540548 	-0.00157308 	-0.0152746 	2.53195e-26
0.0545015 	-0.00161603 	-0.0153906 	0
0.0549482 	-0.00165679 	-0.0153958 	0
0.055395 	-0.00169754 	-0.015401 	0
0.0558417 	-0.00173607 	-0.0153153 	0
0.0562884 	-0.00177375 	-0.0151747 	0
0.0567352 	-0.00181131 	-0.0150132 	0
0.0571819 	-0.00185167 	-0.0147193 	0
0.0576286 	-0.00189203 	-0.0144254 	0
0.0580754 	-0.00194848 	-0.0140094 	0
0.0585221 	-0.00201466 	-0.013526 	0
0.0589688 	-0.00207502 	-0.0129753 	0
0.0594156 	-0.00209287 	-0.0120531 	0
0.0598623 	-0.00211073 	-0.0111308 	0
0.060309 	-0.00187016 	-0.00958327 	0
0.0607558 	-0.00149753 	-0.00773292 	0
0.0612025 	-0.00110004 	-0.00584128 	0
0.0616492 	-0.000688706 	-0.00397791 	0
0.062096 	-0.000277369 	-0.00211454 	0
0.0625427 	-0.000113985 	-0.00112526 	0
0.0629894 	-4.93249e-05 	-0.00048808 	0
0.0634362 	1.27756e-07 	-5.61431e-07 	0
0.0638829 	5.63968e-08 	-4.97123e-07 	0
0.0643296 	-1.49627e-08 	-4.32815e-07 	0
0.0647764 	-5.19215e-08 	-3.9767e-07 	0
0.0652231 	-7.63577e-08 	-3.73812e-07 	0
0.0656698 	-9.62244e-08 	-3.52065e-07 	0
0.0661166 	-1.02818e-07 	-3.38272e-07 	0
0.0665633 	-1.09411e-07 	-3.24479e-07 	0
0.0670101 	-1.10625e-07 	-3.15584e-07 	0
0.0674568 	-1.10329e-07 	-3.08438e-07 	0
0.0679035 	-1.09251e-07 	-3.02329e-07 	0
0.0683503 	-1.0644e-07 	-2.99219e-07 	0
0.068797 	-1.03629e-07 	-2.96109e-07 	0
0.0692437 	-1.00129e-07 	-2.94919e-07 	0
0.0696905 	-9.65207e-08 	-2.94288e-07 	0
0.0701372 	-9.28374e-08 	-2.94124e-07 	0
0.0705839 	-8.91186e-08 	-2.95098e-07 	0
0.0710307 	-8.53997e-08 	-2.96072e-07 	0
0.0714774 	-8.17816e-08 	-2.97948e-07 	0
0.0719241 	-7.82241e-08 	-3.0004e-07 	0
0.0723709 	-7.47271e-08 	-3.02403e-07 	0
0.0728176 	-7.14286e-08 	-3.05335e-07 	0
0.0732643 	-6.81301e-08 	-3.08268e-07 	0
0.0737111 	-6.50483e-08 	-3.11767e-07 	0
0.0741578 	-6.20315e-08 	-3.15377e-07 	0
0.0746045 	-5.90933e-08 	-3.19189e-07 	-1.59516e-30
0.0750513 	-5.63484e-08 	-3.23376e-07 	-6.65772e-30
0.075498 	-5.36035e-08 	-3.27564e-07 	-1.17203e-29
0.0759447 	-5.10578e-08 	-3.32195e-07 	-1.39742e-29
0.0763915 	-4.85608e-08 	-3.36897e-07 	-1.48205e-29
0.0768382 	-4.61327e-08 	-3.41776e-07 	-1.28634e-29
0.0772849 	-4.38549e-08 	-3.46951e-07 	-7.80082e-30
0.0777317 	-4.15771e-08 	-3.52126e-07 	-2.73826e-30
0.0781784 	-3.9455e-08 	-3.57695e-07 	-1.34565e-30
0.0786251 	-3.73665e-08 	-3.63315e-07 	-4.99377e-31
0.0790719 	-3.53307e-08 	-3.69104e-07 	0
0.0795186 	-3.34026e-08 	-3.7515e-07 	0
0.0799653 	-3.14746e-08 	-3.81195e-07 	0
0.0804121 	-2.96573e-08 	-3.87616e-07 	0
0.0808588 	-2.78625e-08 	-3.94074e-07 	0
0.0813055 	-2.61033e-08 	-4.00701e-07 	1.03208e-29
0.0817523 	-2.44165e-08 	-4.07563e-07 	3.67782e-29
0.082199 	-2.27297e-08 	-4.14424e-07 	6.32356e-29
0.0826457 	-2.11123e-08 	-4.21655e-07 	9.44378e-29
0.0830925 	-1.95101e-08 	-4.28914e-07 	1.24668e-28
0.0835392 	-1.79266e-08 	-4.36346e-07 	1.16544e-28
0.0839859 	-1.6387e-08 	-4.43998e-07 	5.68447e-29
0.0844327 	-1.48474e-08 	-4.5165e-07 	-2.85429e-30
0.0848794 	-1.33392e-08 	-4.59674e-07 	-7.14435e-29
0.0853261 	-1.18417e-08 	-4.67716e-07 	-1.37171e-28
0.0857729 	-1.0346e-08 	-4.75939e-07 	-1.56595e-28
0.0862196 	-8.871e-09 	-4.84371e-07 	-1.23353e-28
0.0866663 	-7.39599e-09 	-4.92803e-07 	-9.01115e-29
0.0871131 	-5.91582e-09 	-5.01605e-07 	-5.28947e-29
0.0875598 	-4.44429e-09 	-5.10415e-07 	-1.73971e-29
0.0880065 	-2.96079e-09 	-4.18852e-07 	0
0.0884533 	-1.48262e-09 	-2.1183e-07 	0
0.0889 	0 	0 	0
