0 	0 	0 	0
0.000446734 	-4.28127e-05 	0.000572588 	-5.57918e-27
0.000893467 	-8.56255e-05 	0.00114518 	-1.11584e-26
0.0013402 	-0.000154372 	0.0015043 	-1.24493e-26
0.00178693 	-0.000247787 	0.00166037 	-9.66119e-27
0.00223367 	-0.000341356 	0.00181126 	-6.873e-27
0.0026804 	-0.000440947 	0.00175987 	-4.08193e-27
0.00312714 	-0.000540538 	0.00170847 	-1.29087e-27
0.00357387 	-0.000626223 	0.00160587 	0
0.0040206 	-0.000699943 	0.00145919 	0
0.00446734 	-0.000771698 	0.00131024 	0
0.00491407 	-0.000806113 	0.00111801 	0
0.0053608 	-0.000840529 	0.000925777 	0
0.00580754 	-0.000851348 	0.000725939 	0
0.00625427 	-0.000843814 	0.000520186 	0
0.00670101 	-0.000833445 	0.000315592 	-4.2118e-28
0.00714774 	-0.000788107 	0.000125307 	-6.03691e-27
0.00759447 	-0.000742768 	-6.49781e-05 	-1.16526e-26
0.00804121 	-0.000681118 	-0.000231302 	-1.71584e-26
0.00848794 	-0.000608015 	-0.000380803 	-2.25871e-26
0.00893467 	-0.00053353 	-0.000524552 	-2.69113e-26
0.00938141 	-0.00044661 	-0.00061654 	-2.12955e-26
0.00982814 	-0.00035969 	-0.000708529 	-1.56798e-26
0.0102749 	-0.000273113 	-0.00076335 	-1.01787e-26
0.0107216 	-0.000186752 	-0.000794658 	-4.75005e-27
0.0111683 	-0.000101833 	-0.000819709 	-2.76274e-28
0.0116151 	-2.70128e-05 	-0.000800966 	-2.48646e-27
0.0120618 	4.78077e-05 	-0.000782222 	-4.69665e-27
0.0125085 	0.000111734 	-0.000743322 	-6.79849e-27
0.0129553 	0.000169465 	-0.000692962 	-8.83871e-27
0.013402 	0.000224517 	-0.000640691 	-1.02414e-26
0.0138487 	0.000264389 	-0.0005776 	-8.03117e-27
0.0142955 	0.000304261 	-0.000514509 	-5.82098e-27
0.0147422 	0.000333832 	-0.000452557 	-3.7234e-27
0.0151889 	0.000358157 	-0.000391186 	-1.68318e-27
0.0156357 	0.000380417 	-0.000331571 	0
0.0160824 	0.000392945 	-0.000280237 	0
0.0165291 	0.000405474 	-0.000228904 	0
0.0169759 	0.000412639 	-0.000186497 	0
0.0174226 	0.000417365 	-0.000148148 	0
0.0178693 	0.000421223 	-0.000112246 	0
0.0183161 	0.000421605 	-8.61354e-05 	0
0.0187628 	0.000421987 	-6.00243e-05 	0
0.0192095 	0.000421067 	-4.07902e-05 	0
0.0196563 	0.00041962 	-2.4331e-05 	0
0.020103 	0.000418095 	-9.38356e-06 	0
0.0205497 	0.0004163 	3.56918e-07 	0
0.0209965 	0.000414505 	1.00974e-05 	0
0.0214432 	0.000412871 	1.65894e-05 	0
0.0218899 	0.000411293 	2.19252e-05 	0
0.0223367 	0.000409742 	2.6467e-05 	-2.82193e-28
0.0227834 	0.000408271 	2.86268e-05 	-1.41096e-27
0.0232302 	0.000406799 	3.07867e-05 	-2.53974e-27
0.0236769 	0.000404983 	3.05867e-05 	-3.58969e-27
0.0241236 	0.00040306 	2.96516e-05 	-4.61509e-27
0.0245704 	0.000400788 	2.76255e-05 	-5.04809e-27
0.0250171 	0.000397598 	2.27228e-05 	-3.91932e-27
0.0254638 	0.000394407 	1.78202e-05 	-2.79055e-27
0.0259106 	0.000389475 	8.61563e-06 	-3.05214e-27
0.0263573 	0.000384072 	-1.74971e-06 	-3.68891e-27
0.026804 	0.000377727 	-1.42667e-05 	-4.57926e-27
0.0272508 	0.000369182 	-3.18041e-05 	-6.06128e-27
0.0276975 	0.000360636 	-4.93415e-05 	-7.54329e-27
0.0281442 	0.00034886 	-7.39226e-05 	-6.47066e-27
0.028591 	0.000336338 	-0.000100129 	-4.80849e-27
0.0290377 	0.000322326 	-0.000129422 	-3.20486e-27
0.0294844 	0.00030522 	-0.000165124 	-1.72285e-27
0.0299312 	0.000288114 	-0.000200827 	-2.40828e-28
0.0303779 	0.000267088 	-0.000244083 	0
0.0308246 	0.000245302 	-0.000288805 	0
0.0312714 	0.000222162 	-0.000335642 	0
0.0317181 	0.000196508 	-0.000386409 	0
0.0321648 	0.000170854 	-0.000437176 	0
0.0326116 	0.000143771 	-0.000486224 	-1.55256e-27
0.0330583 	0.000116461 	-0.000534998 	-3.35263e-27
0.033505 	8.99746e-05 	-0.000576339 	-5.12746e-27
0.0339518 	6.48625e-05 	-0.000605292 	-6.86023e-27
0.0343985 	3.97504e-05 	-0.000634245 	-8.593e-27
0.0348452 	2.10561e-05 	-0.000616109 	-7.19037e-27
0.035292 	3.17537e-06 	-0.000592004 	-5.3903e-27
0.0357387 	-8.30545e-06 	-0.000525973 	-3.61715e-27
0.0361854 	-1.01863e-05 	-0.000397053 	-1.88439e-27
0.0366322 	-1.20672e-05 	-0.000268133 	-1.51617e-28
0.0370789 	-7.92483e-06 	-0.000164889 	9.80058e-31
0.0375256 	-3.20487e-06 	-6.41079e-05 	2.05409e-30
0.0379724 	-4.41705e-07 	-5.11177e-06 	2.65696e-30
0.0384191 	-3.25989e-07 	-2.64876e-06 	2.62237e-30
0.0388658 	-2.10273e-07 	-1.85736e-07 	2.58779e-30
0.0393126 	-2.27937e-07 	-2.73556e-08 	1.57872e-30
0.0397593 	-2.54494e-07 	-2.26174e-08 	5.0468e-31
0.040206 	-2.69001e-07 	-1.86019e-08 	-7.04746e-32
0.0406528 	-2.68781e-07 	-1.54697e-08 	-3.58858e-32
0.0410995 	-2.68561e-07 	-1.23376e-08 	-1.29708e-33
0.0415462 	-2.68763e-07 	-1.01215e-08 	0
0.041993 	-2.68982e-07 	-7.941e-09 	0
0.0424397 	-2.69314e-07 	-6.08236e-09 	0
0.0428864 	-2.69771e-07 	-4.5794e-09 	0
0.0433332 	-2.70227e-07 	-3.07643e-09 	0
0.0437799 	-2.70784e-07 	-2.0817e-09 	-3.69788e-30
0.0442266 	-2.71341e-07 	-1.09341e-09 	-7.44256e-30
0.0446734 	-2.71907e-07 	-3.07758e-10 	-1.14815e-29
0.0451201 	-2.7248e-07 	2.75241e-10 	-1.58148e-29
0.0455668 	-2.73053e-07 	8.54168e-10 	-2.0047e-29
0.0460136 	-2.73586e-07 	1.11136e-09 	-1.63024e-29
0.0464603 	-2.7412e-07 	1.36856e-09 	-1.25577e-29
0.046907 	-2.74613e-07 	1.48664e-09 	-8.50399e-30
0.0473538 	-2.7507e-07 	1.47884e-09 	-4.17075e-30
0.0478005 	-2.75523e-07 	1.46292e-09 	2.23612e-31
0.0482472 	-2.75877e-07 	1.23834e-09 	6.18659e-30
0.048694 	-2.76231e-07 	1.01376e-09 	1.21496e-29
0.0491407 	-2.76518e-07 	6.91489e-10 	1.83951e-29
0.0495874 	-2.76749e-07 	2.89299e-10 	2.48719e-29
0.0500342 	-2.76971e-07 	-1.21969e-10 	3.05711e-29
0.0504809 	-2.77064e-07 	-6.6941e-10 	2.46081e-29
0.0509276 	-2.77157e-07 	-1.21685e-09 	1.86452e-29
0.0513744 	-2.77164e-07 	-1.83232e-09 	2.09551e-29
0.0518211 	-2.77107e-07 	-2.49808e-09 	2.93798e-29
0.0522678 	-2.77036e-07 	-3.17223e-09 	3.84561e-29
0.0527146 	-2.7682e-07 	-3.93388e-09 	5.43275e-29
0.0531613 	-2.76604e-07 	-4.69553e-09 	7.01989e-29
0.053608 	-2.76289e-07 	-5.50357e-09 	6.76066e-29
0.0540548 	-2.75908e-07 	-6.34253e-09 	5.27051e-29
0.0545015 	-2.75508e-07 	-7.18847e-09 	3.76945e-29
0.0549482 	-2.74957e-07 	-8.08953e-09 	2.18231e-29
0.055395 	-2.74405e-07 	-8.9906e-09 	5.95176e-30
0.0558417 	-2.73746e-07 	-9.92282e-09 	0
0.0562884 	-2.73021e-07 	-1.08737e-08 	0
0.0567352 	-2.72272e-07 	-1.18302e-08 	0
0.0571819 	-2.71371e-07 	-1.28214e-08 	0
0.0576286 	-2.70471e-07 	-1.38126e-08 	0
0.0580754 	-2.69455e-07 	-1.48252e-08 	0
0.0585221 	-2.68378e-07 	-1.58494e-08 	0
0.0589688 	-2.67271e-07 	-1.68781e-08 	-3.55109e-30
0.0594156 	-2.66015e-07 	-1.79301e-08 	-2.5404e-29
0.0598623 	-2.64759e-07 	-1.89821e-08 	-4.72568e-29
0.060309 	-2.63383e-07 	-2.00505e-08 	-6.97788e-29
0.0607558 	-2.61948e-07 	-2.1127e-08 	-9.26229e-29
0.0612025 	-2.6048e-07 	-2.22076e-08 	-1.07086e-28
0.0616492 	-2.58866e-07 	-2.33067e-08 	-8.52335e-29
0.062096 	-2.57252e-07 	-2.44059e-08 	-6.33806e-29
0.0625427 	-2.55511e-07 	-2.55206e-08 	-4.08338e-29
0.0629894 	-2.53717e-07 	-2.66421e-08 	-1.79897e-29
0.0634362 	-2.51883e-07 	-2.77686e-08 	0
0.0638829 	-2.49907e-07 	-2.89135e-08 	0
0.0643296 	-2.47931e-07 	-3.00583e-08 	0
0.0647764 	-2.45821e-07 	-3.12217e-08 	0
0.0652231 	-2.43662e-07 	-3.2392e-08 	0
0.0656698 	-2.41458e-07 	-3.35692e-08 	-3.30494e-30
0.0661166 	-2.39112e-07 	-3.47682e-08 	-1.72205e-29
0.0665633 	-2.36766e-07 	-3.59673e-08 	-3.1136e-29
0.0670101 	-2.34279e-07 	-3.7191e-08 	-4.54253e-29
0.0674568 	-2.31745e-07 	-3.84229e-08 	-5.98393e-29
0.0679035 	-2.29159e-07 	-3.96649e-08 	-6.68167e-29
0.0683503 	-2.26432e-07 	-4.09349e-08 	-5.29012e-29
0.068797 	-2.23705e-07 	-4.22049e-08 	-3.89857e-29
0.0692437 	-2.20825e-07 	-4.35091e-08 	-2.46839e-29
0.0696905 	-2.17901e-07 	-4.48234e-08 	-1.02699e-29
0.0701372 	-2.14918e-07 	-4.61524e-08 	0
0.0705839 	-2.11791e-07 	-4.75181e-08 	0
0.0710307 	-2.08664e-07 	-4.88837e-08 	0
0.0714774 	-2.0537e-07 	-5.02972e-08 	-1.31041e-29
0.0719241 	-2.02034e-07 	-5.17227e-08 	-2.94842e-29
0.0723709 	-1.9863e-07 	-5.31699e-08 	-4.6014e-29
0.0728176 	-1.95077e-07 	-5.46648e-08 	-6.28731e-29
0.0732643 	-1.91524e-07 	-5.61597e-08 	-7.97322e-29
0.0737111 	-1.87786e-07 	-5.77211e-08 	-6.91689e-29
0.0741578 	-1.84009e-07 	-5.92966e-08 	-5.27888e-29
0.0746045 	-1.80152e-07 	-6.09038e-08 	-3.62471e-29
0.0750513 	-1.7614e-07 	-6.25729e-08 	-1.9388e-29
0.075498 	-1.72128e-07 	-6.4242e-08 	-2.52887e-30
0.0759447 	-1.67908e-07 	-6.60036e-08 	0
0.0763915 	-1.63652e-07 	-6.77816e-08 	0
0.0768382 	-1.59303e-07 	-6.96055e-08 	0
0.0772849 	-1.54792e-07 	-7.15101e-08 	0
0.0777317 	-1.5028e-07 	-7.34148e-08 	0
0.0781784 	-1.45536e-07 	-7.54491e-08 	0
0.0786251 	-1.40758e-07 	-7.75018e-08 	0
0.0790719 	-1.35872e-07 	-7.96218e-08 	0
0.0795186 	-1.30817e-07 	-8.18482e-08 	0
0.0799653 	-1.25761e-07 	-8.40745e-08 	0
0.0804121 	-1.20447e-07 	-8.64847e-08 	0
0.0808588 	-1.15104e-07 	-8.89152e-08 	0
0.0813055 	-1.09639e-07 	-9.14453e-08 	0
0.0817523 	-1.04e-07 	-9.4117e-08 	0
0.082199 	-9.83619e-08 	-9.67887e-08 	0
0.0826457 	-9.24478e-08 	-9.97243e-08 	0
0.0830925 	-8.65113e-08 	-1.02681e-07 	0
0.0835392 	-8.04465e-08 	-1.05786e-07 	0
0.0839859 	-7.4217e-08 	-1.0908e-07 	0
0.0844327 	-6.79874e-08 	-1.12374e-07 	0
0.0848794 	-6.14962e-08 	-1.16045e-07 	0
0.0853261 	-5.49911e-08 	-1.19736e-07 	0
0.0857729 	-4.8375e-08 	-1.23639e-07 	0
0.0862196 	-4.16298e-08 	-1.27789e-07 	0
0.0866663 	-3.48845e-08 	-1.31939e-07 	0
0.0871131 	-2.79611e-08 	-1.36593e-07 	0
0.0875598 	-2.10332e-08 	-1.4126e-07 	0
0.0880065 	-1.40564e-08 	-1.15499e-07 	0
0.0884533 	-7.02819e-09 	-5.77494e-08 	0
0.0889 	-2.20152e-22 	-2.11844e-21 	0
