0 	0 	0 	0
0.000446734 	-1.21558e-05 	-5.91622e-05 	8.33599e-26
0.000893467 	-2.43117e-05 	-0.000118324 	1.6672e-25
0.0013402 	-3.88712e-05 	-0.00016969 	2.92579e-25
0.00178693 	-5.57172e-05 	-0.000213639 	4.58866e-25
0.00223367 	-7.23432e-05 	-0.000256807 	6.18928e-25
0.0026804 	-8.0394e-05 	-0.000269552 	5.36268e-25
0.00312714 	-8.84447e-05 	-0.000282297 	4.53609e-25
0.00357387 	-8.39163e-05 	-0.000271262 	2.81566e-25
0.0040206 	-6.8564e-05 	-0.000239766 	3.26112e-26
0.00446734 	-5.12467e-05 	-0.000205544 	-2.05957e-25
0.00491407 	3.40724e-06 	-0.00011952 	-2.47185e-25
0.0053608 	5.80611e-05 	-3.34959e-05 	-2.88412e-25
0.00580754 	0.000143929 	8.6934e-05 	-1.93651e-25
0.00625427 	0.000254074 	0.000234124 	6.87989e-27
0.00670101 	0.000369455 	0.000385937 	2.06971e-25
0.00714774 	0.00054942 	0.000594763 	4.01647e-25
0.00759447 	0.000729385 	0.000803589 	5.96322e-25
0.00804121 	0.000955103 	0.00104337 	6.07381e-25
0.00848794 	0.00121295 	0.00130488 	4.89519e-25
0.00893467 	0.00147834 	0.00156972 	3.79636e-25
0.00938141 	0.00181175 	0.00186445 	3.41568e-25
0.00982814 	0.00214515 	0.00215918 	3.035e-25
0.0102749 	0.00251658 	0.00245772 	4.41347e-25
0.0107216 	0.00291207 	0.00275868 	6.90487e-25
0.0111683 	0.00331265 	0.00305687 	8.89076e-25
0.0116151 	0.00374891 	0.00333569 	7.33806e-25
0.0120618 	0.00418517 	0.00361452 	5.78537e-25
0.0125085 	0.00463228 	0.00386424 	2.36138e-25
0.0129553 	0.00508556 	0.00409742 	-2.12668e-25
0.013402 	0.00553819 	0.00432148 	-6.21435e-25
0.0138487 	0.00598711 	0.00449396 	-8.0331e-25
0.0142955 	0.00643603 	0.00466645 	-9.85185e-25
0.0147422 	0.00687134 	0.00479482 	-9.0991e-25
0.0151889 	0.00729973 	0.00490072 	-7.03633e-25
0.0156357 	0.00772273 	0.00499527 	-4.47467e-25
0.0160824 	0.00812036 	0.00503628 	4.38929e-26
0.0165291 	0.008518 	0.00507729 	5.35253e-25
0.0169759 	0.00889105 	0.00507832 	6.84258e-25
0.0174226 	0.00925294 	0.00506118 	6.77648e-25
0.0178693 	0.00960744 	0.00503427 	6.183e-25
0.0183161 	0.00993242 	0.00496829 	3.48005e-25
0.0187628 	0.0102574 	0.00490232 	7.77099e-26
0.0192095 	0.0105569 	0.00480866 	0
0.0196563 	0.0108462 	0.00470382 	0
0.020103 	0.011128 	0.00459235 	-7.09767e-26
0.0205497 	0.011384 	0.00445804 	-3.86428e-25
0.0209965 	0.0116401 	0.00432372 	-7.0188e-25
0.0214432 	0.0118737 	0.00417369 	-1.13474e-24
0.0218899 	0.0120993 	0.00401807 	-1.60939e-24
0.0223367 	0.012318 	0.0038588 	-1.94359e-24
0.0227834 	0.012516 	0.00368861 	-1.85643e-24
0.0232302 	0.012714 	0.00351841 	-1.76927e-24
0.0236769 	0.0128929 	0.00334116 	-1.19242e-24
0.0241236 	0.0130659 	0.00316171 	-4.63036e-25
0.0245704 	0.0132326 	0.00298084 	2.18202e-25
0.0250171 	0.0133827 	0.0027962 	7.72518e-25
0.0254638 	0.0135328 	0.00261156 	1.32683e-24
0.0259106 	0.0136663 	0.0024252 	1.37338e-24
0.0263573 	0.0137955 	0.00223838 	1.28291e-24
0.026804 	0.0139187 	0.00205154 	1.1706e-24
0.0272508 	0.0140284 	0.00186466 	1.00735e-24
0.0276975 	0.0141381 	0.00167778 	8.44102e-25
0.0281442 	0.0142329 	0.00149205 	8.76589e-25
0.028591 	0.0143243 	0.00130657 	9.54246e-25
0.0290377 	0.0144102 	0.00112186 	9.30872e-25
0.0294844 	0.0144843 	0.000938722 	6.97665e-25
0.0299312 	0.0145585 	0.000755586 	4.64457e-25
0.0303779 	0.0146188 	0.000574871 	-1.00421e-25
0.0308246 	0.0146764 	0.000394626 	-7.29654e-25
0.0312714 	0.0147283 	0.000215492 	-1.114e-24
0.0317181 	0.0147698 	3.84222e-05 	-1.04357e-24
0.0321648 	0.0148112 	-0.000138648 	-9.7314e-25
0.0326116 	0.0148389 	-0.000312857 	-3.09423e-25
0.0330583 	0.0148643 	-0.000486611 	4.48875e-25
0.033505 	0.0148838 	-0.000659081 	9.7703e-25
0.0339518 	0.0148932 	-0.000829409 	1.12161e-24
0.0343985 	0.0149027 	-0.000999738 	1.2662e-24
0.0348452 	0.0148977 	-0.0011669 	8.27118e-25
0.035292 	0.0148909 	-0.00133365 	3.14054e-25
0.0357387 	0.0148774 	-0.00149888 	2.95174e-26
0.0361854 	0.0148539 	-0.00166181 	8.77743e-26
0.0366322 	0.0148303 	-0.00182475 	1.46031e-25
0.0370789 	0.014791 	-0.0019838 	6.49402e-25
0.0375256 	0.0147501 	-0.00214248 	1.19545e-24
0.0379724 	0.0147014 	-0.00229906 	1.39342e-24
0.0384191 	0.0146422 	-0.00245279 	1.12046e-24
0.0388658 	0.014583 	-0.00260652 	8.47495e-25
0.0393126 	0.0145054 	-0.00275457 	1.65866e-26
0.0397593 	0.0144266 	-0.00290224 	-8.51518e-25
0.040206 	0.0143382 	-0.00304644 	-1.38447e-24
0.0406528 	0.0142379 	-0.00318639 	-1.50779e-24
0.0410995 	0.0141377 	-0.00332635 	-1.63111e-24
0.0415462 	0.0140142 	-0.00345651 	-1.24779e-24
0.041993 	0.0138899 	-0.00358629 	-8.44741e-25
0.0424397 	0.0137523 	-0.0037096 	-5.69205e-25
0.0428864 	0.0136001 	-0.00382574 	-4.34608e-25
0.0433332 	0.013448 	-0.00394189 	-3.00012e-25
0.0437799 	0.0132636 	-0.00403995 	-2.38008e-25
0.0442266 	0.0130788 	-0.00413779 	-1.76924e-25
0.0446734 	0.0128748 	-0.00422353 	-1.16958e-25
0.0451201 	0.0126517 	-0.0042972 	-5.81112e-26
0.0455668 	0.0124281 	-0.00437047 	1.90823e-27
0.0460136 	0.0121608 	-0.00441324 	1.54567e-25
0.0464603 	0.0118936 	-0.00445601 	3.07225e-25
0.046907 	0.0116007 	-0.00447898 	5.75996e-25
0.0473538 	0.0112846 	-0.00448403 	9.49821e-25
0.0478005 	0.0109667 	-0.00448746 	1.30711e-24
0.0482472 	0.0105999 	-0.0044491 	1.24002e-24
0.048694 	0.0102332 	-0.00441073 	1.17293e-24
0.0491407 	0.0098401 	-0.00434678 	9.26795e-25
0.0495874 	0.00942549 	-0.00426188 	5.34167e-25
0.0500342 	0.00900843 	-0.00417412 	1.6563e-25
0.0504809 	0.00855473 	-0.00404354 	1.58468e-25
0.0509276 	0.00810103 	-0.00391296 	1.51306e-25
0.0513744 	0.0076335 	-0.00375937 	1.59074e-25
0.0518211 	0.00715574 	-0.00358877 	1.77877e-25
0.0522678 	0.00667763 	-0.00341558 	1.88174e-25
0.0527146 	0.00619586 	-0.00321528 	1.09768e-25
0.0531613 	0.00571409 	-0.00301498 	3.13624e-26
0.053608 	0.00524328 	-0.00280494 	0
0.0540548 	0.00477977 	-0.00258841 	0
0.0545015 	0.00432065 	-0.00237165 	0
0.0549482 	0.00389614 	-0.00215303 	0
0.055395 	0.00347163 	-0.00193441 	0
0.0558417 	0.00308118 	-0.00172195 	1.81555e-26
0.0562884 	0.00271118 	-0.00151319 	4.72042e-26
0.0567352 	0.00234979 	-0.00130687 	7.59065e-26
0.0571819 	0.00204238 	-0.0011159 	1.02435e-25
0.0576286 	0.00173497 	-0.000924935 	1.28965e-25
0.0580754 	0.00146887 	-0.000748533 	1.26561e-25
0.0585221 	0.001225 	-0.000579974 	1.08579e-25
0.0589688 	0.00099089 	-0.000415852 	8.58474e-26
0.0594156 	0.000807023 	-0.000274599 	3.86425e-26
0.0598623 	0.000623156 	-0.000133346 	-8.56239e-27
0.060309 	0.00047667 	-1.72282e-05 	-3.72308e-26
0.0607558 	0.000348182 	8.67877e-05 	-5.69744e-26
0.0612025 	0.000229346 	0.000180773 	-6.61814e-26
0.0616492 	0.000152337 	0.000231293 	-2.97304e-26
0.062096 	7.53269e-05 	0.000281813 	6.72053e-27
0.0625427 	3.09255e-05 	0.000284224 	3.39509e-26
0.0629894 	4.99233e-07 	0.000266017 	5.72297e-26
0.0634362 	-2.20848e-05 	0.000233519 	7.50719e-26
0.0638829 	-1.56064e-05 	0.000148064 	7.2767e-26
0.0643296 	-9.12798e-06 	6.26081e-05 	7.04622e-26
0.0647764 	1.27751e-05 	-4.80037e-05 	7.65918e-26
0.0652231 	4.05288e-05 	-0.000168157 	8.59207e-26
0.0656698 	6.89564e-05 	-0.000281196 	9.38275e-26
0.0661166 	9.95474e-05 	-0.000371389 	9.71687e-26
0.0665633 	0.000130138 	-0.000461582 	1.0051e-25
0.0670101 	0.000124894 	-0.000470524 	8.20929e-26
0.0674568 	0.000107704 	-0.000452382 	5.6423e-26
0.0679035 	8.59612e-05 	-0.000409814 	3.30785e-26
0.0683503 	5.14278e-05 	-0.000298617 	1.6267e-26
0.068797 	1.68944e-05 	-0.000187419 	-5.44443e-28
0.0692437 	6.28163e-06 	-0.000111803 	-2.9789e-27
0.0696905 	2.61353e-06 	-4.65166e-05 	-1.2394e-27
0.0701372 	-1.27364e-14 	-4.57093e-14 	6.0631e-35
0.0705839 	-6.94709e-15 	-2.49324e-14 	3.30715e-35
0.0710307 	-1.15783e-15 	-4.1554e-15 	5.51191e-36
0.0714774 	2.57496e-20 	-6.65759e-21 	-2.27297e-42
0.0719241 	2.87774e-20 	-7.00154e-21 	-1.09763e-42
0.0723709 	3.08123e-20 	-7.31621e-21 	-2.1531e-42
0.0728176 	3.0663e-20 	-7.56647e-21 	-8.11634e-42
0.0732643 	3.05138e-20 	-7.81672e-21 	-1.40796e-41
0.0737111 	3.0308e-20 	-8.10212e-21 	-2.43113e-41
0.0741578 	3.00903e-20 	-8.39498e-21 	-3.54485e-41
0.0746045 	2.98292e-20 	-8.71037e-21 	-4.83857e-41
0.0750513 	2.94831e-20 	-9.07e-21 	-6.48563e-41
0.075498 	2.91369e-20 	-9.42963e-21 	-8.13269e-41
0.0759447 	2.86813e-20 	-9.84119e-21 	-8.22618e-41
0.0763915 	2.82064e-20 	-1.02619e-20 	-8.04552e-41
0.0768382 	2.7689e-20 	-1.07014e-20 	-6.56762e-41
0.0772849 	2.70968e-20 	-1.11739e-20 	-2.80838e-41
0.0777317 	2.65045e-20 	-1.16464e-20 	9.50858e-42
0.0781784 	2.58197e-20 	-1.21589e-20 	4.31004e-41
0.0786251 	2.51216e-20 	-1.26771e-20 	7.61206e-41
0.0790719 	2.43859e-20 	-1.32124e-20 	1.00618e-40
0.0795186 	2.35909e-20 	-1.37747e-20 	1.11642e-40
0.0799653 	2.27959e-20 	-1.4337e-20 	1.22667e-40
0.0804121 	2.19196e-20 	-1.49412e-20 	1.1464e-40
0.0808588 	2.10341e-20 	-1.555e-20 	1.04496e-40
0.0813055 	2.01134e-20 	-1.61804e-20 	8.13326e-41
0.0817523 	1.91423e-20 	-1.68415e-20 	3.96261e-41
0.082199 	1.81712e-20 	-1.75026e-20 	-2.0803e-42
0.0826457 	1.71247e-20 	-1.82202e-20 	-4.1022e-41
0.0830925 	1.60721e-20 	-1.89424e-20 	-7.97394e-41
0.0835392 	1.49858e-20 	-1.96963e-20 	-1.03872e-40
0.0839859 	1.38564e-20 	-2.04909e-20 	-1.09253e-40
0.0844327 	1.27269e-20 	-2.12856e-20 	-1.14634e-40
0.0848794 	1.15308e-20 	-2.21619e-20 	-7.48445e-41
0.0853261 	1.03311e-20 	-2.30425e-20 	-3.26781e-41
0.0857729 	9.10375e-21 	-2.39697e-20 	-8.35555e-42
0.0862196 	7.84412e-21 	-2.49511e-20 	-4.77038e-42
0.0866663 	6.58448e-21 	-2.59325e-20 	-1.18521e-42
0.0871131 	5.28082e-21 	-2.70259e-20 	-5.41901e-41
0.0875598 	3.97603e-21 	-2.81221e-20 	-1.08646e-40
0.0880065 	2.65915e-21 	-2.30625e-20 	-1.09793e-40
0.0884533 	1.32958e-21 	-1.15312e-20 	-5.48963e-41
0.0889 	3.95298e-35 	-7.93841e-34 	-4.35305e-54
