0 	0 	0 	0
0.000446734 	-1.37725e-05 	-6.23484e-05 	7.32748e-26
0.000893467 	-2.7545e-05 	-0.000124697 	1.4655e-25
0.0013402 	-4.56419e-05 	-0.000183958 	2.5711e-25
0.00178693 	-6.78521e-05 	-0.000240284 	4.03139e-25
0.00223367 	-8.99739e-05 	-0.000296043 	5.43696e-25
0.0026804 	-0.000108648 	-0.000329703 	4.7089e-25
0.00312714 	-0.000127323 	-0.000363363 	3.98084e-25
0.00357387 	-0.000136984 	-0.000377481 	2.47018e-25
0.0040206 	-0.00013889 	-0.000374785 	2.86119e-26
0.00446734 	-0.000139227 	-0.000369703 	-1.80702e-25
0.00491407 	-0.000109761 	-0.000319299 	-2.17259e-25
0.0053608 	-8.02953e-05 	-0.000268895 	-2.53815e-25
0.00580754 	-2.4422e-05 	-0.000186688 	-1.6973e-25
0.00625427 	5.19904e-05 	-7.97443e-05 	8.18737e-27
0.00670101 	0.000133133 	3.18297e-05 	1.85775e-25
0.00714774 	0.000272612 	0.000200515 	3.59293e-25
0.00759447 	0.000412091 	0.0003692 	5.32812e-25
0.00804121 	0.000596663 	0.000573487 	5.42384e-25
0.00848794 	0.000812895 	0.000802771 	4.36844e-25
0.00893467 	0.00103743 	0.00103703 	3.38294e-25
0.00938141 	0.00133673 	0.00131608 	3.02644e-25
0.00982814 	0.00163603 	0.00159513 	2.66995e-25
0.0102749 	0.00198312 	0.0018916 	3.84129e-25
0.0107216 	0.00236043 	0.00219911 	5.97922e-25
0.0111683 	0.00274543 	0.00250664 	7.68093e-25
0.0116151 	0.00318421 	0.00281437 	6.32905e-25
0.0120618 	0.00362298 	0.0031221 	4.97717e-25
0.0125085 	0.00408563 	0.00341163 	2.02793e-25
0.0129553 	0.00456185 	0.00369082 	-1.82961e-25
0.013402 	0.00503982 	0.00396222 	-5.34891e-25
0.0138487 	0.00552773 	0.00418957 	-6.9515e-25
0.0142955 	0.00601563 	0.00441691 	-8.5541e-25
0.0147422 	0.00649629 	0.00460036 	-7.90571e-25
0.0151889 	0.00697325 	0.00476146 	-6.1106e-25
0.0156357 	0.00744536 	0.00491007 	-3.8533e-25
0.0160824 	0.00789461 	0.00499979 	5.82893e-26
0.0165291 	0.00834386 	0.00508952 	5.01909e-25
0.0169759 	0.00876699 	0.00513189 	6.35349e-25
0.0174226 	0.00917824 	0.00515274 	6.27799e-25
0.0178693 	0.00958094 	0.00516132 	5.71769e-25
0.0183161 	0.0099495 	0.00512082 	3.21815e-25
0.0187628 	0.0103181 	0.00508032 	7.18616e-26
0.0192095 	0.0106558 	0.00500327 	0
0.0196563 	0.010981 	0.00491148 	0
0.020103 	0.011297 	0.00481054 	-7.06291e-26
0.0205497 	0.0115809 	0.00467809 	-3.84536e-25
0.0209965 	0.0118648 	0.00454564 	-6.98443e-25
0.0214432 	0.0121205 	0.00439054 	-1.13298e-24
0.0218899 	0.0123662 	0.00422738 	-1.61044e-24
0.0223367 	0.0126032 	0.00405868 	-1.94738e-24
0.0227834 	0.0128143 	0.0038734 	-1.86274e-24
0.0232302 	0.0130253 	0.00368812 	-1.77809e-24
0.0236769 	0.0132125 	0.00349134 	-1.19017e-24
0.0241236 	0.0133923 	0.00329098 	-4.45489e-25
0.0245704 	0.0135642 	0.003088 	2.51404e-25
0.0250171 	0.0137156 	0.0028781 	8.2232e-25
0.0254638 	0.0138671 	0.00266819 	1.39324e-24
0.0259106 	0.0139981 	0.00245408 	1.44137e-24
0.0263573 	0.0141236 	0.00223884 	1.34843e-24
0.026804 	0.0142419 	0.00202293 	1.23305e-24
0.0272508 	0.0143435 	0.00180546 	1.06532e-24
0.0276975 	0.014445 	0.001588 	8.97586e-25
0.0281442 	0.0145282 	0.00137058 	9.35847e-25
0.028591 	0.0146072 	0.00115316 	1.02165e-24
0.0290377 	0.0146792 	0.000936305 	9.99336e-25
0.0294844 	0.0147366 	0.000720594 	7.52494e-25
0.0299312 	0.0147939 	0.000504883 	5.05651e-25
0.0303779 	0.0148337 	0.00029162 	-9.67669e-26
0.0308246 	0.01487 	7.88327e-05 	-7.68177e-25
0.0312714 	0.0148989 	-0.000132586 	-1.17907e-24
0.0317181 	0.0149143 	-0.000341462 	-1.10615e-24
0.0321648 	0.0149296 	-0.000550337 	-1.03323e-24
0.0326116 	0.0149266 	-0.000755042 	-3.30929e-25
0.0330583 	0.0149206 	-0.000959082 	4.71713e-25
0.033505 	0.0149065 	-0.00116094 	1.03013e-24
0.0339518 	0.0148788 	-0.00135916 	1.18151e-24
0.0343985 	0.0148511 	-0.00155739 	1.33289e-24
0.0348452 	0.0148034 	-0.00174944 	8.71655e-25
0.035292 	0.0147531 	-0.00194071 	3.32766e-25
0.0357387 	0.0146933 	-0.00212865 	3.10474e-26
0.0361854 	0.0146194 	-0.00231159 	8.50841e-26
0.0366322 	0.0145455 	-0.00249453 	1.39121e-25
0.0370789 	0.0144489 	-0.00266826 	6.47899e-25
0.0375256 	0.0143501 	-0.00284112 	1.20028e-24
0.0379724 	0.01424 	-0.00300873 	1.4005e-24
0.0384191 	0.0141146 	-0.00316925 	1.12426e-24
0.0388658 	0.0139893 	-0.00332977 	8.48013e-25
0.0393126 	0.0138371 	-0.00347597 	2.98357e-26
0.0397593 	0.0136831 	-0.00362121 	-8.24471e-25
0.040206 	0.013515 	-0.00375784 	-1.34403e-24
0.0406528 	0.0133295 	-0.00388395 	-1.45444e-24
0.0410995 	0.0131441 	-0.00401006 	-1.56486e-24
0.0415462 	0.0129249 	-0.00411297 	-1.18857e-24
0.041993 	0.0127043 	-0.00421498 	-7.93313e-25
0.0424397 	0.012465 	-0.00430265 	-5.23421e-25
0.0428864 	0.012205 	-0.00437447 	-3.92091e-25
0.0433332 	0.011945 	-0.00444628 	-2.6076e-25
0.0437799 	0.0116417 	-0.00448153 	-2.05544e-25
0.0442266 	0.0113379 	-0.0045163 	-1.5129e-25
0.0446734 	0.0110107 	-0.0045292 	-9.92062e-26
0.0451201 	0.0106601 	-0.00452022 	-4.92911e-26
0.0455668 	0.0103088 	-0.00451063 	1.37982e-27
0.0460136 	0.00991146 	-0.00445275 	1.11765e-25
0.0464603 	0.00951408 	-0.00439487 	2.22151e-25
0.046907 	0.00909487 	-0.00431034 	4.06606e-25
0.0473538 	0.00865592 	-0.00420171 	6.58077e-25
0.0478005 	0.00821584 	-0.0040913 	8.97986e-25
0.0482472 	0.00774678 	-0.00393493 	8.41155e-25
0.048694 	0.00727773 	-0.00377856 	7.84323e-25
0.0491407 	0.00680182 	-0.00360062 	6.15326e-25
0.0495874 	0.00632031 	-0.00340502 	3.54557e-25
0.0500342 	0.00583939 	-0.0032078 	1.0933e-25
0.0504809 	0.00536725 	-0.0029862 	9.72407e-26
0.0509276 	0.00489511 	-0.00276459 	8.51513e-26
0.0513744 	0.00444117 	-0.00253703 	8.53599e-26
0.0518211 	0.00400068 	-0.00230506 	9.46584e-26
0.0522678 	0.00356457 	-0.00207349 	9.95151e-26
0.0527146 	0.00317422 	-0.00184615 	5.80505e-26
0.0531613 	0.00278386 	-0.00161881 	1.65859e-26
0.053608 	0.00243049 	-0.00140161 	0
0.0540548 	0.00210179 	-0.00119117 	0
0.0545015 	0.00178048 	-0.000983794 	0
0.0549482 	0.00151751 	-0.000800609 	0
0.055395 	0.00125455 	-0.000617423 	0
0.0558417 	0.00103197 	-0.000458928 	8.73083e-27
0.0562884 	0.000833615 	-0.000315246 	2.27001e-26
0.0567352 	0.000643667 	-0.000179305 	3.63673e-26
0.0571819 	0.000506419 	-9.19165e-05 	4.81393e-26
0.0576286 	0.000369171 	-4.52821e-06 	5.99113e-26
0.0580754 	0.000267954 	3.60408e-05 	5.80121e-26
0.0585221 	0.00018614 	5.13994e-05 	4.87514e-26
0.0589688 	0.000111573 	5.53571e-05 	3.76494e-26
0.0594156 	7.43602e-05 	5.56215e-07 	1.70574e-26
0.0598623 	3.71471e-05 	-5.42446e-05 	-3.53459e-27
0.060309 	1.85942e-05 	-0.000131956 	-1.61996e-26
0.0607558 	9.02571e-06 	-0.000220699 	-2.50479e-26
0.0612025 	1.63729e-06 	-0.000302415 	-2.89808e-26
0.0616492 	3.69568e-06 	-0.000353683 	-1.16137e-26
0.062096 	5.75407e-06 	-0.000404951 	5.75348e-27
0.0625427 	6.43429e-06 	-0.00036535 	1.60706e-26
0.0629894 	6.52388e-06 	-0.000286805 	2.33664e-26
0.0634362 	6.08004e-06 	-0.000206419 	2.72996e-26
0.0638829 	3.65942e-06 	-0.000119213 	1.87714e-26
0.0643296 	1.2388e-06 	-3.20065e-05 	1.02433e-26
0.0647764 	4.93783e-07 	-5.70335e-06 	5.61195e-27
0.0652231 	3.84336e-07 	-2.50135e-06 	2.45868e-27
0.0656698 	3.1024e-07 	-6.02432e-08 	4.4315e-29
0.0661166 	3.49644e-07 	-6.19868e-08 	2.24039e-30
0.0665633 	3.89048e-07 	-6.37304e-08 	-3.98342e-29
0.0670101 	3.97597e-07 	-6.56777e-08 	-2.73139e-29
0.0674568 	3.95861e-07 	-6.76928e-08 	3.40465e-30
0.0679035 	3.93811e-07 	-6.97545e-08 	4.62156e-29
0.0683503 	3.9088e-07 	-7.1947e-08 	1.23e-28
0.068797 	3.87949e-07 	-7.41395e-08 	1.99785e-28
0.0692437 	3.84269e-07 	-7.64675e-08 	2.38589e-28
0.0696905 	3.8037e-07 	-7.88348e-08 	2.66367e-28
0.0701372 	3.76242e-07 	-8.12464e-08 	3.13036e-28
0.0705839 	3.71546e-07 	-8.37681e-08 	4.06519e-28
0.0710307 	3.66849e-07 	-8.62897e-08 	5.00001e-28
0.0714774 	3.61612e-07 	-8.89203e-08 	4.65058e-28
0.0719241 	3.56239e-07 	-9.15782e-08 	3.98009e-28
0.0723709 	3.50681e-07 	-9.42762e-08 	2.55586e-28
0.0728176 	3.44715e-07 	-9.70625e-08 	-5.26591e-29
0.0732643 	3.38749e-07 	-9.98488e-08 	-3.60904e-28
0.0737111 	3.32339e-07 	-1.02745e-07 	-6.07117e-28
0.0741578 	3.25835e-07 	-1.05664e-07 	-8.40172e-28
0.0746045 	3.19159e-07 	-1.08633e-07 	-1.07755e-27
0.0750513 	3.12149e-07 	-1.117e-07 	-1.32341e-27
0.075498 	3.05138e-07 	-1.14767e-07 	-1.56928e-27
0.0759447 	2.97711e-07 	-1.17982e-07 	-1.53437e-27
0.0763915 	2.9021e-07 	-1.21224e-07 	-1.44992e-27
0.0768382 	2.82533e-07 	-1.24541e-07 	-1.16322e-27
0.0772849 	2.74546e-07 	-1.27992e-07 	-5.20853e-28
0.0777317 	2.66559e-07 	-1.31443e-07 	1.21519e-28
0.0781784 	2.58144e-07 	-1.35116e-07 	6.38176e-28
0.0786251 	2.49667e-07 	-1.38821e-07 	1.13687e-27
0.0790719 	2.40997e-07 	-1.42646e-07 	1.49367e-27
0.0795186 	2.32021e-07 	-1.46658e-07 	1.62617e-27
0.0799653 	2.23046e-07 	-1.50671e-07 	1.75867e-27
0.0804121 	2.1361e-07 	-1.55019e-07 	1.62889e-27
0.0808588 	2.04122e-07 	-1.59403e-07 	1.46996e-27
0.0813055 	1.9442e-07 	-1.63973e-07 	1.14019e-27
0.0817523 	1.84411e-07 	-1.68806e-07 	5.67094e-28
0.082199 	1.74403e-07 	-1.73639e-07 	-6.00151e-30
0.0826457 	1.63907e-07 	-1.7897e-07 	-5.22423e-28
0.0830925 	1.53373e-07 	-1.84341e-07 	-1.03425e-27
0.0835392 	1.42613e-07 	-1.89993e-07 	-1.34396e-27
0.0839859 	1.31561e-07 	-1.96006e-07 	-1.3938e-27
0.0844327 	1.2051e-07 	-2.02019e-07 	-1.44364e-27
0.0848794 	1.08998e-07 	-2.08754e-07 	-9.30659e-28
0.0853261 	9.74611e-08 	-2.15527e-07 	-3.88056e-28
0.0857729 	8.57289e-08 	-2.22708e-07 	-8.02797e-29
0.0862196 	7.37696e-08 	-2.30364e-07 	-4.54097e-29
0.0866663 	6.18102e-08 	-2.38021e-07 	-1.05398e-29
0.0871131 	4.95402e-08 	-2.4665e-07 	-6.76891e-28
0.0875598 	3.72622e-08 	-2.55303e-07 	-1.36122e-27
0.0880065 	2.49003e-08 	-2.08835e-07 	-1.37643e-27
0.0884533 	1.24502e-08 	-1.04417e-07 	-6.88217e-28
0.0889 	3.7089e-22 	-7.16027e-21 	-5.51875e-41
