0 	0 	0 	0
0.000446734 	5.48633e-06 	0.000229006 	-8.49234e-27
0.000893467 	1.09727e-05 	0.000458012 	-1.69847e-26
0.0013402 	1.65706e-05 	0.000574892 	-1.89721e-26
0.00178693 	2.22746e-05 	0.000585115 	-1.47718e-26
0.00223367 	2.80651e-05 	0.000592362 	-1.05692e-26
0.0026804 	3.72284e-05 	0.000483568 	-6.27716e-27
0.00312714 	4.63918e-05 	0.000374773 	-1.98508e-27
0.00357387 	5.72091e-05 	0.000247653 	0
0.0040206 	6.94497e-05 	0.000104764 	0
0.00446734 	8.12572e-05 	-3.65837e-05 	0
0.00491407 	8.48359e-05 	-0.000148644 	0
0.0053608 	8.84147e-05 	-0.000260704 	0
0.00580754 	7.76465e-05 	-0.000333916 	0
0.00625427 	5.57196e-05 	-0.000376911 	0
0.00670101 	3.08773e-05 	-0.000414217 	-5.74473e-28
0.00714774 	-2.9922e-05 	-0.000381362 	-8.23412e-27
0.00759447 	-9.07213e-05 	-0.000348508 	-1.58938e-26
0.00804121 	-0.000178712 	-0.000280319 	-2.32666e-26
0.00848794 	-0.000285794 	-0.00018732 	-3.04381e-26
0.00893467 	-0.000397978 	-9.03443e-05 	-3.61265e-26
0.00938141 	-0.000556086 	4.24333e-05 	-2.84669e-26
0.00982814 	-0.000714194 	0.000175211 	-2.08072e-26
0.0102749 	-0.000906807 	0.000324291 	-1.34466e-26
0.0107216 	-0.00112125 	0.000483686 	-6.27506e-27
0.0111683 	-0.00134342 	0.000645755 	-3.01482e-28
0.0116151 	-0.00161972 	0.000826549 	-2.71334e-27
0.0120618 	-0.00189601 	0.00100734 	-5.1252e-27
0.0125085 	-0.0022134 	0.00120028 	-7.17024e-27
0.0129553 	-0.00255417 	0.00140011 	-9.00671e-27
0.013402 	-0.00290408 	0.00160212 	-1.02059e-26
0.0138487 	-0.00330574 	0.00181641 	-7.79406e-27
0.0142955 	-0.0037074 	0.00203071 	-5.38221e-27
0.0147422 	-0.00414182 	0.00224854 	-3.35155e-27
0.0151889 	-0.00459293 	0.00246817 	-1.51508e-27
0.0156357 	-0.0050495 	0.00268649 	0
0.0160824 	-0.00553175 	0.00289861 	0
0.0165291 	-0.00601401 	0.00311072 	0
0.0169759 	-0.00650248 	0.00330803 	0
0.0174226 	-0.00699376 	0.0034986 	0
0.0178693 	-0.00748245 	0.0036824 	0
0.0183161 	-0.00796071 	0.00383911 	0
0.0187628 	-0.00843897 	0.00399583 	0
0.0192095 	-0.00889472 	0.00412234 	0
0.0196563 	-0.00934139 	0.00423666 	0
0.020103 	-0.00977804 	0.00434059 	0
0.0205497 	-0.0101802 	0.00440875 	0
0.0209965 	-0.0105824 	0.0044769 	0
0.0214432 	-0.0109469 	0.00451154 	0
0.0218899 	-0.011298 	0.00453425 	0
0.0223367 	-0.011636 	0.00454665 	8.42516e-28
0.0227834 	-0.0119351 	0.00452811 	4.21258e-27
0.0232302 	-0.0122342 	0.00450957 	7.58264e-27
0.0236769 	-0.012496 	0.00446434 	1.12782e-26
0.0241236 	-0.0127462 	0.00441079 	1.50751e-26
0.0245704 	-0.0129845 	0.00434952 	1.6901e-26
0.0250171 	-0.0131913 	0.00426787 	1.3531e-26
0.0254638 	-0.0133982 	0.00418622 	1.01609e-26
0.0259106 	-0.0135759 	0.0040876 	1.33656e-26
0.0263573 	-0.0137456 	0.0039844 	1.83444e-26
0.026804 	-0.013906 	0.0038764 	2.4578e-26
0.0272508 	-0.0140445 	0.00375719 	3.37393e-26
0.0276975 	-0.014183 	0.00363798 	4.29006e-26
0.0281442 	-0.0143 	0.00350926 	3.7488e-26
0.028591 	-0.0144121 	0.00337836 	2.87123e-26
0.0290377 	-0.0145168 	0.00324467 	1.98113e-26
0.0294844 	-0.0146062 	0.00310521 	1.065e-26
0.0299312 	-0.0146955 	0.00296575 	1.48871e-27
0.0303779 	-0.0147681 	0.00282093 	0
0.0308246 	-0.0148374 	0.00267507 	0
0.0312714 	-0.0149002 	0.00252746 	0
0.0317181 	-0.0149513 	0.00237661 	0
0.0321648 	-0.0150023 	0.00222576 	0
0.0326116 	-0.0150387 	0.00207135 	1.86544e-26
0.0330583 	-0.0150728 	0.00191638 	4.02827e-26
0.033505 	-0.0151009 	0.00176004 	6.20872e-26
0.0339518 	-0.0151189 	0.00160144 	8.41852e-26
0.0343985 	-0.0151369 	0.00144284 	1.06283e-25
0.0348452 	-0.0151413 	0.00128123 	8.95741e-26
0.035292 	-0.0151439 	0.00111923 	6.79458e-26
0.0357387 	-0.0151405 	0.000955903 	4.61296e-26
0.0361854 	-0.0151282 	0.000790577 	2.40316e-26
0.0366322 	-0.0151158 	0.00062525 	1.93358e-27
0.0370789 	-0.01509 	0.000456854 	-5.23465e-27
0.0375256 	-0.0150629 	0.000288164 	-1.09713e-26
0.0379724 	-0.0150295 	0.000118012 	-1.67576e-26
0.0384191 	-0.0149876 	-5.41186e-05 	-2.26111e-26
0.0388658 	-0.0149457 	-0.000226249 	-2.84647e-26
0.0393126 	-0.0148899 	-0.000401665 	-2.34525e-26
0.0397593 	-0.0148331 	-0.000577301 	-1.77159e-26
0.040206 	-0.0147694 	-0.00075449 	-1.19266e-26
0.0406528 	-0.0146973 	-0.000933577 	-6.07308e-27
0.0410995 	-0.0146252 	-0.00111266 	-2.19509e-28
0.0415462 	-0.0145377 	-0.00129478 	0
0.041993 	-0.0144496 	-0.00147702 	0
0.0424397 	-0.0143535 	-0.00166045 	0
0.0428864 	-0.0142485 	-0.00184519 	0
0.0433332 	-0.0141435 	-0.00202992 	0
0.0437799 	-0.0140207 	-0.00221602 	-6.34689e-27
0.0442266 	-0.0138977 	-0.00240213 	-1.27741e-26
0.0446734 	-0.0137649 	-0.00258806 	-1.92203e-26
0.0451201 	-0.0136224 	-0.00277379 	-2.56853e-26
0.0455668 	-0.0134797 	-0.00295949 	-3.19892e-26
0.0460136 	-0.013316 	-0.00314229 	-2.5562e-26
0.0464603 	-0.0131522 	-0.00332508 	-1.91348e-26
0.046907 	-0.0129763 	-0.00350444 	-1.26877e-26
0.0473538 	-0.0127892 	-0.0036807 	-6.22262e-27
0.0478005 	-0.0126011 	-0.00385653 	2.2872e-28
0.0482472 	-0.0123882 	-0.00402141 	6.32791e-27
0.048694 	-0.0121752 	-0.00418629 	1.24271e-26
0.0491407 	-0.0119464 	-0.00434143 	1.83366e-26
0.0495874 	-0.0117045 	-0.00448861 	2.40908e-26
0.0500342 	-0.0114607 	-0.00463418 	2.91042e-26
0.0504809 	-0.0111866 	-0.0047557 	2.3005e-26
0.0509276 	-0.0109126 	-0.00487722 	1.69058e-26
0.0513744 	-0.0106181 	-0.00497847 	1.6932e-26
0.0518211 	-0.0103085 	-0.00506475 	2.14856e-26
0.0522678 	-0.00999559 	-0.00514701 	2.64208e-26
0.0527146 	-0.00964769 	-0.00518724 	3.53342e-26
0.0531613 	-0.00929979 	-0.00522748 	4.42476e-26
0.053608 	-0.00892827 	-0.00523345 	4.16282e-26
0.0540548 	-0.00854101 	-0.00521656 	3.13204e-26
0.0545015 	-0.00814958 	-0.00519218 	2.11694e-26
0.0549482 	-0.00772522 	-0.00510864 	1.22559e-26
0.055395 	-0.00730086 	-0.00502509 	3.34253e-27
0.0558417 	-0.00685797 	-0.00489651 	0
0.0562884 	-0.00640394 	-0.00474091 	0
0.0567352 	-0.00594779 	-0.00457567 	0
0.0571819 	-0.0054783 	-0.00434999 	0
0.0576286 	-0.0050088 	-0.0041243 	0
0.0580754 	-0.00454308 	-0.0038609 	0
0.0585221 	-0.0040794 	-0.0035772 	0
0.0589688 	-0.00362098 	-0.00328782 	-7.31497e-29
0.0594156 	-0.0031896 	-0.00296914 	-5.23302e-28
0.0598623 	-0.00275822 	-0.00265045 	-9.73454e-28
0.060309 	-0.00236676 	-0.00232931 	-1.23544e-27
0.0607558 	-0.00199452 	-0.00200698 	-1.40684e-27
0.0612025 	-0.00163718 	-0.00169015 	-1.46169e-27
0.0616492 	-0.00134442 	-0.00139718 	-1.01154e-27
0.062096 	-0.00105166 	-0.00110421 	-5.61385e-28
0.0625427 	-0.000819979 	-0.000850221 	-3.06365e-28
0.0629894 	-0.000614474 	-0.000612947 	-1.34972e-28
0.0634362 	-0.000426168 	-0.000390518 	0
0.0638829 	-0.000301593 	-0.000223108 	0
0.0643296 	-0.000177019 	-5.5698e-05 	0
0.0647764 	-9.92764e-05 	5.90669e-05 	0
0.0652231 	-3.92972e-05 	0.000153863 	0
0.0656698 	1.01225e-05 	0.000232162 	-4.68167e-29
0.0661166 	2.56404e-05 	0.000257498 	-2.4394e-28
0.0665633 	4.11583e-05 	0.000282834 	-4.41063e-28
0.0670101 	3.8172e-05 	0.000259134 	-6.53014e-28
0.0674568 	2.90176e-05 	0.000219089 	-8.69908e-28
0.0679035 	1.99847e-05 	0.000174843 	-9.78123e-28
0.0683503 	1.12934e-05 	0.000118792 	-7.81e-28
0.068797 	2.60199e-06 	6.27412e-05 	-5.83877e-28
0.0692437 	3.91138e-07 	3.45127e-05 	-3.71431e-28
0.0696905 	6.17218e-08 	1.43616e-05 	-1.54537e-28
0.0701372 	-1.77336e-07 	3.05556e-09 	0
0.0705839 	-1.92462e-07 	2.02638e-10 	0
0.0710307 	-2.07588e-07 	-2.65028e-09 	0
0.0714774 	-2.17412e-07 	-7.83332e-09 	-3.23259e-30
0.0719241 	-2.25911e-07 	-1.35989e-08 	-7.27332e-30
0.0723709 	-2.31702e-07 	-1.9155e-08 	-1.16183e-29
0.0728176 	-2.31536e-07 	-2.42501e-08 	-1.66326e-29
0.0732643 	-2.31371e-07 	-2.93452e-08 	-2.16469e-29
0.0737111 	-2.30401e-07 	-3.41983e-08 	-1.91908e-29
0.0741578 	-2.29261e-07 	-3.9e-08 	-1.515e-29
0.0746045 	-2.27794e-07 	-4.37902e-08 	-1.07807e-29
0.0750513 	-2.25689e-07 	-4.8558e-08 	-5.76643e-30
0.075498 	-2.23583e-07 	-5.33259e-08 	-7.52143e-31
0.0759447 	-2.20686e-07 	-5.8201e-08 	0
0.0763915 	-2.17649e-07 	-6.30951e-08 	0
0.0768382 	-2.14287e-07 	-6.80704e-08 	0
0.0772849 	-2.10352e-07 	-7.31886e-08 	0
0.0777317 	-2.06418e-07 	-7.83069e-08 	0
0.0781784 	-2.01722e-07 	-8.36802e-08 	0
0.0786251 	-1.96917e-07 	-8.90901e-08 	0
0.0790719 	-1.91782e-07 	-9.46355e-08 	0
0.0795186 	-1.86124e-07 	-1.00395e-07 	0
0.0799653 	-1.80466e-07 	-1.06155e-07 	0
0.0804121 	-1.74052e-07 	-1.12285e-07 	0
0.0808588 	-1.67553e-07 	-1.18457e-07 	0
0.0813055 	-1.60712e-07 	-1.24829e-07 	0
0.0817523 	-1.53385e-07 	-1.31487e-07 	0
0.082199 	-1.46058e-07 	-1.38145e-07 	0
0.0826457 	-1.37982e-07 	-1.45337e-07 	0
0.0830925 	-1.29846e-07 	-1.52572e-07 	0
0.0835392 	-1.21372e-07 	-1.60108e-07 	0
0.0839859 	-1.12463e-07 	-1.6803e-07 	0
0.0844327 	-1.03554e-07 	-1.75953e-07 	0
0.0848794 	-9.39711e-08 	-1.8465e-07 	0
0.0853261 	-8.43523e-08 	-1.93389e-07 	0
0.0857729 	-7.44526e-08 	-2.02569e-07 	0
0.0862196 	-6.42267e-08 	-2.12264e-07 	0
0.0866663 	-5.40007e-08 	-2.21958e-07 	0
0.0871131 	-4.3332e-08 	-2.32711e-07 	0
0.0875598 	-3.2652e-08 	-2.4349e-07 	0
0.0880065 	-2.1852e-08 	-2.00213e-07 	0
0.0884533 	-1.0926e-08 	-1.00106e-07 	0
0.0889 	-3.43319e-22 	-3.69573e-21 	0
