0 	506.15 	1.32095e-05
0.000446734 	506.123 	1.32028e-05
0.000893467 	506.095 	1.31961e-05
0.0013402 	506.068 	1.31847e-05
0.00178693 	506.041 	1.31688e-05
0.00223367 	506.014 	1.31525e-05
0.0026804 	505.987 	1.31212e-05
0.00312714 	505.96 	1.30899e-05
0.00357387 	505.933 	1.30382e-05
0.0040206 	505.907 	1.29687e-05
0.00446734 	505.881 	1.28965e-05
0.00491407 	505.855 	1.2771e-05
0.0053608 	505.83 	1.26455e-05
0.00580754 	505.805 	1.24849e-05
0.00625427 	505.78 	1.22971e-05
0.00670101 	505.756 	1.21045e-05
0.00714774 	505.733 	1.18532e-05
0.00759447 	505.71 	1.16018e-05
0.00804121 	505.687 	1.13113e-05
0.00848794 	505.665 	1.09933e-05
0.00893467 	505.644 	1.06681e-05
0.00938141 	505.624 	1.02766e-05
0.00982814 	505.604 	9.88511e-06
0.0102749 	505.585 	9.44284e-06
0.0107216 	505.566 	8.96842e-06
0.0111683 	505.548 	8.48261e-06
0.0116151 	505.532 	7.91708e-06
0.0120618 	505.516 	7.35155e-06
0.0125085 	505.5 	6.72585e-06
0.0129553 	505.486 	6.06593e-06
0.013402 	505.472 	5.3925e-06
0.0138487 	505.459 	4.64249e-06
0.0142955 	505.446 	3.89249e-06
0.0147422 	505.435 	3.09138e-06
0.0151889 	505.424 	2.26424e-06
0.0156357 	505.414 	1.42729e-06
0.0160824 	505.404 	5.44103e-07
0.0165291 	505.395 	-3.39087e-07
0.0169759 	505.387 	-1.24184e-06
0.0174226 	505.379 	-2.15348e-06
0.0178693 	505.372 	-3.06444e-06
0.0183161 	505.365 	-3.97267e-06
0.0187628 	505.359 	-4.88089e-06
0.0192095 	505.353 	-5.76265e-06
0.0196563 	505.347 	-6.63372e-06
0.020103 	505.342 	-7.48894e-06
0.0205497 	505.338 	-8.28956e-06
0.0209965 	505.333 	-9.09018e-06
0.0214432 	505.329 	-9.81623e-06
0.0218899 	505.326 	-1.05157e-05
0.0223367 	505.322 	-1.11835e-05
0.0227834 	505.319 	-1.17558e-05
0.0232302 	505.316 	-1.23282e-05
0.0236769 	505.313 	-1.27886e-05
0.0241236 	505.31 	-1.32141e-05
0.0245704 	505.307 	-1.35959e-05
0.0250171 	505.305 	-1.38623e-05
0.0254638 	505.302 	-1.41288e-05
0.0259106 	505.3 	-1.42661e-05
0.0263573 	505.298 	-1.43686e-05
0.026804 	505.296 	-1.44227e-05
0.0272508 	505.294 	-1.43639e-05
0.0276975 	505.291 	-1.43051e-05
0.0281442 	505.289 	-1.41244e-05
0.028591 	505.287 	-1.39155e-05
0.0290377 	505.285 	-1.36644e-05
0.0294844 	505.283 	-1.33255e-05
0.0299312 	505.281 	-1.29867e-05
0.0303779 	505.279 	-1.25622e-05
0.0308246 	505.276 	-1.21211e-05
0.0312714 	505.274 	-1.16556e-05
0.0317181 	505.272 	-1.11451e-05
0.0321648 	505.269 	-1.06345e-05
0.0326116 	505.267 	-1.00957e-05
0.0330583 	505.264 	-9.55231e-06
0.033505 	505.262 	-9.01076e-06
0.0339518 	505.259 	-8.47222e-06
0.0343985 	505.256 	-7.93369e-06
0.0348452 	505.253 	-7.43114e-06
0.035292 	505.251 	-6.93316e-06
0.0357387 	505.248 	-6.4636e-06
0.0361854 	505.244 	-6.03668e-06
0.0366322 	505.241 	-5.60976e-06
0.0370789 	505.238 	-5.26788e-06
0.0375256 	505.235 	-4.93416e-06
0.0379724 	505.231 	-4.64478e-06
0.0384191 	505.228 	-4.41542e-06
0.0388658 	505.224 	-4.18605e-06
0.0393126 	505.22 	-4.05348e-06
0.0397593 	505.216 	-3.92736e-06
0.040206 	505.212 	-3.84193e-06
0.0406528 	505.208 	-3.80623e-06
0.0410995 	505.204 	-3.77053e-06
0.0415462 	505.2 	-3.80089e-06
0.041993 	505.196 	-3.83382e-06
0.0424397 	505.191 	-3.88694e-06
0.0428864 	505.187 	-3.96238e-06
0.0433332 	505.182 	-4.03781e-06
0.0437799 	505.177 	-4.1305e-06
0.0442266 	505.173 	-4.22341e-06
0.0446734 	505.168 	-4.31536e-06
0.0451201 	505.163 	-4.40636e-06
0.0455668 	505.157 	-4.49719e-06
0.0460136 	505.152 	-4.57479e-06
0.0464603 	505.147 	-4.65239e-06
0.046907 	505.141 	-4.72083e-06
0.0473538 	505.135 	-4.78099e-06
0.0478005 	505.13 	-4.84052e-06
0.0482472 	505.124 	-4.88417e-06
0.048694 	505.118 	-4.92781e-06
0.0491407 	505.112 	-4.96396e-06
0.0495874 	505.105 	-4.99398e-06
0.0500342 	505.099 	-5.02329e-06
0.0504809 	505.093 	-5.04187e-06
0.0509276 	505.086 	-5.06046e-06
0.0513744 	505.078 	-5.07215e-06
0.0518211 	505.07 	-5.07876e-06
0.0522678 	505.061 	-5.08317e-06
0.0527146 	505.041 	-5.06477e-06
0.0531613 	505.021 	-5.04637e-06
0.053608 	504.994 	-4.55668e-06
0.0540548 	504.964 	-3.7528e-06
0.0545015 	504.933 	-2.86042e-06
0.0549482 	504.902 	-1.26987e-06
0.055395 	504.871 	3.20673e-07
0.0558417 	504.839 	1.93657e-06
0.0562884 	504.807 	3.56769e-06
0.0567352 	504.775 	5.20415e-06
0.0571819 	504.742 	6.87415e-06
0.0576286 	504.709 	8.54416e-06
0.0580754 	504.676 	1.02348e-05
0.0585221 	504.642 	1.19367e-05
0.0589688 	504.609 	1.36423e-05
0.0594156 	504.575 	1.53678e-05
0.0598623 	504.541 	1.70932e-05
0.060309 	504.507 	1.88293e-05
0.0607558 	504.473 	2.05706e-05
0.0612025 	504.439 	2.23134e-05
0.0616492 	504.404 	2.40631e-05
0.062096 	504.37 	2.58128e-05
0.0625427 	504.335 	2.75635e-05
0.0629894 	504.3 	2.93147e-05
0.0634362 	504.265 	3.10648e-05
0.0638829 	504.23 	3.28108e-05
0.0643296 	504.195 	3.45568e-05
0.0647764 	504.159 	3.62944e-05
0.0652231 	504.124 	3.80288e-05
0.0656698 	504.088 	3.97589e-05
0.0661166 	504.053 	4.14753e-05
0.0665633 	504.017 	4.31917e-05
0.0670101 	503.981 	4.489e-05
0.0674568 	503.945 	4.65822e-05
0.0679035 	503.909 	4.82665e-05
0.0683503 	503.873 	4.99283e-05
0.068797 	503.837 	5.15902e-05
0.0692437 	503.8 	5.32239e-05
0.0696905 	503.764 	5.48493e-05
0.0701372 	503.727 	5.64626e-05
0.0705839 	503.691 	5.80457e-05
0.0710307 	503.654 	5.96287e-05
0.0714774 	503.617 	6.1173e-05
0.0719241 	503.581 	6.27076e-05
0.0723709 	503.544 	6.42253e-05
0.0728176 	503.507 	6.57055e-05
0.0732643 	503.47 	6.71857e-05
0.0737111 	503.433 	6.86161e-05
0.0741578 	503.396 	7.0036e-05
0.0746045 	503.359 	7.14334e-05
0.0750513 	503.321 	7.27869e-05
0.075498 	503.284 	7.41403e-05
0.0759447 	503.247 	7.54321e-05
0.0763915 	503.209 	7.67131e-05
0.0768382 	503.172 	7.79655e-05
0.0772849 	503.134 	7.91677e-05
0.0777317 	503.097 	8.037e-05
0.0781784 	503.059 	8.14979e-05
0.0786251 	503.022 	8.26152e-05
0.0790719 	502.984 	8.3697e-05
0.0795186 	502.946 	8.47229e-05
0.0799653 	502.909 	8.57488e-05
0.0804121 	502.871 	8.66866e-05
0.0808588 	502.833 	8.76146e-05
0.0813055 	502.795 	8.84995e-05
0.0817523 	502.758 	8.9323e-05
0.082199 	502.72 	9.01465e-05
0.0826457 	502.682 	9.08671e-05
0.0830925 	502.644 	9.15794e-05
0.0835392 	502.606 	9.22403e-05
0.0839859 	502.568 	9.28349e-05
0.0844327 	502.53 	9.34295e-05
0.0848794 	502.492 	9.39064e-05
0.0853261 	502.454 	9.4377e-05
0.0857729 	502.416 	9.47878e-05
0.0862196 	502.378 	9.51288e-05
0.0866663 	502.34 	9.54698e-05
0.0871131 	502.302 	9.56799e-05
0.0875598 	502.264 	9.58867e-05
0.0880065 	502.226 	9.60264e-05
0.0884533 	502.188 	9.60957e-05
0.0889 	502.15 	9.6165e-05
