0 	0 	0 	0
0.000446734 	-1.29775e-05 	-6.17515e-05 	7.63574e-26
0.000893467 	-2.5955e-05 	-0.000123503 	1.52715e-25
0.0013402 	-4.23366e-05 	-0.000179588 	2.67959e-25
0.00178693 	-6.19562e-05 	-0.000230283 	4.20192e-25
0.00223367 	-8.14244e-05 	-0.000280299 	5.66724e-25
0.0026804 	-9.49859e-05 	-0.000303854 	4.9093e-25
0.00312714 	-0.000108547 	-0.000327408 	4.15136e-25
0.00357387 	-0.00011137 	-0.00032924 	2.57645e-25
0.0040206 	-0.000104953 	-0.000312378 	2.98566e-26
0.00446734 	-9.67715e-05 	-0.000292953 	-1.88442e-25
0.00491407 	-5.50856e-05 	-0.000224805 	-2.26443e-25
0.0053608 	-1.33996e-05 	-0.000156656 	-2.64444e-25
0.00580754 	5.71503e-05 	-5.51917e-05 	-1.77309e-25
0.00625427 	0.00015015 	7.21852e-05 	7.15264e-27
0.00670101 	0.000248168 	0.000204246 	1.91245e-25
0.00714774 	0.000408079 	0.000394076 	3.70782e-25
0.00759447 	0.00056799 	0.000583906 	5.50318e-25
0.00804121 	0.000773847 	0.000807633 	5.60395e-25
0.00848794 	0.00101196 	0.00105516 	4.51488e-25
0.00893467 	0.00125811 	0.00130692 	3.49886e-25
0.00938141 	0.00157656 	0.00159683 	3.14025e-25
0.00982814 	0.00189501 	0.00188674 	2.78165e-25
0.0102749 	0.00225679 	0.00218745 	4.03061e-25
0.0107216 	0.00264598 	0.002495 	6.2966e-25
0.0111683 	0.00304158 	0.00280112 	8.10227e-25
0.0116151 	0.00348197 	0.00309726 	6.68567e-25
0.0120618 	0.00392237 	0.0033934 	5.26908e-25
0.0125085 	0.00437979 	0.00366522 	2.14203e-25
0.0129553 	0.0048469 	0.00392323 	-1.95762e-25
0.013402 	0.00531442 	0.0041726 	-5.69722e-25
0.0138487 	0.00578429 	0.0043731 	-7.39647e-25
0.0142955 	0.00625416 	0.00457359 	-9.09573e-25
0.0147422 	0.00671294 	0.00472934 	-8.40702e-25
0.0151889 	0.00716606 	0.00486229 	-6.5018e-25
0.0156357 	0.00761391 	0.00498318 	-4.11783e-25
0.0160824 	0.00803692 	0.00504721 	5.23168e-26
0.0165291 	0.00845993 	0.00511123 	5.16416e-25
0.0169759 	0.00885715 	0.00513131 	6.56528e-25
0.0174226 	0.00924265 	0.00513141 	6.49374e-25
0.0178693 	0.00962013 	0.00512048 	5.91899e-25
0.0183161 	0.00996548 	0.00506544 	3.33145e-25
0.0187628 	0.0103108 	0.00501039 	7.43917e-26
0.0192095 	0.010628 	0.00492337 	0
0.0196563 	0.0109338 	0.00482345 	0
0.020103 	0.0112312 	0.00471571 	-7.04643e-26
0.0205497 	0.0114998 	0.00458107 	-3.83639e-25
0.0209965 	0.0117683 	0.00444643 	-6.96814e-25
0.0214432 	0.0120118 	0.0042929 	-1.12832e-24
0.0218899 	0.0122463 	0.00413265 	-1.60195e-24
0.0223367 	0.012473 	0.00396792 	-1.93579e-24
0.0227834 	0.0126767 	0.00378973 	-1.85026e-24
0.0232302 	0.0128804 	0.00361155 	-1.76474e-24
0.0236769 	0.0130628 	0.00342436 	-1.18574e-24
0.0241236 	0.0132386 	0.00323438 	-4.53042e-25
0.0245704 	0.0134075 	0.00304245 	2.31913e-25
0.0250171 	0.013558 	0.00284539 	7.90995e-25
0.0254638 	0.0137086 	0.00264834 	1.35008e-24
0.0259106 	0.013841 	0.00244851 	1.39709e-24
0.0263573 	0.0139684 	0.00224793 	1.30592e-24
0.026804 	0.0140894 	0.00204705 	1.19276e-24
0.0272508 	0.0141955 	0.0018455 	1.02827e-24
0.0276975 	0.0143016 	0.00164394 	8.63775e-25
0.0281442 	0.0143913 	0.00144305 	8.98665e-25
0.028591 	0.0144773 	0.00124231 	9.79567e-25
0.0290377 	0.0145571 	0.00104223 	9.5676e-25
0.0294844 	0.014624 	0.000843528 	7.18558e-25
0.0299312 	0.0146909 	0.000644826 	4.80356e-25
0.0303779 	0.0147424 	0.000448511 	-9.92073e-26
0.0308246 	0.0147908 	0.000252659 	-7.45005e-25
0.0312714 	0.0148329 	5.79986e-05 	-1.13983e-24
0.0317181 	0.0148631 	-0.000134449 	-1.06856e-24
0.0321648 	0.0148934 	-0.000326896 	-9.97299e-25
0.0326116 	0.0149079 	-0.000516025 	-3.18493e-25
0.0330583 	0.0149199 	-0.000704625 	4.57167e-25
0.033505 	0.014925 	-0.000891612 	9.97139e-25
0.0339518 	0.0149186 	-0.00107591 	1.1443e-24
0.0343985 	0.0149121 	-0.00126021 	1.29146e-24
0.0348452 	0.0148888 	-0.00144021 	8.43982e-25
0.035292 	0.0148634 	-0.00161966 	3.21129e-25
0.0357387 	0.0148301 	-0.00179689 	3.00022e-26
0.0361854 	0.0147849 	-0.00197079 	8.64635e-26
0.0366322 	0.0147398 	-0.00214469 	1.42925e-25
0.0370789 	0.0146757 	-0.00231264 	6.47935e-25
0.0375256 	0.0146099 	-0.00248001 	1.19596e-24
0.0379724 	0.0145347 	-0.00264403 	1.39461e-24
0.0384191 	0.0144469 	-0.00280352 	1.12059e-24
0.0388658 	0.0143591 	-0.00296301 	8.46567e-25
0.0393126 	0.0142491 	-0.00311333 	2.18983e-26
0.0397593 	0.0141376 	-0.00326304 	-8.3948e-25
0.040206 	0.0140144 	-0.00340717 	-1.36616e-24
0.0406528 	0.0138768 	-0.00354446 	-1.48375e-24
0.0410995 	0.0137392 	-0.00368175 	-1.60135e-24
0.0415462 	0.0135733 	-0.00380359 	-1.22119e-24
0.041993 	0.0134064 	-0.00392483 	-8.2164e-25
0.0424397 	0.0132234 	-0.00403616 	-5.48577e-25
0.0428864 	0.0130227 	-0.00413654 	-4.15316e-25
0.0433332 	0.012822 	-0.00423691 	-2.82054e-25
0.0437799 	0.0125829 	-0.00431074 	-2.23128e-25
0.0442266 	0.0123434 	-0.00438424 	-1.65143e-25
0.0446734 	0.0120818 	-0.00444087 	-1.08783e-25
0.0451201 	0.0117981 	-0.00448063 	-5.40495e-26
0.0455668 	0.0115138 	-0.00451988 	1.65006e-27
0.0460136 	0.0111819 	-0.00451903 	1.33655e-25
0.0464603 	0.0108501 	-0.00451817 	2.65659e-25
0.046907 	0.0104923 	-0.00449307 	4.92284e-25
0.0473538 	0.0101112 	-0.00444603 	8.04518e-25
0.0478005 	0.00972829 	-0.00439715 	1.10268e-24
0.0482472 	0.00930165 	-0.00430127 	1.03966e-24
0.048694 	0.00887501 	-0.00420539 	9.7665e-25
0.0491407 	0.00842887 	-0.00408362 	7.69802e-25
0.0495874 	0.00796676 	-0.00394066 	4.45271e-25
0.0500342 	0.00750346 	-0.00379519 	1.4038e-25
0.0504809 	0.00702223 	-0.0036121 	1.30073e-25
0.0509276 	0.00654099 	-0.00342901 	1.19767e-25
0.0513744 	0.00606088 	-0.00322958 	1.22457e-25
0.0518211 	0.00558159 	-0.00301806 	1.34754e-25
0.0522678 	0.00510444 	-0.00280533 	1.40841e-25
0.0527146 	0.00464967 	-0.00257996 	8.21571e-26
0.0531613 	0.0041949 	-0.0023546 	2.34735e-26
0.053608 	0.00376681 	-0.00212966 	0
0.0540548 	0.00335651 	-0.00190502 	0
0.0545015 	0.00295275 	-0.00168179 	0
0.0549482 	0.00260064 	-0.00146975 	0
0.055395 	0.00224854 	-0.00125772 	0
0.0558417 	0.00193658 	-0.0010589 	1.20385e-26
0.0562884 	0.00164872 	-0.000868017 	3.13002e-26
0.0567352 	0.00136964 	-0.000681118 	5.02118e-26
0.0571819 	0.00114573 	-0.000519209 	6.69278e-26
0.0576286 	0.000921808 	-0.000357301 	8.36438e-26
0.0580754 	0.000737198 	-0.000221748 	8.11464e-26
0.0585221 	0.000573753 	-0.000100385 	6.83033e-26
0.0589688 	0.000419438 	1.16572e-05 	5.2994e-26
0.0594156 	0.000312174 	7.5665e-05 	2.49742e-26
0.0598623 	0.000204911 	0.000139673 	-3.04555e-27
0.060309 	0.00013149 	0.000155306 	-1.95949e-26
0.0607558 	7.43647e-05 	0.000147647 	-3.06215e-26
0.0612025 	2.4512e-05 	0.000127466 	-3.58433e-26
0.0616492 	6.17538e-06 	5.30209e-05 	-1.59111e-26
0.062096 	-1.21613e-05 	-2.14238e-05 	4.02109e-27
0.0625427 	-1.51861e-05 	-0.000116155 	1.9319e-26
0.0629894 	-1.16487e-05 	-0.000219581 	3.26308e-26
0.0634362 	-6.73003e-06 	-0.000314187 	4.31747e-26
0.0638829 	3.30764e-06 	-0.000376106 	4.3461e-26
0.0643296 	1.33453e-05 	-0.000438025 	4.37474e-26
0.0647764 	1.60561e-05 	-0.000402253 	4.73114e-26
0.0652231 	1.59877e-05 	-0.000329427 	5.21186e-26
0.0656698 	1.45634e-05 	-0.000250989 	5.36735e-26
0.0661166 	8.78588e-06 	-0.000154538 	4.47866e-26
0.0665633 	3.00841e-06 	-5.80868e-05 	3.58997e-26
0.0670101 	1.17542e-06 	-2.37501e-05 	2.35452e-26
0.0674568 	6.57263e-07 	-1.01182e-05 	1.00347e-26
0.0679035 	2.84794e-07 	-6.49901e-08 	6.91161e-29
0.0683503 	3.21642e-07 	-6.60288e-08 	6.28954e-29
0.068797 	3.5849e-07 	-6.70675e-08 	5.66747e-29
0.0692437 	3.65607e-07 	-6.88545e-08 	8.25764e-29
0.0696905 	3.64093e-07 	-7.08589e-08 	1.17804e-28
0.0701372 	3.62208e-07 	-7.29644e-08 	1.65749e-28
0.0705839 	3.59402e-07 	-7.53205e-08 	2.45209e-28
0.0710307 	3.56596e-07 	-7.76766e-08 	3.2467e-28
0.0714774 	3.52937e-07 	-8.02979e-08 	3.08171e-28
0.0719241 	3.49064e-07 	-8.29856e-08 	2.67683e-28
0.0723709 	3.44909e-07 	-8.57653e-08 	1.67837e-28
0.0728176 	3.40134e-07 	-8.87475e-08 	-6.25917e-29
0.0732643 	3.35359e-07 	-9.17297e-08 	-2.93021e-28
0.0737111 	3.29935e-07 	-9.4929e-08 	-4.93825e-28
0.0741578 	3.24373e-07 	-9.81744e-08 	-6.88344e-28
0.0746045 	3.18572e-07 	-1.01503e-07 	-8.91718e-28
0.0750513 	3.12301e-07 	-1.04995e-07 	-1.11247e-27
0.075498 	3.06029e-07 	-1.08487e-07 	-1.33323e-27
0.0759447 	2.99196e-07 	-1.12188e-07 	-1.3127e-27
0.0763915 	2.92263e-07 	-1.15927e-07 	-1.2496e-27
0.0768382 	2.851e-07 	-1.1976e-07 	-1.00635e-27
0.0772849 	2.77533e-07 	-1.23762e-07 	-4.46293e-28
0.0777317 	2.69966e-07 	-1.27763e-07 	1.13762e-28
0.0781784 	2.61855e-07 	-1.32022e-07 	5.75749e-28
0.0786251 	2.53667e-07 	-1.36318e-07 	1.02373e-27
0.0790719 	2.45239e-07 	-1.40747e-07 	1.34732e-27
0.0795186 	2.36432e-07 	-1.45384e-07 	1.47432e-27
0.0799653 	2.27625e-07 	-1.50021e-07 	1.60132e-27
0.0804121 	2.1826e-07 	-1.55021e-07 	1.48687e-27
0.0808588 	2.08832e-07 	-1.60061e-07 	1.34559e-27
0.0813055 	1.99148e-07 	-1.65299e-07 	1.04478e-27
0.0817523 	1.89098e-07 	-1.70819e-07 	5.16755e-28
0.082199 	1.79048e-07 	-1.76339e-07 	-1.12704e-29
0.0826457 	1.68424e-07 	-1.82389e-07 	-4.91984e-28
0.0830925 	1.57755e-07 	-1.88483e-07 	-9.68861e-28
0.0835392 	1.46822e-07 	-1.94877e-07 	-1.25982e-27
0.0839859 	1.35549e-07 	-2.01655e-07 	-1.31174e-27
0.0844327 	1.24277e-07 	-2.08434e-07 	-1.36366e-27
0.0848794 	1.12471e-07 	-2.15984e-07 	-8.82119e-28
0.0853261 	1.00636e-07 	-2.23574e-07 	-3.72501e-28
0.0857729 	8.85762e-08 	-2.31602e-07 	-8.21705e-29
0.0862196 	7.62544e-08 	-2.40139e-07 	-4.66888e-29
0.0866663 	6.39327e-08 	-2.48675e-07 	-1.12072e-29
0.0871131 	5.12527e-08 	-2.58255e-07 	-6.41468e-28
0.0875598 	3.85636e-08 	-2.67861e-07 	-1.2888e-27
0.0880065 	2.57772e-08 	-2.19324e-07 	-1.30296e-27
0.0884533 	1.28886e-08 	-1.09662e-07 	-6.5148e-28
0.0889 	3.83493e-22 	-7.53074e-21 	-5.20838e-41
