0 	0 	0 	0
0.000446734 	-5.44607e-05 	0.00338446 	-1.39818e-25
0.000893467 	-0.000110833 	0.00673282 	-2.76036e-25
0.0013402 	-0.000244368 	0.00891067 	-3.05013e-25
0.00178693 	-0.000445838 	0.01003 	-2.35445e-25
0.00223367 	-0.000649981 	0.0111216 	-1.62634e-25
0.0026804 	-0.00089366 	0.0115738 	-9.59833e-26
0.00312714 	-0.00113734 	0.012026 	-2.93324e-26
0.00357387 	-0.00138148 	0.0123871 	-3.82107e-26
0.0040206 	-0.00162374 	0.0126718 	-1.12393e-25
0.00446734 	-0.00186604 	0.0129506 	-1.91441e-25
0.00491407 	-0.00208932 	0.0131021 	-3.04672e-25
0.0053608 	-0.0023126 	0.0132535 	-4.17903e-25
0.00580754 	-0.00252253 	0.0133224 	-4.45188e-25
0.00625427 	-0.00272058 	0.0133261 	-4.08082e-25
0.00670101 	-0.00291732 	0.01332 	-3.61198e-25
0.00714774 	-0.00308887 	0.0131898 	-2.47967e-25
0.00759447 	-0.00326041 	0.0130596 	-1.34736e-25
0.00804121 	-0.00341821 	0.0128681 	-6.96146e-26
0.00848794 	-0.00356546 	0.0126333 	-3.2538e-26
0.00893467 	-0.00371103 	0.0123911 	0
0.00938141 	-0.00383733 	0.0120814 	0
0.00982814 	-0.00396364 	0.0117717 	0
0.0102749 	-0.00407932 	0.0114308 	0
0.0107216 	-0.00418772 	0.0110697 	0
0.0111683 	-0.00429446 	0.0107046 	0
0.0116151 	-0.00438734 	0.010309 	0
0.0120618 	-0.00448022 	0.00991345 	0
0.0125085 	-0.00456477 	0.00950385 	0
0.0129553 	-0.00464425 	0.00908599 	0
0.013402 	-0.00472222 	0.00866637 	0
0.0138487 	-0.00479055 	0.00823568 	0
0.0142955 	-0.00485887 	0.007805 	0
0.0147422 	-0.00492153 	0.00737085 	0
0.0151889 	-0.00498111 	0.00693473 	0
0.0156357 	-0.00503966 	0.0064987 	0
0.0160824 	-0.00509286 	0.00606251 	0
0.0165291 	-0.00514607 	0.00562632 	0
0.0169759 	-0.00519644 	0.00519243 	0
0.0174226 	-0.00524544 	0.0047595 	0
0.0178693 	-0.00529403 	0.00432758 	0
0.0183161 	-0.00534072 	0.00389952 	0
0.0187628 	-0.00538742 	0.00347146 	0
0.0192095 	-0.00543365 	0.00304707 	0
0.0196563 	-0.00547964 	0.00262414 	0
0.020103 	-0.00552577 	0.00220219 	0
0.0205497 	-0.00557227 	0.00178361 	0
0.0209965 	-0.00561877 	0.00136504 	0
0.0214432 	-0.00566638 	0.000948576 	0
0.0218899 	-0.00571435 	0.000532891 	0
0.0223367 	-0.00576292 	0.000117455 	0
0.0227834 	-0.00581323 	-0.000297103 	0
0.0232302 	-0.00586354 	-0.00071166 	0
0.0236769 	-0.00591605 	-0.00112682 	0
0.0241236 	-0.00596921 	-0.00154212 	0
0.0245704 	-0.00602314 	-0.00195814 	0
0.0250171 	-0.00607904 	-0.0023759 	0
0.0254638 	-0.00613495 	-0.00279366 	0
0.0259106 	-0.00619265 	-0.00321434 	0
0.0263573 	-0.00625083 	-0.00363577 	0
0.026804 	-0.00630946 	-0.00405847 	0
0.0272508 	-0.00636915 	-0.00448401 	0
0.0276975 	-0.00642884 	-0.00490956 	0
0.0281442 	-0.00648875 	-0.00533798 	0
0.028591 	-0.00654875 	-0.00576704 	0
0.0290377 	-0.00660826 	-0.00619661 	0
0.0294844 	-0.00666692 	-0.00662724 	0
0.0299312 	-0.00672558 	-0.00705786 	0
0.0303779 	-0.00678123 	-0.00748674 	0
0.0308246 	-0.0068364 	-0.00791531 	0
0.0312714 	-0.00688927 	-0.00834113 	0
0.0317181 	-0.00693823 	-0.00876199 	0
0.0321648 	-0.00698719 	-0.00918285 	0
0.0326116 	-0.00702759 	-0.00958987 	0
0.0330583 	-0.00706684 	-0.00999481 	0
0.033505 	-0.00710049 	-0.0103893 	0
0.0339518 	-0.00712555 	-0.0107669 	0
0.0343985 	-0.0071506 	-0.0111445 	0
0.0348452 	-0.0071578 	-0.0114842 	0
0.035292 	-0.00716315 	-0.0118193 	0
0.0357387 	-0.00715785 	-0.0121299 	0
0.0361854 	-0.00713782 	-0.0124045 	0
0.0366322 	-0.00711778 	-0.0126791 	0
0.0370789 	-0.00707042 	-0.0128812 	0
0.0375256 	-0.00702112 	-0.0130768 	0
0.0379724 	-0.00695841 	-0.0132317 	1.4595e-26
0.0384191 	-0.00687913 	-0.0133328 	5.08479e-26
0.0388658 	-0.00679986 	-0.0134339 	8.71007e-26
0.0393126 	-0.00668947 	-0.01343 	1.13704e-25
0.0397593 	-0.00657767 	-0.0134194 	1.41188e-25
0.040206 	-0.00644175 	-0.0133364 	1.35016e-25
0.0406528 	-0.00627778 	-0.0131655 	8.66691e-26
0.0410995 	-0.0061138 	-0.0129945 	3.83223e-26
0.0415462 	-0.00583892 	-0.0125399 	2.95295e-27
0.041993 	-0.00556075 	-0.0120749 	-3.1588e-26
0.0424397 	-0.00516001 	-0.0113642 	-4.25712e-26
0.0428864 	-0.00462682 	-0.0103875 	-3.04772e-26
0.0433332 	-0.0040905 	-0.00940554 	-1.82006e-26
0.0437799 	-0.0031697 	-0.00781468 	-1.04273e-26
0.0442266 	-0.00224359 	-0.00621775 	-3.37032e-27
0.0446734 	-0.00144463 	-0.00461636 	1.30274e-28
0.0451201 	-0.000800622 	-0.00304965 	4.03049e-28
0.0455668 	-0.000176967 	-0.00151379 	6.98542e-28
0.0460136 	-0.000104804 	-0.000895528 	7.70475e-28
0.0464603 	-3.28089e-05 	-0.000279019 	8.26298e-28
0.046907 	-2.73314e-07 	-1.42332e-08 	6.75575e-28
0.0473538 	-3.60644e-07 	-3.85072e-08 	4.028e-28
0.0478005 	-4.43639e-07 	-6.40915e-08 	1.35517e-28
0.0482472 	-3.8739e-07 	-7.55734e-08 	7.96934e-29
0.048694 	-3.31141e-07 	-8.70554e-08 	2.38697e-29
0.0491407 	-2.94537e-07 	-9.57926e-08 	0
0.0495874 	-2.71367e-07 	-1.01535e-07 	0
0.0500342 	-2.49094e-07 	-1.07321e-07 	5.63415e-31
0.0504809 	-2.35268e-07 	-1.11591e-07 	1.46171e-29
0.0509276 	-2.21442e-07 	-1.15861e-07 	2.86709e-29
0.0513744 	-2.09564e-07 	-1.19608e-07 	4.21585e-29
0.0518211 	-1.98987e-07 	-1.22875e-07 	5.17682e-29
0.0522678 	-1.88588e-07 	-1.26104e-07 	5.86101e-29
0.0527146 	-1.79704e-07 	-1.28581e-07 	4.45564e-29
0.0531613 	-1.70819e-07 	-1.31059e-07 	3.05027e-29
0.053608 	-1.62687e-07 	-1.33219e-07 	1.79229e-29
0.0540548 	-1.55028e-07 	-1.35128e-07 	8.31323e-30
0.0545015 	-1.47493e-07 	-1.37014e-07 	0
0.0549482 	-1.40841e-07 	-1.3854e-07 	0
0.055395 	-1.3419e-07 	-1.40066e-07 	0
0.0558417 	-1.2808e-07 	-1.41459e-07 	0
0.0562884 	-1.22285e-07 	-1.42745e-07 	0
0.0567352 	-1.16595e-07 	-1.44027e-07 	0
0.0571819 	-1.11533e-07 	-1.45177e-07 	0
0.0576286 	-1.06471e-07 	-1.46327e-07 	0
0.0580754 	-1.01821e-07 	-1.47453e-07 	0
0.0585221 	-9.73885e-08 	-1.48546e-07 	0
0.0589688 	-9.30453e-08 	-1.4965e-07 	0
0.0594156 	-8.91545e-08 	-1.50743e-07 	0
0.0598623 	-8.52637e-08 	-1.51836e-07 	0
0.060309 	-8.16873e-08 	-1.52969e-07 	0
0.0607558 	-7.82627e-08 	-1.54106e-07 	0
0.0612025 	-7.49123e-08 	-1.55266e-07 	0
0.0616492 	-7.18894e-08 	-1.5648e-07 	0
0.062096 	-6.88664e-08 	-1.57694e-07 	0
0.0625427 	-6.60845e-08 	-1.58987e-07 	0
0.0629894 	-6.34082e-08 	-1.60303e-07 	0
0.0634362 	-6.07935e-08 	-1.61652e-07 	0
0.0638829 	-5.84168e-08 	-1.6309e-07 	0
0.0643296 	-5.60402e-08 	-1.64528e-07 	0
0.0647764 	-5.38489e-08 	-1.6607e-07 	0
0.0652231 	-5.17315e-08 	-1.67645e-07 	0
0.0656698 	-4.96645e-08 	-1.69261e-07 	0
0.0661166 	-4.77718e-08 	-1.70985e-07 	0
0.0665633 	-4.58791e-08 	-1.72709e-07 	0
0.0670101 	-4.41292e-08 	-1.74557e-07 	0
0.0674568 	-4.24314e-08 	-1.7644e-07 	0
0.0679035 	-4.07744e-08 	-1.78371e-07 	0
0.0683503 	-3.92457e-08 	-1.80421e-07 	0
0.068797 	-3.7717e-08 	-1.82472e-07 	0
0.0692437 	-3.62985e-08 	-1.84661e-07 	0
0.0696905 	-3.49167e-08 	-1.86886e-07 	0
0.0701372 	-3.35677e-08 	-1.89166e-07 	0
0.0705839 	-3.23135e-08 	-1.91572e-07 	0
0.0710307 	-3.10592e-08 	-1.93977e-07 	0
0.0714774 	-2.98895e-08 	-1.96535e-07 	0
0.0719241 	-2.87459e-08 	-1.99127e-07 	0
0.0723709 	-2.7628e-08 	-2.01781e-07 	0
0.0728176 	-2.65801e-08 	-2.04564e-07 	0
0.0732643 	-2.55323e-08 	-2.07348e-07 	0
0.0737111 	-2.45483e-08 	-2.10295e-07 	0
0.0741578 	-2.3583e-08 	-2.13275e-07 	0
0.0746045 	-2.26372e-08 	-2.16324e-07 	2.31766e-29
0.0750513 	-2.17428e-08 	-2.19504e-07 	9.6732e-29
0.075498 	-2.08484e-08 	-2.22685e-07 	1.70287e-28
0.0759447 	-2.00008e-08 	-2.26041e-07 	2.55672e-28
0.0763915 	-1.91668e-08 	-2.29426e-07 	3.31571e-28
0.0768382 	-1.83465e-08 	-2.32889e-07 	3.5366e-28
0.0772849 	-1.75633e-08 	-2.36483e-07 	2.80105e-28
0.0777317 	-1.67801e-08 	-2.40078e-07 	2.06549e-28
0.0781784 	-1.60292e-08 	-2.4386e-07 	1.20686e-28
0.0786251 	-1.52881e-08 	-2.47667e-07 	4.47871e-29
0.0790719 	-1.45556e-08 	-2.51559e-07 	0
0.0795186 	-1.38488e-08 	-2.55583e-07 	0
0.0799653 	-1.31419e-08 	-2.59607e-07 	0
0.0804121 	-1.24544e-08 	-2.63829e-07 	0
0.0808588 	-1.17743e-08 	-2.68072e-07 	0
0.0813055 	-1.10975e-08 	-2.72408e-07 	6.56826e-29
0.0817523 	-1.04372e-08 	-2.76874e-07 	2.34061e-28
0.082199 	-9.77694e-09 	-2.81341e-07 	4.02439e-28
0.0826457 	-9.12386e-09 	-2.86016e-07 	5.80442e-28
0.0830925 	-8.47675e-09 	-2.90708e-07 	7.51049e-28
0.0835392 	-7.82758e-09 	-2.95499e-07 	7.01938e-28
0.0839859 	-7.18726e-09 	-3.00419e-07 	3.61165e-28
0.0844327 	-6.54694e-09 	-3.05338e-07 	2.03915e-29
0.0848794 	-5.90213e-09 	-3.10476e-07 	-3.39295e-28
0.0853261 	-5.26243e-09 	-3.15626e-07 	-6.83641e-28
0.0857729 	-4.6151e-09 	-3.20882e-07 	-7.8526e-28
0.0862196 	-3.96994e-09 	-3.26263e-07 	-6.12865e-28
0.0866663 	-3.32479e-09 	-3.31644e-07 	-4.4047e-28
0.0871131 	-2.66331e-09 	-3.37244e-07 	-2.58887e-28
0.0875598 	-2.00668e-09 	-3.42851e-07 	-8.51478e-29
0.0880065 	-1.33912e-09 	-2.8121e-07 	0
0.0884533 	-6.70915e-10 	-1.42219e-07 	0
0.0889 	0 	0 	0
