0 	0 	0 	0
0.000446734 	-1.88734e-05 	0.000206209 	-7.08483e-27
0.000893467 	-3.77467e-05 	0.000412417 	-1.41697e-26
0.0013402 	-6.61022e-05 	0.000516749 	-1.58192e-26
0.00178693 	-0.000103477 	0.000524173 	-1.22987e-26
0.00223367 	-0.000141339 	0.000529891 	-8.77708e-27
0.0026804 	-0.000198182 	0.000469049 	-5.21278e-27
0.00312714 	-0.000255026 	0.000408208 	-1.64849e-27
0.00357387 	-0.000329498 	0.000363404 	0
0.0040206 	-0.000419139 	0.000332401 	0
0.00446734 	-0.000511166 	0.000305041 	0
0.00491407 	-0.000648539 	0.000346905 	0
0.0053608 	-0.000785911 	0.000388769 	0
0.00580754 	-0.000954796 	0.000469936 	0
0.00625427 	-0.00114819 	0.000581672 	0
0.00670101 	-0.00134591 	0.000697058 	-3.58354e-28
0.00714774 	-0.00159703 	0.000857463 	-5.13641e-27
0.00759447 	-0.00184815 	0.00101787 	-9.91447e-27
0.00804121 	-0.00213174 	0.00119467 	-1.40496e-26
0.00848794 	-0.00243813 	0.00138298 	-1.77333e-26
0.00893467 	-0.00274938 	0.00157242 	-2.05708e-26
0.00938141 	-0.00310442 	0.00177196 	-1.57927e-26
0.00982814 	-0.00345946 	0.00197151 	-1.10147e-26
0.0102749 	-0.00383738 	0.00216893 	-6.90692e-27
0.0107216 	-0.00422977 	0.00236499 	-3.22323e-27
0.0111683 	-0.00462496 	0.00255889 	4.60779e-29
0.0116151 	-0.00503971 	0.00273758 	4.14701e-28
0.0120618 	-0.00545446 	0.00291626 	7.83325e-28
0.0125085 	-0.00587306 	0.00307609 	1.68263e-27
0.0129553 	-0.00629385 	0.00322519 	2.8837e-27
0.013402 	-0.00671331 	0.0033685 	3.84932e-27
0.0138487 	-0.0071252 	0.00347899 	3.48069e-27
0.0142955 	-0.00753709 	0.00358948 	3.11207e-27
0.0147422 	-0.00793532 	0.00367108 	2.19195e-27
0.0151889 	-0.0083266 	0.00373796 	9.90882e-28
0.0156357 	-0.00871288 	0.003797 	0
0.0160824 	-0.00907564 	0.00381914 	0
0.0165291 	-0.0094384 	0.00384127 	0
0.0169759 	-0.00977844 	0.00383388 	0
0.0174226 	-0.0101082 	0.00381308 	0
0.0178693 	-0.0104308 	0.0037844 	0
0.0183161 	-0.0107254 	0.00372426 	0
0.0187628 	-0.01102 	0.00366412 	0
0.0192095 	-0.011289 	0.00357909 	0
0.0196563 	-0.0115478 	0.00348402 	0
0.020103 	-0.0117985 	0.00338211 	0
0.0205497 	-0.0120216 	0.00325664 	0
0.0209965 	-0.0122447 	0.00313118 	0
0.0214432 	-0.0124419 	0.00298652 	0
0.0218899 	-0.0126299 	0.00283502 	0
0.0223367 	-0.0128094 	0.00267803 	1.37209e-27
0.0227834 	-0.0129631 	0.00250456 	6.86043e-27
0.0232302 	-0.0131167 	0.00233108 	1.23488e-26
0.0236769 	-0.013245 	0.00214369 	1.81187e-26
0.0241236 	-0.0133654 	0.00195197 	2.39764e-26
0.0245704 	-0.013477 	0.00175616 	2.67139e-26
0.0250171 	-0.0135651 	0.00154961 	2.12255e-26
0.0254638 	-0.0136533 	0.00134306 	1.57372e-26
0.0259106 	-0.0137169 	0.00112732 	2.01618e-26
0.0263573 	-0.0137739 	0.000909106 	2.72613e-26
0.026804 	-0.0138217 	0.000688289 	3.62551e-26
0.0272508 	-0.0138483 	0.000461402 	4.96688e-26
0.0276975 	-0.0138749 	0.000234515 	6.30824e-26
0.0281442 	-0.0138772 	2.94693e-06 	5.50698e-26
0.028591 	-0.0138739 	-0.000229701 	4.21126e-26
0.0290377 	-0.0138609 	-0.000463255 	2.9007e-26
0.0294844 	-0.0138277 	-0.000698694 	1.55934e-26
0.0299312 	-0.0137946 	-0.000934132 	2.17972e-27
0.0303779 	-0.013736 	-0.00116919 	0
0.0308246 	-0.0136725 	-0.00140417 	0
0.0312714 	-0.0135978 	-0.00163766 	0
0.0317181 	-0.0135026 	-0.00186838 	0
0.0321648 	-0.0134073 	-0.0020991 	0
0.0326116 	-0.013283 	-0.00232218 	2.40149e-26
0.0330583 	-0.013154 	-0.00254404 	5.18582e-26
0.033505 	-0.0130114 	-0.00276046 	7.91932e-26
0.0339518 	-0.012846 	-0.00296781 	1.05681e-25
0.0343985 	-0.0126805 	-0.00317516 	1.32169e-25
0.0348452 	-0.0124798 	-0.00336351 	1.10438e-25
0.035292 	-0.0122745 	-0.00354944 	8.25945e-26
0.0357387 	-0.0120519 	-0.00372353 	5.52934e-26
0.0361854 	-0.0118032 	-0.00387982 	2.88055e-26
0.0366322 	-0.0115544 	-0.00403612 	2.31769e-27
0.0370789 	-0.0112627 	-0.0041568 	-3.84469e-27
0.0375256 	-0.0109669 	-0.00427406 	-8.05805e-27
0.0379724 	-0.01065 	-0.00437047 	-1.19613e-26
0.0384191 	-0.0103047 	-0.00443866 	-1.5445e-26
0.0388658 	-0.00995927 	-0.00450686 	-1.89287e-26
0.0393126 	-0.00956721 	-0.00452003 	-1.51964e-26
0.0397593 	-0.00917203 	-0.00452953 	-1.0983e-26
0.040206 	-0.0087561 	-0.0045092 	-7.09803e-27
0.0406528 	-0.00831481 	-0.00445243 	-3.61433e-27
0.0410995 	-0.00787351 	-0.00439566 	-1.30639e-28
0.0415462 	-0.00739667 	-0.00427187 	0
0.041993 	-0.00691846 	-0.00414548 	0
0.0424397 	-0.00643028 	-0.00398757 	0
0.0428864 	-0.0059311 	-0.00379483 	0
0.0433332 	-0.00543192 	-0.00360208 	0
0.0437799 	-0.00493446 	-0.00335539 	-3.53704e-28
0.0442266 	-0.00443702 	-0.00310802 	-7.11886e-28
0.0446734 	-0.00395417 	-0.00284358 	-9.46116e-28
0.0451201 	-0.00348592 	-0.00256208 	-1.0564e-27
0.0455668 	-0.00301838 	-0.00228049 	-1.16082e-27
0.0460136 	-0.00260715 	-0.00199183 	-8.02638e-28
0.0464603 	-0.00219592 	-0.00170318 	-4.44456e-28
0.046907 	-0.00182621 	-0.00142567 	-2.16423e-28
0.0473538 	-0.00149407 	-0.00115826 	-1.06144e-28
0.0478005 	-0.00116529 	-0.000892513 	3.01658e-31
0.0482472 	-0.000922886 	-0.000669682 	8.34588e-30
0.048694 	-0.000680482 	-0.000446852 	1.63901e-29
0.0491407 	-0.000485798 	-0.000256061 	5.3047e-29
0.0495874 	-0.000330159 	-9.14834e-05 	1.13114e-28
0.0500342 	-0.000179091 	6.91857e-05 	1.68924e-28
0.0504809 	-9.66135e-05 	0.00017123 	1.6088e-28
0.0509276 	-1.41354e-05 	0.000273275 	1.52836e-28
0.0513744 	3.6679e-05 	0.000339557 	3.13682e-28
0.0518211 	6.40899e-05 	0.000379405 	5.99361e-28
0.0522678 	8.83113e-05 	0.000413842 	8.9797e-28
0.0527146 	7.92702e-05 	0.000391843 	1.33141e-27
0.0531613 	7.02292e-05 	0.000369844 	1.76486e-27
0.053608 	5.5098e-05 	0.000311632 	1.73079e-27
0.0540548 	3.59067e-05 	0.000229277 	1.38504e-27
0.0545015 	1.80014e-05 	0.000149514 	1.02943e-27
0.0549482 	1.0242e-05 	9.0197e-05 	5.95985e-28
0.055395 	2.48262e-06 	3.08797e-05 	1.62541e-28
0.0558417 	-3.71847e-07 	6.46392e-06 	0
0.0562884 	-2.8335e-07 	2.98908e-06 	0
0.0567352 	-2.10957e-07 	-7.76997e-09 	0
0.0571819 	-2.39571e-07 	-6.27845e-09 	0
0.0576286 	-2.68185e-07 	-4.78692e-09 	0
0.0580754 	-2.79373e-07 	-3.64992e-09 	0
0.0585221 	-2.81177e-07 	-2.70383e-09 	0
0.0589688 	-2.82946e-07 	-1.88121e-09 	-1.42383e-30
0.0594156 	-2.84535e-07 	-1.69497e-09 	-1.01858e-29
0.0598623 	-2.86124e-07 	-1.50873e-09 	-1.89479e-29
0.060309 	-2.87458e-07 	-1.7681e-09 	-2.87986e-29
0.0607558 	-2.8867e-07 	-2.24201e-09 	-3.91736e-29
0.0612025 	-2.89798e-07 	-2.81523e-09 	-4.59605e-29
0.0616492 	-2.90562e-07 	-3.81874e-09 	-3.71984e-29
0.062096 	-2.91326e-07 	-4.82224e-09 	-2.84364e-29
0.0625427 	-2.91762e-07 	-6.11379e-09 	-1.85453e-29
0.0629894 	-2.92058e-07 	-7.52879e-09 	-8.17031e-30
0.0634362 	-2.92253e-07 	-9.01092e-09 	0
0.0638829 	-2.92077e-07 	-1.07419e-08 	0
0.0643296 	-2.91901e-07 	-1.24728e-08 	0
0.0647764 	-2.91388e-07 	-1.43792e-08 	0
0.0652231 	-2.90745e-07 	-1.63521e-08 	0
0.0656698 	-2.89994e-07 	-1.83691e-08 	-2.07132e-30
0.0661166 	-2.88892e-07 	-2.0528e-08 	-1.07927e-29
0.0665633 	-2.87789e-07 	-2.26868e-08 	-1.9514e-29
0.0670101 	-2.86346e-07 	-2.49541e-08 	-2.87284e-29
0.0674568 	-2.8479e-07 	-2.72575e-08 	-3.81073e-29
0.0679035 	-2.83116e-07 	-2.95911e-08 	-4.27348e-29
0.0683503 	-2.81111e-07 	-3.20095e-08 	-3.40134e-29
0.068797 	-2.79106e-07 	-3.44279e-08 	-2.52921e-29
0.0692437 	-2.76756e-07 	-3.69201e-08 	-1.60612e-29
0.0696905 	-2.74306e-07 	-3.94338e-08 	-6.6824e-30
0.0701372 	-2.7173e-07 	-4.19716e-08 	0
0.0705839 	-2.6884e-07 	-4.4569e-08 	0
0.0710307 	-2.65949e-07 	-4.71665e-08 	0
0.0714774 	-2.62707e-07 	-4.98274e-08 	-9.55767e-30
0.0719241 	-2.59378e-07 	-5.25042e-08 	-2.15048e-29
0.0723709 	-2.55911e-07 	-5.52064e-08 	-3.36482e-29
0.0728176 	-2.52143e-07 	-5.79644e-08 	-4.62234e-29
0.0732643 	-2.48375e-07 	-6.07223e-08 	-5.87986e-29
0.0737111 	-2.44245e-07 	-6.35533e-08 	-5.11429e-29
0.0741578 	-2.40037e-07 	-6.63998e-08 	-3.91958e-29
0.0746045 	-2.3568e-07 	-6.92804e-08 	-2.70367e-29
0.0750513 	-2.3103e-07 	-7.22281e-08 	-1.44615e-29
0.075498 	-2.26381e-07 	-7.51758e-08 	-1.88628e-30
0.0759447 	-2.21351e-07 	-7.82248e-08 	0
0.0763915 	-2.16254e-07 	-8.12917e-08 	0
0.0768382 	-2.10994e-07 	-8.44103e-08 	0
0.0772849 	-2.05444e-07 	-8.76199e-08 	0
0.0777317 	-1.99895e-07 	-9.08295e-08 	0
0.0781784 	-1.93943e-07 	-9.41897e-08 	0
0.0786251 	-1.87934e-07 	-9.75715e-08 	0
0.0790719 	-1.81744e-07 	-1.01034e-07 	0
0.0795186 	-1.75267e-07 	-1.04625e-07 	0
0.0799653 	-1.68791e-07 	-1.08215e-07 	0
0.0804121 	-1.61889e-07 	-1.12033e-07 	0
0.0808588 	-1.54939e-07 	-1.15877e-07 	0
0.0813055 	-1.47793e-07 	-1.19847e-07 	0
0.0817523 	-1.40367e-07 	-1.23998e-07 	0
0.082199 	-1.3294e-07 	-1.28148e-07 	0
0.0826457 	-1.25076e-07 	-1.32642e-07 	0
0.0830925 	-1.17176e-07 	-1.37164e-07 	0
0.0835392 	-1.09076e-07 	-1.41882e-07 	0
0.0839859 	-1.00717e-07 	-1.46851e-07 	0
0.0844327 	-9.23587e-08 	-1.51821e-07 	0
0.0848794 	-8.35946e-08 	-1.57297e-07 	0
0.0853261 	-7.48092e-08 	-1.628e-07 	0
0.0857729 	-6.5853e-08 	-1.68592e-07 	0
0.0862196 	-5.66985e-08 	-1.7472e-07 	0
0.0866663 	-4.7544e-08 	-1.80849e-07 	0
0.0871131 	-3.8117e-08 	-1.87668e-07 	0
0.0875598 	-2.8683e-08 	-1.94505e-07 	0
0.0880065 	-1.91743e-08 	-1.59204e-07 	0
0.0884533 	-9.58717e-09 	-7.96018e-08 	0
0.0889 	-3.00359e-22 	-2.92297e-21 	0
