0 	0 	0 	0
0.000446734 	1.7936e-05 	0.00359577 	-1.09333e-25
0.000893467 	3.41103e-05 	0.00715462 	-2.15571e-25
0.0013402 	-2.78457e-05 	0.00952355 	-2.37955e-25
0.00178693 	-0.000158984 	0.0108105 	-1.83337e-25
0.00223367 	-0.000293246 	0.0120657 	-1.25958e-25
0.0026804 	-0.000475606 	0.0125685 	-7.43379e-26
0.00312714 	-0.000657967 	0.0130713 	-2.27176e-26
0.00357387 	-0.000841961 	0.0134583 	-2.88487e-26
0.0040206 	-0.00102516 	0.0137488 	-8.48557e-26
0.00446734 	-0.00120855 	0.0140325 	-1.44705e-25
0.00491407 	-0.00137748 	0.0141768 	-2.27546e-25
0.0053608 	-0.0015464 	0.0143211 	-3.10386e-25
0.00580754 	-0.00170549 	0.0143801 	-3.28626e-25
0.00625427 	-0.0018556 	0.0143722 	-2.98448e-25
0.00670101 	-0.00200482 	0.0143542 	-2.61088e-25
0.00714774 	-0.00213535 	0.0142106 	-1.78247e-25
0.00759447 	-0.00226589 	0.014067 	-9.54067e-26
0.00804121 	-0.00238627 	0.0138618 	-4.84958e-26
0.00848794 	-0.00249875 	0.0136133 	-2.2667e-26
0.00893467 	-0.00261 	0.0133574 	0
0.00938141 	-0.00270662 	0.0130349 	0
0.00982814 	-0.00280325 	0.0127123 	0
0.0102749 	-0.00289163 	0.0123593 	0
0.0107216 	-0.00297435 	0.011987 	0
0.0111683 	-0.00305574 	0.0116107 	0
0.0116151 	-0.00312618 	0.011206 	0
0.0120618 	-0.00319663 	0.0108012 	0
0.0125085 	-0.0032604 	0.0103843 	0
0.0129553 	-0.00332016 	0.00996013 	0
0.013402 	-0.00337868 	0.0095347 	0
0.0138487 	-0.00342955 	0.00910128 	0
0.0142955 	-0.00348042 	0.00866787 	0
0.0147422 	-0.00352673 	0.00823366 	0
0.0151889 	-0.00357064 	0.00779892 	0
0.0156357 	-0.00361369 	0.00736502 	0
0.0160824 	-0.00365255 	0.00693469 	0
0.0165291 	-0.00369141 	0.00650435 	0
0.0169759 	-0.00372802 	0.00607954 	0
0.0174226 	-0.00376359 	0.00565718 	0
0.0178693 	-0.00379883 	0.00523677 	0
0.0183161 	-0.0038327 	0.00482408 	0
0.0187628 	-0.00386657 	0.00441138 	0
0.0192095 	-0.00390026 	0.00400575 	0
0.0196563 	-0.00393386 	0.00360295 	0
0.020103 	-0.0039677 	0.00320217 	0
0.0205497 	-0.00400231 	0.00280837 	0
0.0209965 	-0.00403693 	0.00241456 	0
0.0214432 	-0.00407304 	0.00202604 	0
0.0218899 	-0.00410966 	0.00163942 	0
0.0223367 	-0.004147 	0.00125397 	0
0.0227834 	-0.0041864 	0.000872119 	0
0.0232302 	-0.0042258 	0.000490272 	0
0.0236769 	-0.00426793 	0.000109919 	0
0.0241236 	-0.00431089 	-0.000269903 	0
0.0245704 	-0.00435503 	-0.000650006 	0
0.0250171 	-0.00440219 	-0.00103064 	0
0.0254638 	-0.00444934 	-0.00141127 	0
0.0259106 	-0.00449992 	-0.00179475 	0
0.0263573 	-0.00455137 	-0.00217891 	0
0.026804 	-0.0046041 	-0.00256492 	0
0.0272508 	-0.00465967 	-0.00295497 	0
0.0276975 	-0.00471525 	-0.00334503 	0
0.0281442 	-0.00477395 	-0.00374137 	0
0.028591 	-0.00483333 	-0.00413907 	0
0.0290377 	-0.00489377 	-0.00453962 	0
0.0294844 	-0.00495631 	-0.00494586 	0
0.0299312 	-0.00501884 	-0.0053521 	0
0.0303779 	-0.00508325 	-0.00576538 	0
0.0308246 	-0.00514799 	-0.00617995 	0
0.0312714 	-0.00521306 	-0.00659693 	0
0.0317181 	-0.0052787 	-0.00701824 	0
0.0321648 	-0.00534433 	-0.00743956 	0
0.0326116 	-0.00540928 	-0.00786392 	0
0.0330583 	-0.00547413 	-0.00828874 	0
0.033505 	-0.00553785 	-0.00871295 	0
0.0339518 	-0.00559982 	-0.00913611 	0
0.0343985 	-0.00566179 	-0.00955927 	0
0.0348452 	-0.00571882 	-0.00997429 	0
0.035292 	-0.00577532 	-0.0103883 	0
0.0357387 	-0.00582817 	-0.0107945 	0
0.0361854 	-0.00587591 	-0.011189 	0
0.0366322 	-0.00592365 	-0.0115835 	0
0.0370789 	-0.00595928 	-0.0119474 	0
0.0375256 	-0.00599398 	-0.0123084 	0
0.0379724 	-0.00602057 	-0.0126473 	1.2977e-26
0.0384191 	-0.00603689 	-0.0129567 	4.52107e-26
0.0388658 	-0.00605321 	-0.013266 	7.74445e-26
0.0393126 	-0.00604664 	-0.0135065 	1.03067e-25
0.0397593 	-0.00603901 	-0.0137426 	1.29655e-25
0.040206 	-0.00601853 	-0.013936 	1.23335e-25
0.0406528 	-0.00598362 	-0.0140781 	7.57462e-26
0.0410995 	-0.00594871 	-0.0142202 	2.81579e-26
0.0415462 	-0.00588788 	-0.014257 	-1.08116e-26
0.041993 	-0.00582671 	-0.0142902 	-4.85725e-26
0.0424397 	-0.00575239 	-0.0142629 	-5.98517e-26
0.0428864 	-0.00566471 	-0.0141693 	-4.44971e-26
0.0433332 	-0.00557644 	-0.0140744 	-2.90402e-26
0.0437799 	-0.00543936 	-0.0137857 	-1.65088e-26
0.0442266 	-0.00530146 	-0.013493 	-5.33603e-27
0.0446734 	-0.00509334 	-0.0130016 	-4.14513e-27
0.0451201 	-0.00481604 	-0.0123117 	-1.28244e-26
0.0455668 	-0.00453058 	-0.0116069 	-2.23864e-26
0.0460136 	-0.00395381 	-0.0102669 	-2.54667e-26
0.0464603 	-0.00337576 	-0.00892376 	-2.82039e-26
0.046907 	-0.00266745 	-0.00722639 	-2.40153e-26
0.0473538 	-0.00186387 	-0.00522217 	-1.53361e-26
0.0478005 	-0.00107495 	-0.00322597 	-6.64477e-27
0.0482472 	-0.000645708 	-0.00199196 	-3.90758e-27
0.048694 	-0.000216462 	-0.000757944 	-1.17039e-27
0.0491407 	-2.58708e-05 	-0.000180593 	0
0.0495874 	-1.24903e-05 	-8.64113e-05 	0
0.0500342 	-2.40845e-07 	-2.22751e-07 	2.26286e-30
0.0504809 	-2.38474e-07 	-1.88646e-07 	5.87073e-29
0.0509276 	-2.36103e-07 	-1.5454e-07 	1.15152e-28
0.0513744 	-2.33872e-07 	-1.40257e-07 	1.72892e-28
0.0518211 	-2.33734e-07 	-1.40205e-07 	2.17947e-28
0.0522678 	-2.32568e-07 	-1.40376e-07 	2.52335e-28
0.0527146 	-2.25066e-07 	-1.43449e-07 	1.9589e-28
0.0531613 	-2.17564e-07 	-1.46522e-07 	1.39446e-28
0.053608 	-2.08969e-07 	-1.4916e-07 	8.40321e-29
0.0540548 	-1.99771e-07 	-1.51531e-07 	3.89769e-29
0.0545015 	-1.90618e-07 	-1.53833e-07 	0
0.0549482 	-1.81857e-07 	-1.55478e-07 	0
0.055395 	-1.73096e-07 	-1.57123e-07 	0
0.0558417 	-1.64939e-07 	-1.58531e-07 	0
0.0562884 	-1.57134e-07 	-1.59766e-07 	0
0.0567352 	-1.49468e-07 	-1.60993e-07 	0
0.0571819 	-1.42634e-07 	-1.62027e-07 	0
0.0576286 	-1.35801e-07 	-1.6306e-07 	0
0.0580754 	-1.29535e-07 	-1.6406e-07 	0
0.0585221 	-1.23569e-07 	-1.65013e-07 	0
0.0589688 	-1.17728e-07 	-1.65982e-07 	0
0.0594156 	-1.12516e-07 	-1.6693e-07 	0
0.0598623 	-1.07304e-07 	-1.67879e-07 	0
0.060309 	-1.02531e-07 	-1.68873e-07 	0
0.0607558 	-9.79692e-08 	-1.6987e-07 	0
0.0612025 	-9.35116e-08 	-1.70894e-07 	0
0.0616492 	-8.95104e-08 	-1.71978e-07 	0
0.062096 	-8.55092e-08 	-1.73062e-07 	0
0.0625427 	-8.18445e-08 	-1.74238e-07 	0
0.0629894 	-7.83267e-08 	-1.75439e-07 	0
0.0634362 	-7.48949e-08 	-1.76679e-07 	0
0.0638829 	-7.17938e-08 	-1.7802e-07 	0
0.0643296 	-6.86926e-08 	-1.79362e-07 	0
0.0647764 	-6.58489e-08 	-1.80826e-07 	0
0.0652231 	-6.31069e-08 	-1.82326e-07 	0
0.0656698 	-6.04351e-08 	-1.83873e-07 	0
0.0661166 	-5.80028e-08 	-1.85544e-07 	0
0.0665633 	-5.55706e-08 	-1.87216e-07 	0
0.0670101 	-5.3335e-08 	-1.8903e-07 	0
0.0674568 	-5.11699e-08 	-1.90885e-07 	0
0.0679035 	-4.90614e-08 	-1.92794e-07 	0
0.0683503 	-4.71268e-08 	-1.94839e-07 	0
0.068797 	-4.51923e-08 	-1.96884e-07 	0
0.0692437 	-4.34079e-08 	-1.99087e-07 	0
0.0696905 	-4.16724e-08 	-2.0133e-07 	0
0.0701372 	-3.9982e-08 	-2.03635e-07 	0
0.0705839 	-3.84183e-08 	-2.06082e-07 	0
0.0710307 	-3.68547e-08 	-2.08529e-07 	0
0.0714774 	-3.54052e-08 	-2.11146e-07 	0
0.0719241 	-3.39898e-08 	-2.13801e-07 	0
0.0723709 	-3.26097e-08 	-2.16526e-07 	0
0.0728176 	-3.13221e-08 	-2.19395e-07 	0
0.0732643 	-3.00345e-08 	-2.22264e-07 	0
0.0737111 	-2.88327e-08 	-2.25315e-07 	0
0.0741578 	-2.76549e-08 	-2.28401e-07 	0
0.0746045 	-2.65039e-08 	-2.31564e-07 	2.00147e-29
0.0750513 	-2.54201e-08 	-2.34872e-07 	8.35354e-29
0.075498 	-2.43363e-08 	-2.3818e-07 	1.47056e-28
0.0759447 	-2.33156e-08 	-2.41681e-07 	2.21218e-28
0.0763915 	-2.23118e-08 	-2.45215e-07 	2.87278e-28
0.0768382 	-2.13274e-08 	-2.48832e-07 	3.06762e-28
0.0772849 	-2.03911e-08 	-2.52594e-07 	2.43242e-28
0.0777317 	-1.94548e-08 	-2.56356e-07 	1.79721e-28
0.0781784 	-1.85625e-08 	-2.60323e-07 	1.0504e-28
0.0786251 	-1.76824e-08 	-2.64317e-07 	3.89808e-29
0.0790719 	-1.68149e-08 	-2.68404e-07 	0
0.0795186 	-1.59807e-08 	-2.72634e-07 	0
0.0799653 	-1.51466e-08 	-2.76864e-07 	0
0.0804121 	-1.434e-08 	-2.8131e-07 	0
0.0808588 	-1.35424e-08 	-2.85778e-07 	0
0.0813055 	-1.27508e-08 	-2.90347e-07 	5.85128e-29
0.0817523 	-1.19809e-08 	-2.95057e-07 	2.08511e-28
0.082199 	-1.1211e-08 	-2.99768e-07 	3.58509e-28
0.0826457 	-1.04538e-08 	-3.04704e-07 	5.17482e-28
0.0830925 	-9.70344e-09 	-3.09658e-07 	6.6989e-28
0.0835392 	-8.95273e-09 	-3.1472e-07 	6.26088e-28
0.0839859 	-8.21403e-09 	-3.19921e-07 	3.2175e-28
0.0844327 	-7.47534e-09 	-3.25122e-07 	1.74109e-29
0.0848794 	-6.73509e-09 	-3.30558e-07 	-3.04511e-28
0.0853261 	-6.00054e-09 	-3.36007e-07 	-6.12711e-28
0.0857729 	-5.25898e-09 	-3.41572e-07 	-7.03667e-28
0.0862196 	-4.52122e-09 	-3.47271e-07 	-5.49327e-28
0.0866663 	-3.78346e-09 	-3.5297e-07 	-3.94986e-28
0.0871131 	-3.02994e-09 	-3.58906e-07 	-2.32146e-28
0.0875598 	-2.28171e-09 	-3.64849e-07 	-7.63526e-29
0.0880065 	-1.52221e-09 	-2.99244e-07 	0
0.0884533 	-7.62567e-10 	-1.51338e-07 	0
0.0889 	0 	0 	0
