0 	0 	0 	0
0.000446734 	-8.01629e-06 	-4.88922e-05 	1.01379e-25
0.000893467 	-1.60326e-05 	-9.77844e-05 	2.02757e-25
0.0013402 	-2.04441e-05 	-0.000120493 	3.56522e-25
0.00178693 	-2.14266e-05 	-0.000118296 	5.60117e-25
0.00223367 	-2.17821e-05 	-0.000114708 	7.56084e-25
0.0026804 	2.31798e-06 	-5.68563e-05 	6.54547e-25
0.00312714 	2.64181e-05 	9.9552e-07 	5.5301e-25
0.00357387 	7.31746e-05 	9.1308e-05 	3.43944e-25
0.0040206 	0.000139426 	0.000209552 	4.23525e-26
0.00446734 	0.000208526 	0.000330804 	-2.46517e-25
0.00491407 	0.000331741 	0.00050922 	-2.93656e-25
0.0053608 	0.000454957 	0.000687636 	-3.40795e-25
0.00580754 	0.000614805 	0.000894382 	-2.28041e-25
0.00625427 	0.000803146 	0.00112316 	9.07614e-27
0.00670101 	0.000996237 	0.00135419 	2.4589e-25
0.00714774 	0.00124791 	0.00161302 	4.78961e-25
0.00759447 	0.00149957 	0.00187184 	7.12032e-25
0.00804121 	0.00178148 	0.00213254 	7.26441e-25
0.00848794 	0.0020846 	0.00239456 	5.87321e-25
0.00893467 	0.00239106 	0.00265427 	4.58062e-25
0.00938141 	0.00272745 	0.00289311 	4.17556e-25
0.00982814 	0.00306384 	0.00313195 	3.7705e-25
0.0102749 	0.00340879 	0.0033444 	5.54476e-25
0.0107216 	0.00375915 	0.00354016 	8.69777e-25
0.0111683 	0.00410924 	0.0037292 	1.12114e-24
0.0116151 	0.00445736 	0.00387117 	9.24952e-25
0.0120618 	0.00480548 	0.00401313 	7.28763e-25
0.0125085 	0.005145 	0.00411944 	3.04923e-25
0.0129553 	0.00547963 	0.00420547 	-2.48364e-25
0.013402 	0.00581127 	0.0042837 	-7.48622e-25
0.0138487 	0.00612605 	0.0043178 	-9.48382e-25
0.0142955 	0.00644083 	0.0043519 	-1.14814e-24
0.0147422 	0.00674074 	0.00435648 	-1.05558e-24
0.0151889 	0.00703306 	0.00434603 	-8.14097e-25
0.0156357 	0.00732141 	0.00432927 	-5.23293e-25
0.0160824 	0.007591 	0.00428278 	2.34307e-29
0.0165291 	0.00786059 	0.00423629 	5.2334e-25
0.0169759 	0.00811516 	0.0041707 	6.84472e-25
0.0174226 	0.00836291 	0.00409643 	6.80975e-25
0.0178693 	0.00860656 	0.00401805 	6.23651e-25
0.0183161 	0.00883379 	0.00392328 	3.51017e-25
0.0187628 	0.00906102 	0.00382851 	7.83823e-26
0.0192095 	0.00927461 	0.00372348 	0
0.0196563 	0.00948268 	0.00361432 	0
0.020103 	0.00968673 	0.00350302 	-6.21695e-26
0.0205497 	0.0098769 	0.00338439 	-3.38479e-25
0.0209965 	0.0100671 	0.00326575 	-6.14788e-25
0.0214432 	0.0102449 	0.00314301 	-9.87497e-25
0.0218899 	0.0104183 	0.0030188 	-1.39452e-24
0.0223367 	0.0105878 	0.00289395 	-1.67942e-24
0.0227834 	0.0107454 	0.00276717 	-1.59794e-24
0.0232302 	0.0109031 	0.00264038 	-1.51647e-24
0.0236769 	0.0110494 	0.00251335 	-1.03072e-24
0.0241236 	0.0111923 	0.00238624 	-4.19043e-25
0.0245704 	0.0113313 	0.00225948 	1.49767e-25
0.0250171 	0.0114602 	0.00213368 	6.05568e-25
0.0254638 	0.011589 	0.00200788 	1.06137e-24
0.0259106 	0.0117075 	0.001884 	1.09854e-24
0.0263573 	0.0118232 	0.00176065 	1.02275e-24
0.026804 	0.0119352 	0.00163825 	9.29188e-25
0.0272508 	0.0120384 	0.00151809 	7.94168e-25
0.0276975 	0.0121416 	0.00139793 	6.59148e-25
0.0281442 	0.0122353 	0.00128073 	6.79225e-25
0.028591 	0.0123267 	0.0011642 	7.35095e-25
0.0290377 	0.0124145 	0.00104892 	7.13838e-25
0.0294844 	0.0124946 	0.000936238 	5.32394e-25
0.0299312 	0.0125748 	0.000823553 	3.50951e-25
0.0303779 	0.012646 	0.000714112 	-7.68594e-26
0.0308246 	0.0127155 	0.000605301 	-5.52472e-25
0.0312714 	0.0127813 	0.000497815 	-8.42197e-25
0.0317181 	0.0128405 	0.000392787 	-7.86699e-25
0.0321648 	0.0128997 	0.000287759 	-7.31202e-25
0.0326116 	0.0129504 	0.000185839 	-2.30899e-25
0.0330583 	0.0129997 	8.44132e-05 	3.40315e-25
0.033505 	0.0130455 	-1.57518e-05 	7.38192e-25
0.0339518 	0.0130853 	-0.000113816 	8.47171e-25
0.0343985 	0.0131252 	-0.00021188 	9.56151e-25
0.0348452 	0.013157 	-0.000307194 	6.24893e-25
0.035292 	0.0131877 	-0.000402159 	2.3783e-25
0.0357387 	0.013215 	-0.000495989 	2.36855e-26
0.0361854 	0.013237 	-0.000588117 	6.89175e-26
0.0366322 	0.013259 	-0.000680245 	1.14149e-25
0.0370789 	0.0132733 	-0.000770027 	4.94923e-25
0.0375256 	0.0132869 	-0.000859584 	9.07872e-25
0.0379724 	0.013297 	-0.000948157 	1.05769e-24
0.0384191 	0.0133024 	-0.0010354 	8.51499e-25
0.0388658 	0.0133078 	-0.00112264 	6.4531e-25
0.0393126 	0.0133057 	-0.00120794 	1.39252e-26
0.0397593 	0.0133032 	-0.0012931 	-6.45806e-25
0.040206 	0.0132971 	-0.00137742 	-1.05279e-24
0.0406528 	0.0132867 	-0.00146069 	-1.15087e-24
0.0410995 	0.0132763 	-0.00154397 	-1.24895e-24
0.0415462 	0.0132582 	-0.00162554 	-9.59815e-25
0.041993 	0.0132399 	-0.00170705 	-6.55593e-25
0.0424397 	0.0132176 	-0.00178773 	-4.4794e-25
0.0428864 	0.0131911 	-0.0018675 	-3.47019e-25
0.0433332 	0.0131645 	-0.00194727 	-2.46098e-25
0.0437799 	0.0131292 	-0.00202518 	-1.96159e-25
0.0442266 	0.0130938 	-0.00210308 	-1.46867e-25
0.0446734 	0.0130535 	-0.00217987 	-9.76534e-26
0.0451201 	0.0130083 	-0.00225556 	-4.85196e-26
0.0455668 	0.012963 	-0.00233121 	1.83835e-27
0.0460136 	0.0129065 	-0.0024041 	1.48907e-25
0.0464603 	0.01285 	-0.002477 	2.95975e-25
0.046907 	0.0127866 	-0.00254794 	5.70541e-25
0.0473538 	0.0127169 	-0.00261713 	9.60462e-25
0.0478005 	0.0126466 	-0.00268613 	1.33388e-24
0.0482472 	0.0125613 	-0.00275033 	1.28377e-24
0.048694 	0.0124759 	-0.00281454 	1.23366e-24
0.0491407 	0.0123803 	-0.00287511 	9.73475e-25
0.0495874 	0.0122764 	-0.00293269 	5.41406e-25
0.0500342 	0.0121711 	-0.00298973 	1.36477e-25
0.0504809 	0.0120454 	-0.00303867 	1.38662e-25
0.0509276 	0.0119197 	-0.00308762 	1.40846e-25
0.0513744 	0.0117797 	-0.00313028 	1.6601e-25
0.0518211 	0.0116291 	-0.0031683 	2.08157e-25
0.0522678 	0.0114761 	-0.00320515 	2.37942e-25
0.0527146 	0.0112976 	-0.0032298 	1.388e-25
0.0531613 	0.0111191 	-0.00325445 	3.9657e-26
0.053608 	0.0109226 	-0.00326965 	0
0.0540548 	0.010714 	-0.00327854 	0
0.0545015 	0.0105019 	-0.00328542 	0
0.0549482 	0.0102622 	-0.00327644 	0
0.055395 	0.0100224 	-0.00326747 	0
0.0558417 	0.00976358 	-0.0032464 	4.49959e-26
0.0562884 	0.00949322 	-0.00321806 	1.16989e-25
0.0567352 	0.009219 	-0.00318696 	1.88319e-25
0.0571819 	0.00892047 	-0.0031386 	2.5549e-25
0.0576286 	0.00862195 	-0.00309023 	3.2266e-25
0.0580754 	0.00830808 	-0.00302914 	3.22258e-25
0.0585221 	0.00798594 	-0.00296119 	2.85472e-25
0.0589688 	0.00766105 	-0.00289032 	2.33771e-25
0.0594156 	0.00732193 	-0.00280444 	1.05205e-25
0.0598623 	0.0069828 	-0.00271855 	-2.33609e-26
0.060309 	0.00663782 	-0.00262247 	-1.08978e-25
0.0607558 	0.00629002 	-0.00252148 	-1.73917e-25
0.0612025 	0.00594235 	-0.00241837 	-2.05392e-25
0.0616492 	0.00559527 	-0.00230609 	-9.18541e-26
0.062096 	0.0052482 	-0.00219381 	2.16835e-26
0.0625427 	0.00490838 	-0.00207673 	1.09357e-25
0.0629894 	0.00457169 	-0.00195758 	1.85945e-25
0.0634362 	0.0042391 	-0.00183793 	2.44553e-25
0.0638829 	0.00392177 	-0.00171644 	2.36526e-25
0.0643296 	0.00360443 	-0.00159495 	2.28498e-25
0.0647764 	0.00330654 	-0.00147473 	2.52545e-25
0.0652231 	0.00301603 	-0.00135499 	2.88759e-25
0.0656698 	0.00273315 	-0.00123642 	3.19801e-25
0.0661166 	0.00247477 	-0.00112159 	3.34241e-25
0.0665633 	0.0022164 	-0.00100676 	3.48681e-25
0.0670101 	0.00198429 	-0.000896994 	2.61944e-25
0.0674568 	0.00176094 	-0.000788918 	1.41483e-25
0.0679035 	0.00154691 	-0.000682718 	2.76725e-26
0.0683503 	0.0013591 	-0.000581792 	-6.74518e-26
0.068797 	0.00117129 	-0.000480866 	-1.62576e-25
0.0692437 	0.00100994 	-0.000384885 	-1.79327e-25
0.0696905 	0.000856278 	-0.00029034 	-1.73325e-25
0.0701372 	0.000711692 	-0.000197328 	-1.74628e-25
0.0705839 	0.000589605 	-0.000108116 	-1.94035e-25
0.0710307 	0.000467517 	-1.89033e-05 	-2.13442e-25
0.0714774 	0.000368441 	6.57221e-05 	-1.91279e-25
0.0719241 	0.000275116 	0.000149201 	-1.58724e-25
0.0723709 	0.000190097 	0.00022953 	-1.08304e-25
0.0728176 	0.00012335 	0.000302931 	-1.85823e-26
0.0732643 	5.66027e-05 	0.000376332 	7.11395e-26
0.0737111 	1.07373e-05 	0.000432723 	1.1663e-25
0.0741578 	-3.06986e-05 	0.000485506 	1.52739e-25
0.0746045 	-6.40006e-05 	0.000525691 	1.81068e-25
0.0750513 	-8.13362e-05 	0.000541147 	1.94126e-25
0.075498 	-9.86717e-05 	0.000556604 	2.07184e-25
0.0759447 	-9.83337e-05 	0.000525475 	1.88944e-25
0.0763915 	-9.48767e-05 	0.000486127 	1.6518e-25
0.0768382 	-8.66304e-05 	0.000424365 	1.27473e-25
0.0772849 	-6.99615e-05 	0.000323189 	6.52441e-26
0.0777317 	-5.32925e-05 	0.000222012 	3.01538e-27
0.0781784 	-3.51384e-05 	7.99467e-05 	-3.34353e-26
0.0786251 	-1.67721e-05 	-6.79598e-05 	-6.62034e-26
0.0790719 	-1.91845e-06 	-0.000217913 	-8.77192e-26
0.0795186 	7.38308e-06 	-0.0003711 	-9.14494e-26
0.0799653 	1.66846e-05 	-0.000524287 	-9.51795e-26
0.0804121 	1.5403e-05 	-0.000622531 	-8.67882e-26
0.0808588 	1.29454e-05 	-0.000714672 	-7.70502e-26
0.0813055 	9.58666e-06 	-0.000744663 	-5.90993e-26
0.0817523 	4.94435e-06 	-0.00068614 	-2.94513e-26
0.082199 	3.02052e-07 	-0.000627616 	1.96589e-28
0.0826457 	-4.36571e-07 	-0.00047066 	1.13718e-26
0.0830925 	-8.58679e-07 	-0.000305722 	2.10493e-26
0.0835392 	-8.97596e-07 	-0.000175552 	2.19096e-26
0.0839859 	-4.43839e-07 	-9.00851e-05 	1.14336e-26
0.0844327 	9.91815e-09 	-4.61788e-06 	9.57617e-28
0.0848794 	3.23535e-08 	-3.01547e-07 	2.80306e-28
0.0853261 	3.20877e-08 	-2.56318e-07 	1.18717e-28
0.0857729 	3.17645e-08 	-2.49651e-07 	2.16938e-29
0.0862196 	3.13744e-08 	-2.878e-07 	-2.9261e-31
0.0866663 	3.09844e-08 	-3.25949e-07 	-2.2279e-29
0.0871131 	2.55515e-08 	-3.66411e-07 	-5.61684e-29
0.0875598 	1.99893e-08 	-4.06932e-07 	-9.0363e-29
0.0880065 	1.37799e-08 	-3.43879e-07 	-8.67439e-29
0.0884533 	6.88994e-09 	-1.71939e-07 	-4.33719e-29
0.0889 	1.75898e-22 	-1.22087e-20 	-2.85006e-42
