0 	0 	0 	0
0.000446734 	-7.20236e-06 	-3.11628e-05 	1.12087e-27
0.000893467 	-1.44047e-05 	-6.23256e-05 	2.24175e-27
0.0013402 	-1.94395e-05 	-8.17726e-05 	5.26477e-27
0.00178693 	-2.24123e-05 	-9.00755e-05 	1.00972e-26
0.00223367 	-2.4901e-05 	-9.73694e-05 	1.47983e-26
0.0026804 	-8.50868e-06 	-6.53181e-05 	1.43799e-26
0.00312714 	7.88366e-06 	-3.32668e-05 	1.39615e-26
0.00357387 	4.29044e-05 	2.64995e-05 	9.10164e-27
0.0040206 	9.39543e-05 	0.000110113 	4.20032e-28
0.00446734 	0.000147467 	0.000196549 	-7.99587e-27
0.00491407 	0.000247763 	0.000336592 	-1.13635e-26
0.0053608 	0.00034806 	0.000476635 	-1.47311e-26
0.00580754 	0.000482204 	0.000646742 	-7.72468e-27
0.00625427 	0.000642672 	0.000840232 	7.35039e-27
0.00670101 	0.000807966 	0.00103683 	2.30733e-26
0.00714774 	0.00103278 	0.00127172 	4.67868e-26
0.00759447 	0.00125759 	0.00150662 	7.05003e-26
0.00804121 	0.00151749 	0.00175411 	7.3687e-26
0.00848794 	0.00180203 	0.00201045 	6.24611e-26
0.00893467 	0.00209129 	0.00226657 	5.2983e-26
0.00938141 	0.00242305 	0.00252062 	5.92343e-26
0.00982814 	0.0027548 	0.00277467 	6.54856e-26
0.0102749 	0.00310509 	0.00301374 	1.23845e-25
0.0107216 	0.00346711 	0.00324335 	2.1517e-25
0.0111683 	0.00383074 	0.00346784 	2.90122e-25
0.0116151 	0.00420573 	0.00365657 	2.50457e-25
0.0120618 	0.00458072 	0.00384529 	2.10792e-25
0.0125085 	0.00495467 	0.00400217 	7.40407e-26
0.0129553 	0.00532802 	0.00414094 	-1.17917e-25
0.013402 	0.00569955 	0.00427187 	-2.97259e-25
0.0138487 	0.00606068 	0.00435841 	-4.05112e-25
0.0142955 	0.00642182 	0.00444495 	-5.12964e-25
0.0147422 	0.00677047 	0.00449867 	-4.78847e-25
0.0151889 	0.00711275 	0.00453568 	-3.72406e-25
0.0156357 	0.00745113 	0.00456502 	-2.3571e-25
0.0160824 	0.00777106 	0.00455818 	4.36128e-26
0.0165291 	0.00809098 	0.00455134 	3.22936e-25
0.0169759 	0.00839458 	0.00451915 	4.06231e-25
0.0174226 	0.00869075 	0.00447544 	4.00422e-25
0.0178693 	0.00898214 	0.00442579 	3.63953e-25
0.0183161 	0.00925442 	0.00435237 	2.04848e-25
0.0187628 	0.00952669 	0.00427895 	4.57428e-26
0.0192095 	0.00978234 	0.00418913 	0
0.0196563 	0.0100313 	0.0040927 	0
0.020103 	0.0102752 	0.00399242 	-4.16443e-26
0.0205497 	0.0105017 	0.00387892 	-2.2673e-25
0.0209965 	0.0107281 	0.00376542 	-4.11816e-25
0.0214432 	0.0109389 	0.00364307 	-6.6301e-25
0.0218899 	0.011144 	0.00351759 	-9.37734e-25
0.0223367 	0.0113441 	0.00339016 	-1.12951e-24
0.0227834 	0.0115291 	0.00325691 	-1.07246e-24
0.0232302 	0.0117141 	0.00312366 	-1.01541e-24
0.0236769 	0.0118846 	0.0029871 	-6.79904e-25
0.0241236 	0.0120507 	0.00284951 	-2.57669e-25
0.0245704 	0.0122119 	0.00271146 	1.33997e-25
0.0250171 	0.0123603 	0.00257219 	4.45074e-25
0.0254638 	0.0125087 	0.00243293 	7.5615e-25
0.0259106 	0.0126441 	0.00229394 	7.77779e-25
0.0263573 	0.0127761 	0.00215503 	7.21303e-25
0.026804 	0.0129035 	0.00201666 	6.53367e-25
0.0272508 	0.0130202 	0.00187954 	5.58691e-25
0.0276975 	0.013137 	0.00174243 	4.64016e-25
0.0281442 	0.0132423 	0.00160756 	4.76697e-25
0.028591 	0.0133449 	0.00147321 	5.14154e-25
0.0290377 	0.0134434 	0.00133994 	4.993e-25
0.0294844 	0.013533 	0.00120892 	3.75799e-25
0.0299312 	0.0136226 	0.00107789 	2.52299e-25
0.0303779 	0.013702 	0.000949856 	-3.91379e-26
0.0308246 	0.0137795 	0.000822398 	-3.63159e-25
0.0312714 	0.013853 	0.000696182 	-5.61476e-25
0.0317181 	0.0139191 	0.000572271 	-5.26344e-25
0.0321648 	0.0139852 	0.00044836 	-4.91212e-25
0.0326116 	0.014042 	0.000327318 	-1.57109e-25
0.0330583 	0.0140974 	0.000206733 	2.24655e-25
0.033505 	0.0141489 	8.72571e-05 	4.90207e-25
0.0339518 	0.0141941 	-3.03707e-05 	5.6207e-25
0.0343985 	0.0142393 	-0.000147999 	6.33933e-25
0.0348452 	0.0142757 	-0.000263398 	4.14417e-25
0.035292 	0.014311 	-0.000378515 	1.57965e-25
0.0357387 	0.0143425 	-0.000492815 	1.52262e-26
0.0361854 	0.0143682 	-0.00060589 	4.30559e-26
0.0366322 	0.0143939 	-0.000718965 	7.08857e-26
0.0370789 	0.014411 	-0.000830602 	3.19782e-25
0.0375256 	0.0144273 	-0.000942101 	5.89876e-25
0.0379724 	0.0144396 	-0.00105311 	6.8787e-25
0.0384191 	0.0144464 	-0.00116347 	5.53022e-25
0.0388658 	0.0144532 	-0.00127383 	4.18173e-25
0.0393126 	0.014451 	-0.00138345 	8.46789e-28
0.0397593 	0.0144482 	-0.00149302 	-4.35311e-25
0.040206 	0.014441 	-0.00160235 	-7.04765e-25
0.0406528 	0.0144283 	-0.00171138 	-7.7047e-25
0.0410995 	0.0144156 	-0.00182041 	-8.36175e-25
0.0415462 	0.0143928 	-0.00192897 	-6.42968e-25
0.041993 	0.0143697 	-0.00203752 	-4.39673e-25
0.0424397 	0.0143412 	-0.00214575 	-3.00766e-25
0.0428864 	0.0143067 	-0.00225362 	-2.33026e-25
0.0433332 	0.0142722 	-0.0023615 	-1.65286e-25
0.0437799 	0.0142252 	-0.0024682 	-1.31866e-25
0.0442266 	0.0141781 	-0.00257489 	-9.88806e-26
0.0446734 	0.0141236 	-0.00268049 	-6.58274e-26
0.0451201 	0.0140619 	-0.00278499 	-3.27067e-26
0.0455668 	0.014 	-0.00288945 	1.26347e-27
0.0460136 	0.0139209 	-0.0029902 	1.02341e-25
0.0464603 	0.0138419 	-0.00309095 	2.03419e-25
0.046907 	0.013752 	-0.00318851 	3.91038e-25
0.0473538 	0.0136521 	-0.00328319 	6.56955e-25
0.0478005 	0.0135513 	-0.00337753 	9.11568e-25
0.0482472 	0.0134262 	-0.00346303 	8.76049e-25
0.048694 	0.013301 	-0.00354853 	8.40529e-25
0.0491407 	0.0131591 	-0.00362681 	6.67843e-25
0.0495874 	0.0130036 	-0.00369919 	3.82929e-25
0.0500342 	0.0128457 	-0.00377045 	1.16131e-25
0.0504809 	0.0126543 	-0.00382508 	1.21056e-25
0.0509276 	0.0124628 	-0.00387971 	1.25982e-25
0.0513744 	0.0122479 	-0.00392127 	1.38998e-25
0.0518211 	0.0120156 	-0.00395317 	1.57994e-25
0.0522678 	0.0117793 	-0.00398267 	1.6916e-25
0.0527146 	0.0115025 	-0.00398704 	9.86769e-26
0.0531613 	0.0112257 	-0.00399142 	2.81934e-26
0.053608 	0.0109215 	-0.00397694 	0
0.0540548 	0.0105991 	-0.00394988 	0
0.0545015 	0.0102718 	-0.00391904 	0
0.0549482 	0.00990602 	-0.00385832 	0
0.055395 	0.00954026 	-0.0037976 	0
0.0558417 	0.0091515 	-0.00371596 	1.14975e-26
0.0562884 	0.00874895 	-0.00362176 	2.98934e-26
0.0567352 	0.00834283 	-0.00352339 	4.73419e-26
0.0571819 	0.00791431 	-0.00339876 	5.8847e-26
0.0576286 	0.00748579 	-0.00327414 	7.03522e-26
0.0580754 	0.0070498 	-0.0031336 	6.78949e-26
0.0585221 	0.00660979 	-0.00298449 	5.79193e-26
0.0589688 	0.00617061 	-0.00283273 	4.68433e-26
0.0594156 	0.00573575 	-0.00266736 	3.00957e-26
0.0598623 	0.00530089 	-0.00250199 	1.33481e-26
0.060309 	0.00488081 	-0.00233201 	1.05229e-27
0.0607558 	0.00446783 	-0.00215982 	-9.10014e-27
0.0612025 	0.00406168 	-0.00198807 	-1.69146e-26
0.0616492 	0.00368512 	-0.00181822 	-1.45981e-26
0.062096 	0.00330856 	-0.00164837 	-1.22816e-26
0.0625427 	0.0029648 	-0.00148531 	-1.43873e-26
0.0629894 	0.00263509 	-0.00132516 	-1.83882e-26
0.0634362 	0.00231646 	-0.00116801 	-2.22105e-26
0.0638829 	0.00203887 	-0.00102196 	-2.53711e-26
0.0643296 	0.00176128 	-0.000875912 	-2.85317e-26
0.0647764 	0.00152161 	-0.000740742 	-3.49422e-26
0.0652231 	0.00129633 	-0.000609698 	-4.25854e-26
0.0656698 	0.00108259 	-0.000481737 	-4.91559e-26
0.0661166 	0.000905916 	-0.000363671 	-5.22823e-26
0.0665633 	0.000729239 	-0.000245605 	-5.54088e-26
0.0670101 	0.000584746 	-0.000134979 	-4.26304e-26
0.0674568 	0.000450979 	-2.68313e-05 	-2.45504e-26
0.0679035 	0.000327021 	7.88808e-05 	-8.08116e-27
0.0683503 	0.000230619 	0.000177751 	3.86282e-27
0.068797 	0.000134217 	0.000276621 	1.58068e-26
0.0692437 	6.37838e-05 	0.000363715 	1.86019e-26
0.0696905 	8.89806e-07 	0.000447391 	1.87409e-26
0.0701372 	-5.30393e-05 	0.000522471 	2.09048e-26
0.0705839 	-8.47511e-05 	0.000576248 	2.80869e-26
0.0710307 	-0.000116463 	0.000630026 	3.5269e-26
0.0714774 	-0.000125659 	0.000643755 	3.37733e-26
0.0719241 	-0.000129225 	0.000647472 	3.0108e-26
0.0723709 	-0.000126136 	0.000630649 	2.35313e-26
0.0728176 	-0.000108405 	0.000568635 	1.05493e-26
0.0732643 	-9.06733e-05 	0.000506622 	-2.43264e-27
0.0737111 	-6.50819e-05 	0.000391065 	-6.07207e-27
0.0741578 	-3.78233e-05 	0.000264151 	-7.72974e-27
0.0746045 	-1.20197e-05 	0.000123167 	-4.45411e-27
0.0750513 	1.09278e-05 	-4.54356e-05 	8.50541e-27
0.075498 	3.38754e-05 	-0.000214038 	2.14649e-26
0.0759447 	4.45527e-05 	-0.000381729 	3.03302e-26
0.0763915 	5.30646e-05 	-0.00054926 	3.84729e-26
0.0768382 	5.60456e-05 	-0.000694531 	3.41429e-26
0.0772849 	4.92995e-05 	-0.000800656 	7.87813e-27
0.0777317 	4.25534e-05 	-0.00090678 	-1.83866e-26
0.0781784 	3.12308e-05 	-0.00088478 	-5.54642e-26
0.0786251 	1.92545e-05 	-0.000844475 	-9.40864e-26
0.0790719 	9.95183e-06 	-0.000742732 	-1.12522e-25
0.0795186 	4.87516e-06 	-0.000543877 	-9.90481e-26
0.0799653 	-2.01502e-07 	-0.000345022 	-8.55746e-26
0.0804121 	-4.17704e-07 	-0.000208045 	-5.64568e-26
0.0808588 	-9.38542e-08 	-7.79438e-05 	-2.56007e-26
0.0813055 	9.61456e-08 	-1.28452e-06 	-6.22119e-27
0.0817523 	9.55104e-08 	-7.39888e-07 	-3.18698e-27
0.082199 	9.48753e-08 	-1.95253e-07 	-1.52773e-28
0.0826457 	1.03353e-07 	-1.68661e-07 	3.96396e-28
0.0830925 	1.1257e-07 	-1.84073e-07 	7.44076e-28
0.0835392 	1.1538e-07 	-2.00178e-07 	9.57902e-28
0.0839859 	1.09952e-07 	-2.17172e-07 	9.99628e-28
0.0844327 	1.04525e-07 	-2.34166e-07 	1.04135e-27
0.0848794 	9.65936e-08 	-2.53027e-07 	5.76486e-28
0.0853261 	8.85302e-08 	-2.71986e-07 	8.49534e-29
0.0857729 	7.95264e-08 	-2.92018e-07 	-1.25243e-28
0.0862196 	6.94296e-08 	-3.13296e-07 	-8.48205e-30
0.0866663 	5.93329e-08 	-3.34574e-07 	1.08279e-28
0.0871131 	4.78587e-08 	-3.58404e-07 	9.94872e-28
0.0875598 	3.63493e-08 	-3.823e-07 	1.9012e-27
0.0880065 	2.4483e-08 	-3.17223e-07 	1.90207e-27
0.0884533 	1.22415e-08 	-1.58612e-07 	9.51035e-28
0.0889 	3.41073e-22 	-1.10252e-20 	8.48513e-41
