5.55112e-20 	-2.02419e-21 	4.6794e-19 	0
0.000446734 	-4.24144e-05 	0.00343985 	9.03793e-28
0.000893467 	-0.000284915 	0.00498677 	4.68662e-27
0.0013402 	-0.000647451 	0.00583643 	2.70878e-27
0.00178693 	-0.000965041 	0.00608106 	1.80097e-27
0.00223367 	-0.00133264 	0.00598086 	1.71795e-27
0.0026804 	-0.00164413 	0.00574416 	0
0.00312714 	-0.00193107 	0.00530551 	0
0.00357387 	-0.00219877 	0.00482753 	0
0.0040206 	-0.00238718 	0.00420768 	0
0.00446734 	-0.00259509 	0.00358297 	0
0.00491407 	-0.00269 	0.00284585 	0
0.0053608 	-0.00281616 	0.0021214 	0
0.00580754 	-0.00281377 	0.00131471 	0
0.00625427 	-0.00280942 	0.000530301 	0
0.00670101 	-0.00273664 	-0.000276985 	6.28349e-29
0.00714774 	-0.0025852 	-0.00103283 	2.94616e-28
0.00759447 	-0.00244347 	-0.00177278 	0
0.00804121 	-0.00217782 	-0.00240362 	4.57863e-28
0.00848794 	-0.00197356 	-0.00299275 	0
0.00893467 	-0.0016615 	-0.00341261 	5.81856e-29
0.00938141 	-0.00140116 	-0.0037789 	-1.11371e-28
0.00982814 	-0.0011074 	-0.00393471 	-2.08898e-27
0.0102749 	-0.000823913 	-0.00401432 	-7.25102e-27
0.0107216 	-0.000587007 	-0.00394502 	-1.06696e-26
0.0111683 	-0.000342156 	-0.00376467 	-1.18873e-26
0.0116151 	-0.000165297 	-0.00354081 	-1.33329e-26
0.0120618 	-3.73961e-06 	-0.00322529 	-9.3515e-27
0.0125085 	0.000112309 	-0.00293526 	-2.42436e-27
0.0129553 	0.000177497 	-0.00261179 	-2.95656e-27
0.013402 	0.000231131 	-0.00234634 	-1.01471e-27
0.0138487 	0.000216185 	-0.00209844 	3.16198e-28
0.0142955 	0.000199553 	-0.00191906 	7.45877e-29
0.0147422 	0.000135717 	-0.00177224 	2.02943e-27
0.0151889 	6.21616e-05 	-0.00168719 	7.90218e-27
0.0156357 	-1.95329e-05 	-0.00161046 	1.1168e-26
0.0160824 	-8.31552e-05 	-0.0014991 	9.41652e-27
0.0165291 	-0.000133714 	-0.00138126 	1.03735e-26
0.0169759 	-8.51308e-05 	-0.00107718 	4.84006e-27
0.0174226 	-2.60873e-05 	-0.000766437 	7.72547e-28
0.0178693 	-1.02362e-05 	-0.000448991 	-2.47266e-29
0.0183161 	-2.7458e-06 	-0.000139143 	-6.42302e-29
0.0187628 	-1.32588e-07 	-1.21561e-07 	-7.13222e-29
0.0192095 	-1.99505e-07 	-9.58093e-08 	-6.33964e-29
0.0196563 	-2.40984e-07 	-7.74616e-08 	-5.40015e-29
0.020103 	-2.41336e-07 	-7.12271e-08 	-1.9947e-29
0.0205497 	-2.41372e-07 	-6.6355e-08 	-3.48971e-30
0.0209965 	-2.41278e-07 	-6.12328e-08 	3.84628e-30
0.0214432 	-2.40809e-07 	-5.7297e-08 	0
0.0218899 	-2.40489e-07 	-5.33348e-08 	1.18002e-30
0.0223367 	-2.3973e-07 	-5.00351e-08 	1.70195e-32
0.0227834 	-2.39242e-07 	-4.70193e-08 	0
0.0232302 	-2.38358e-07 	-4.4334e-08 	0
0.0236769 	-2.37649e-07 	-4.20724e-08 	0
0.0241236 	-2.36657e-07 	-3.99274e-08 	0
0.0245704 	-2.35711e-07 	-3.82623e-08 	0
0.0250171 	-2.34677e-07 	-3.65936e-08 	0
0.0254638 	-2.3353e-07 	-3.54017e-08 	1.46987e-30
0.0259106 	-2.32421e-07 	-3.42169e-08 	8.18745e-30
0.0263573 	-2.3113e-07 	-3.3317e-08 	1.92565e-29
0.026804 	-2.29925e-07 	-3.25287e-08 	1.729e-29
0.0272508 	-2.28542e-07 	-3.18681e-08 	7.40152e-30
0.0276975 	-2.27202e-07 	-3.13768e-08 	-2.17887e-31
0.0281442 	-2.25733e-07 	-3.09164e-08 	-8.19867e-30
0.028591 	-2.24245e-07 	-3.06375e-08 	-1.66046e-29
0.0290377 	-2.22708e-07 	-3.03486e-08 	-9.64246e-30
0.0294844 	-2.21083e-07 	-3.02173e-08 	-5.15256e-30
0.0299312 	-2.19462e-07 	-3.00878e-08 	-1.45928e-29
0.0303779 	-2.17736e-07 	-3.00387e-08 	-2.1076e-29
0.0308246 	-2.1602e-07 	-3.00313e-08 	-2.54889e-29
0.0312714 	-2.14221e-07 	-3.00393e-08 	-3.53889e-29
0.0317181 	-2.12408e-07 	-3.01057e-08 	-3.14461e-29
0.0321648 	-2.10544e-07 	-3.01572e-08 	-2.02679e-29
0.0326116 	-2.08642e-07 	-3.02582e-08 	-1.60102e-29
0.0330583 	-2.06722e-07 	-3.03424e-08 	-5.00168e-30
0.033505 	-2.04745e-07 	-3.04512e-08 	-7.77079e-31
0.0339518 	-2.02767e-07 	-3.05582e-08 	0
0.0343985 	-2.00738e-07 	-3.06598e-08 	3.62727e-31
0.0348452 	-1.98702e-07 	-3.07718e-08 	3.13304e-30
0.035292 	-1.96639e-07 	-3.08622e-08 	2.28231e-30
0.0357387 	-1.94555e-07 	-3.09619e-08 	4.97033e-30
0.0361854 	-1.92464e-07 	-3.10395e-08 	5.91628e-30
0.0366322 	-1.90346e-07 	-3.11144e-08 	5.5588e-30
0.0370789 	-1.8823e-07 	-3.11761e-08 	1.50595e-29
0.0375256 	-1.86092e-07 	-3.12199e-08 	2.10114e-29
0.0379724 	-1.83956e-07 	-3.1262e-08 	1.91287e-29
0.0384191 	-1.81809e-07 	-3.12759e-08 	2.08837e-29
0.0388658 	-1.79656e-07 	-3.12889e-08 	1.28747e-29
0.0393126 	-1.77508e-07 	-3.12792e-08 	4.1851e-30
0.0397593 	-1.75349e-07 	-3.126e-08 	0
0.040206 	-1.73203e-07 	-3.12273e-08 	0
0.0406528 	-1.71048e-07 	-3.1176e-08 	0
0.0410995 	-1.68906e-07 	-3.11207e-08 	0
0.0415462 	-1.66766e-07 	-3.10404e-08 	0
0.041993 	-1.64629e-07 	-3.09611e-08 	0
0.0424397 	-1.62509e-07 	-3.08557e-08 	0
0.0428864 	-1.60386e-07 	-3.07468e-08 	0
0.0433332 	-1.58285e-07 	-3.06248e-08 	0
0.0437799 	-1.56182e-07 	-3.04879e-08 	0
0.0442266 	-1.54099e-07 	-3.03486e-08 	0
0.0446734 	-1.52023e-07 	-3.01886e-08 	-2.03235e-30
0.0451201 	-1.49962e-07 	-3.00333e-08 	-3.29146e-30
0.0455668 	-1.47917e-07 	-2.98564e-08 	-5.81808e-30
0.0460136 	-1.45877e-07 	-2.96833e-08 	-1.71483e-29
0.0464603 	-1.43867e-07 	-2.94932e-08 	-2.16534e-29
0.046907 	-1.41856e-07 	-2.92999e-08 	-2.20334e-29
0.0473538 	-1.39876e-07 	-2.91028e-08 	-2.21656e-29
0.0478005 	-1.37898e-07 	-2.88909e-08 	-1.36024e-29
0.0482472 	-1.35945e-07 	-2.86849e-08 	-4.94541e-30
0.048694 	-1.34005e-07 	-2.84604e-08 	0
0.0491407 	-1.3208e-07 	-2.82463e-08 	0
0.0495874 	-1.30178e-07 	-2.80153e-08 	0
0.0500342 	-1.28282e-07 	-2.77911e-08 	0
0.0504809 	-1.2642e-07 	-2.75574e-08 	0
0.0509276 	-1.24558e-07 	-2.73218e-08 	0
0.0513744 	-1.2273e-07 	-2.70882e-08 	3.39721e-31
0.0518211 	-1.20907e-07 	-2.68425e-08 	5.48117e-30
0.0522678 	-1.19109e-07 	-2.66073e-08 	1.3858e-29
0.0527146 	-1.17327e-07 	-2.63564e-08 	1.81031e-29
0.0531613 	-1.15559e-07 	-2.61189e-08 	1.70392e-29
0.053608 	-1.13816e-07 	-2.58682e-08 	1.56079e-29
0.0540548 	-1.12079e-07 	-2.56269e-08 	7.11265e-30
0.0545015 	-1.10376e-07 	-2.53801e-08 	2.34566e-30
0.0549482 	-1.08673e-07 	-2.51334e-08 	3.06007e-30
0.055395 	-1.07004e-07 	-2.48916e-08 	1.88022e-30
0.0558417 	-1.05341e-07 	-2.46406e-08 	4.99088e-30
0.0562884 	-1.03702e-07 	-2.44021e-08 	3.69617e-30
0.0567352 	-1.02078e-07 	-2.41502e-08 	1.94298e-30
0.0571819 	-1.00469e-07 	-2.3913e-08 	2.35065e-30
0.0576286 	-9.88828e-08 	-2.36649e-08 	1.54174e-31
0.0580754 	-9.73026e-08 	-2.3428e-08 	0
0.0585221 	-9.57541e-08 	-2.31876e-08 	0
0.0589688 	-9.42055e-08 	-2.29487e-08 	0
0.0594156 	-9.26908e-08 	-2.27161e-08 	-6.22481e-31
0.0598623 	-9.11796e-08 	-2.24766e-08 	-5.06234e-30
0.060309 	-8.96922e-08 	-2.225e-08 	-1.22999e-29
0.0607558 	-8.82176e-08 	-2.20119e-08 	-1.48254e-29
0.0612025 	-8.67572e-08 	-2.17885e-08 	-1.44202e-29
0.0616492 	-8.53178e-08 	-2.15557e-08 	-1.26521e-29
0.062096 	-8.38842e-08 	-2.13354e-08 	-5.43431e-30
0.0625427 	-8.24786e-08 	-2.11118e-08 	-1.79009e-30
0.0629894 	-8.10726e-08 	-2.08913e-08 	-2.71162e-30
0.0634362 	-7.9699e-08 	-2.06768e-08 	-1.72858e-30
0.0638829 	-7.83271e-08 	-2.04577e-08 	-4.48231e-30
0.0643296 	-7.69777e-08 	-2.02509e-08 	-2.72739e-30
0.0647764 	-7.56389e-08 	-2.0034e-08 	-1.78076e-30
0.0652231 	-7.43138e-08 	-1.98314e-08 	-1.78281e-30
0.0656698 	-7.30065e-08 	-1.96204e-08 	0
0.0661166 	-7.17052e-08 	-1.9422e-08 	0
0.0665633 	-7.04279e-08 	-1.92204e-08 	0
0.0670101 	-6.91505e-08 	-1.90231e-08 	0
0.0674568 	-6.79021e-08 	-1.8831e-08 	8.03313e-31
0.0679035 	-6.66543e-08 	-1.8636e-08 	4.64148e-30
0.0683503 	-6.54276e-08 	-1.8452e-08 	1.08179e-29
0.068797 	-6.42092e-08 	-1.82597e-08 	1.21781e-29
0.0692437 	-6.30037e-08 	-1.80805e-08 	1.22691e-29
0.0696905 	-6.18131e-08 	-1.78942e-08 	1.00781e-29
0.0701372 	-6.06284e-08 	-1.77194e-08 	4.14654e-30
0.0705839 	-5.94639e-08 	-1.75416e-08 	1.23437e-30
0.0710307 	-5.83e-08 	-1.73691e-08 	4.24648e-30
0.0714774 	-5.71606e-08 	-1.72005e-08 	8.52262e-30
0.0719241 	-5.60214e-08 	-1.70305e-08 	3.55063e-30
0.0723709 	-5.49018e-08 	-1.68699e-08 	-5.27608e-31
0.0728176 	-5.37882e-08 	-1.67031e-08 	-6.87818e-30
0.0732643 	-5.26867e-08 	-1.65477e-08 	-1.74489e-29
0.0737111 	-5.15971e-08 	-1.63863e-08 	-1.82655e-29
0.0741578 	-5.05135e-08 	-1.62353e-08 	-1.18966e-29
0.0746045 	-4.94465e-08 	-1.60814e-08 	-9.02419e-30
0.0750513 	-4.83807e-08 	-1.59334e-08 	-3.17371e-30
0.075498 	-4.7335e-08 	-1.57881e-08 	-4.54059e-31
0.0759447 	-4.62894e-08 	-1.56426e-08 	0
0.0763915 	-4.52616e-08 	-1.55049e-08 	0
0.0768382 	-4.42378e-08 	-1.53627e-08 	0
0.0772849 	-4.32252e-08 	-1.52304e-08 	0
0.0777317 	-4.2222e-08 	-1.5093e-08 	0
0.0781784 	-4.12245e-08 	-1.49649e-08 	0
0.0786251 	-4.02404e-08 	-1.4834e-08 	0
0.0790719 	-3.92578e-08 	-1.47092e-08 	0
0.0795186 	-3.82916e-08 	-1.45862e-08 	-4.58304e-31
0.0799653 	-3.73252e-08 	-1.44638e-08 	-3.02998e-30
0.0804121 	-3.63747e-08 	-1.43479e-08 	-7.98399e-30
0.0808588 	-3.54266e-08 	-1.42289e-08 	-7.39166e-30
0.0813055 	-3.44887e-08 	-1.41183e-08 	-8.32778e-30
0.0817523 	-3.35579e-08 	-1.40034e-08 	-7.71606e-30
0.082199 	-3.26324e-08 	-1.38967e-08 	-3.18217e-30
0.0826457 	-3.17177e-08 	-1.37874e-08 	-3.5278e-30
0.0830925 	-3.08044e-08 	-1.36842e-08 	-8.8555e-30
0.0835392 	-2.99043e-08 	-1.3582e-08 	-1.08445e-29
0.0839859 	-2.90037e-08 	-1.3481e-08 	-1.07291e-29
0.0844327 	-2.81171e-08 	-1.33852e-08 	-1.03015e-29
0.0848794 	-2.72316e-08 	-1.32875e-08 	-5.80272e-30
0.0853261 	-2.6355e-08 	-1.31968e-08 	-1.82167e-30
0.0857729 	-2.54838e-08 	-1.31025e-08 	1.13025e-31
0.0862196 	-2.46173e-08 	-1.30153e-08 	1.20574e-31
0.0866663 	-2.3759e-08 	-1.29259e-08 	9.32956e-31
0.0871131 	-2.29022e-08 	-1.2842e-08 	1.99587e-30
0.0875598 	-2.20557e-08 	-1.27586e-08 	2.04439e-30
0.0880065 	-2.12087e-08 	-1.26767e-08 	7.15587e-30
0.0884533 	-2.03732e-08 	-1.2599e-08 	9.02793e-30
0.0889 	-1.95382e-08 	-1.25201e-08 	8.25731e-30
