0 	0 	0 	0
0.000446734 	-7.33308e-05 	0.00332527 	-1.46736e-25
0.000893467 	-0.000148613 	0.00661483 	-2.89781e-25
0.0013402 	-0.00030085 	0.00874339 	-3.20245e-25
0.00178693 	-0.000520805 	0.00982343 	-2.47237e-25
0.00223367 	-0.000743335 	0.0108768 	-1.70897e-25
0.0026804 	-0.00100426 	0.0113204 	-1.0086e-25
0.00312714 	-0.00126518 	0.0117639 	-3.08227e-26
0.00357387 	-0.00152665 	0.0121232 	-4.06701e-26
0.0040206 	-0.00178631 	0.0124116 	-1.19627e-25
0.00446734 	-0.00204598 	0.0126944 	-2.03718e-25
0.00491407 	-0.00228569 	0.0128529 	-3.25296e-25
0.0053608 	-0.0025254 	0.0130114 	-4.46875e-25
0.00580754 	-0.0027508 	0.0130872 	-4.76841e-25
0.00625427 	-0.00296354 	0.0130978 	-4.38164e-25
0.00670101 	-0.00317483 	0.0130986 	-3.88973e-25
0.00714774 	-0.00335899 	0.0129741 	-2.67395e-25
0.00759447 	-0.00354315 	0.0128495 	-1.45817e-25
0.00804121 	-0.00371245 	0.0126627 	-7.56289e-26
0.00848794 	-0.00387038 	0.0124318 	-3.53491e-26
0.00893467 	-0.00402649 	0.0121935 	0
0.00938141 	-0.00416192 	0.0118862 	0
0.00982814 	-0.00429735 	0.011579 	0
0.0102749 	-0.00442144 	0.0112397 	0
0.0107216 	-0.00453779 	0.0108799 	0
0.0111683 	-0.00465237 	0.0105158 	0
0.0116151 	-0.00475226 	0.0101204 	0
0.0120618 	-0.00485215 	0.00972494 	0
0.0125085 	-0.00494324 	0.00931481 	0
0.0129553 	-0.00502895 	0.008896 	0
0.013402 	-0.00511306 	0.00847527 	0
0.0138487 	-0.00518693 	0.00804248 	0
0.0142955 	-0.0052608 	0.00760969 	0
0.0147422 	-0.00532862 	0.00717262 	0
0.0151889 	-0.00539315 	0.00673317 	0
0.0156357 	-0.00545659 	0.0062936 	0
0.0160824 	-0.00551425 	0.00585282 	0
0.0165291 	-0.00557192 	0.00541204 	0
0.0169759 	-0.00562651 	0.00497273 	0
0.0174226 	-0.00567959 	0.00453397 	0
0.0178693 	-0.00573222 	0.004096 	0
0.0183161 	-0.00578269 	0.00366093 	0
0.0187628 	-0.00583316 	0.00322586 	0
0.0192095 	-0.00588295 	0.00279367 	0
0.0196563 	-0.00593239 	0.0023626 	0
0.020103 	-0.00598191 	0.00193228 	0
0.0205497 	-0.00603151 	0.00150454 	0
0.0209965 	-0.00608111 	0.0010768 	0
0.0214432 	-0.00613159 	0.000650532 	0
0.0218899 	-0.00618234 	0.000224809 	0
0.0223367 	-0.00623361 	-0.000200816 	0
0.0227834 	-0.00628635 	-0.000626046 	0
0.0232302 	-0.00633909 	-0.00105127 	0
0.0236769 	-0.00639356 	-0.00147735 	0
0.0241236 	-0.00644855 	-0.00190364 	0
0.0245704 	-0.00650409 	-0.00233063 	0
0.0250171 	-0.00656105 	-0.0027593 	0
0.0254638 	-0.00661802 	-0.00318798 	0
0.0259106 	-0.00667603 	-0.00361912 	0
0.0263573 	-0.00673433 	-0.00405089 	0
0.026804 	-0.00679269 	-0.00448354 	0
0.0272508 	-0.00685131 	-0.00491822 	0
0.0276975 	-0.00690993 	-0.00535289 	0
0.0281442 	-0.00696753 	-0.00578881 	0
0.028591 	-0.00702496 	-0.00622502 	0
0.0290377 	-0.00708127 	-0.00666077 	0
0.0294844 	-0.00713552 	-0.00709564 	0
0.0299312 	-0.00718977 	-0.00753051 	0
0.0303779 	-0.00723904 	-0.00796021 	0
0.0308246 	-0.00728752 	-0.00838899 	0
0.0312714 	-0.0073326 	-0.00881303 	0
0.0317181 	-0.00737198 	-0.00922859 	0
0.0321648 	-0.00741135 	-0.00964415 	0
0.0326116 	-0.00743891 	-0.0100395 	0
0.0330583 	-0.00746491 	-0.0104317 	0
0.033505 	-0.00748355 	-0.01081 	0
0.0339518 	-0.00749092 	-0.0111654 	0
0.0343985 	-0.00749828 	-0.0115208 	0
0.0348452 	-0.00748358 	-0.0118283 	0
0.035292 	-0.00746663 	-0.0121301 	0
0.0357387 	-0.00743759 	-0.0124028 	0
0.0361854 	-0.00739195 	-0.012633 	0
0.0366322 	-0.00734631 	-0.0128631 	0
0.0370789 	-0.00727257 	-0.0130125 	0
0.0375256 	-0.00719688 	-0.0131547 	0
0.0379724 	-0.0071073 	-0.0132522 	1.42085e-26
0.0384191 	-0.00700048 	-0.0132904 	4.95011e-26
0.0388658 	-0.00689367 	-0.0133285 	8.47937e-26
0.0393126 	-0.00674475 	-0.013234 	1.06509e-25
0.0397593 	-0.00659373 	-0.013131 	1.28693e-25
0.040206 	-0.00640078 	-0.0129163 	1.24482e-25
0.0406528 	-0.00615845 	-0.0125657 	8.72623e-26
0.0410995 	-0.00591612 	-0.0122152 	5.00427e-26
0.0415462 	-0.00547746 	-0.0114344 	3.5977e-26
0.041993 	-0.00503266 	-0.0106385 	2.19798e-26
0.0424397 	-0.00442008 	-0.0095545 	1.76302e-26
0.0428864 	-0.00363269 	-0.00816235 	1.95572e-26
0.0433332 	-0.00284247 	-0.00676496 	2.1658e-26
0.0437799 	-0.00201067 	-0.00499474 	1.20965e-26
0.0442266 	-0.00119398 	-0.0032211 	3.90985e-27
0.0446734 	-0.00063812 	-0.00186132 	-2.35275e-29
0.0451201 	-0.000315384 	-0.000928828 	-7.27904e-29
0.0455668 	-3.9403e-06 	-2.90029e-05 	-1.25884e-28
0.0460136 	-2.46789e-06 	-1.72402e-05 	-1.47613e-28
0.0464603 	-9.9187e-07 	-5.47703e-06 	-1.66245e-28
0.046907 	-3.07095e-07 	-1.40435e-07 	-1.44427e-28
0.0473538 	-2.86247e-07 	-1.17479e-07 	-9.51644e-29
0.0478005 	-2.64956e-07 	-9.58279e-08 	-4.52312e-29
0.0482472 	-2.57092e-07 	-9.80105e-08 	-2.65991e-29
0.048694 	-2.49228e-07 	-1.00193e-07 	-7.96693e-30
0.0491407 	-2.3999e-07 	-1.03571e-07 	0
0.0495874 	-2.30131e-07 	-1.07891e-07 	0
0.0500342 	-2.20224e-07 	-1.12165e-07 	4.0031e-31
0.0504809 	-2.10282e-07 	-1.15564e-07 	1.03856e-29
0.0509276 	-2.0034e-07 	-1.18964e-07 	2.03708e-29
0.0513744 	-1.90923e-07 	-1.21859e-07 	2.83783e-29
0.0518211 	-1.81881e-07 	-1.24347e-07 	3.23547e-29
0.0522678 	-1.72948e-07 	-1.26803e-07 	3.41669e-29
0.0527146 	-1.64999e-07 	-1.28669e-07 	2.41817e-29
0.0531613 	-1.57049e-07 	-1.30535e-07 	1.41964e-29
0.053608 	-1.49723e-07 	-1.32181e-07 	7.41642e-30
0.0540548 	-1.42796e-07 	-1.33646e-07 	3.43998e-30
0.0545015 	-1.35976e-07 	-1.35102e-07 	0
0.0549482 	-1.29944e-07 	-1.36318e-07 	0
0.055395 	-1.23913e-07 	-1.37535e-07 	0
0.0558417 	-1.18367e-07 	-1.38679e-07 	0
0.0562884 	-1.13106e-07 	-1.39754e-07 	0
0.0567352 	-1.07939e-07 	-1.40833e-07 	0
0.0571819 	-1.03339e-07 	-1.41844e-07 	0
0.0576286 	-9.87387e-08 	-1.42855e-07 	0
0.0580754 	-9.45075e-08 	-1.43873e-07 	0
0.0585221 	-9.04731e-08 	-1.44876e-07 	0
0.0589688 	-8.65177e-08 	-1.45896e-07 	0
0.0594156 	-8.29686e-08 	-1.46934e-07 	0
0.0598623 	-7.94195e-08 	-1.47973e-07 	0
0.060309 	-7.61512e-08 	-1.49065e-07 	0
0.0607558 	-7.30192e-08 	-1.50171e-07 	0
0.0612025 	-6.99531e-08 	-1.51301e-07 	0
0.0616492 	-6.71805e-08 	-1.52498e-07 	0
0.062096 	-6.44078e-08 	-1.53695e-07 	0
0.0625427 	-6.18505e-08 	-1.54976e-07 	0
0.0629894 	-5.93883e-08 	-1.56284e-07 	0
0.0634362 	-5.69809e-08 	-1.57623e-07 	0
0.0638829 	-5.47874e-08 	-1.59056e-07 	0
0.0643296 	-5.2594e-08 	-1.60489e-07 	0
0.0647764 	-5.0567e-08 	-1.62026e-07 	0
0.0652231 	-4.86068e-08 	-1.63596e-07 	0
0.0656698 	-4.66917e-08 	-1.65206e-07 	0
0.0661166 	-4.49343e-08 	-1.66924e-07 	0
0.0665633 	-4.31769e-08 	-1.68641e-07 	0
0.0670101 	-4.15486e-08 	-1.7048e-07 	0
0.0674568 	-3.99677e-08 	-1.72353e-07 	0
0.0679035 	-3.84237e-08 	-1.74273e-07 	0
0.0683503 	-3.69966e-08 	-1.7631e-07 	0
0.068797 	-3.55695e-08 	-1.78347e-07 	0
0.0692437 	-3.42427e-08 	-1.80518e-07 	0
0.0696905 	-3.29496e-08 	-1.82725e-07 	0
0.0701372 	-3.16864e-08 	-1.84984e-07 	0
0.0705839 	-3.05102e-08 	-1.87367e-07 	0
0.0710307 	-2.93341e-08 	-1.89749e-07 	0
0.0714774 	-2.82353e-08 	-1.92278e-07 	0
0.0719241 	-2.71608e-08 	-1.94841e-07 	0
0.0723709 	-2.61098e-08 	-1.97465e-07 	0
0.0728176 	-2.51236e-08 	-2.00214e-07 	0
0.0732643 	-2.41374e-08 	-2.02964e-07 	0
0.0737111 	-2.32101e-08 	-2.05872e-07 	0
0.0741578 	-2.23003e-08 	-2.08812e-07 	0
0.0746045 	-2.14085e-08 	-2.1182e-07 	2.41098e-29
0.0750513 	-2.05645e-08 	-2.14955e-07 	1.00627e-28
0.075498 	-1.97205e-08 	-2.18091e-07 	1.77144e-28
0.0759447 	-1.89198e-08 	-2.21397e-07 	2.65849e-28
0.0763915 	-1.8132e-08 	-2.24732e-07 	3.4466e-28
0.0768382 	-1.73568e-08 	-2.28142e-07 	3.67525e-28
0.0772849 	-1.66164e-08 	-2.31681e-07 	2.91007e-28
0.0777317 	-1.5876e-08 	-2.3522e-07 	2.1449e-28
0.0781784 	-1.51656e-08 	-2.38942e-07 	1.25317e-28
0.0786251 	-1.44647e-08 	-2.42688e-07 	4.65058e-29
0.0790719 	-1.37715e-08 	-2.46517e-07 	0
0.0795186 	-1.31027e-08 	-2.50475e-07 	0
0.0799653 	-1.24338e-08 	-2.54433e-07 	0
0.0804121 	-1.17829e-08 	-2.58584e-07 	0
0.0808588 	-1.11392e-08 	-2.62756e-07 	0
0.0813055 	-1.04985e-08 	-2.67019e-07 	6.78319e-29
0.0817523 	-9.87349e-09 	-2.71409e-07 	2.4172e-28
0.082199 	-9.24852e-09 	-2.75799e-07 	4.15608e-28
0.0826457 	-8.63023e-09 	-2.80393e-07 	5.99322e-28
0.0830925 	-8.01776e-09 	-2.85004e-07 	7.75393e-28
0.0835392 	-7.40321e-09 	-2.89712e-07 	7.24688e-28
0.0839859 	-6.79728e-09 	-2.94545e-07 	3.72979e-28
0.0844327 	-6.19134e-09 	-2.99378e-07 	2.12696e-29
0.0848794 	-5.58114e-09 	-3.04425e-07 	-3.49764e-28
0.0853261 	-4.97595e-09 	-3.09483e-07 	-7.04972e-28
0.0857729 	-4.36346e-09 	-3.14646e-07 	-8.09796e-28
0.0862196 	-3.75332e-09 	-3.19931e-07 	-6.31974e-28
0.0866663 	-3.14318e-09 	-3.25215e-07 	-4.54153e-28
0.0871131 	-2.51765e-09 	-3.30715e-07 	-2.66932e-28
0.0875598 	-1.89688e-09 	-3.36221e-07 	-8.77938e-29
0.0880065 	-1.2657e-09 	-2.75776e-07 	0
0.0884533 	-6.34173e-10 	-1.39471e-07 	0
0.0889 	0 	0 	0
