0 	0 	0 	0
0.000446734 	0.000145963 	0.00305076 	-9.44471e-26
0.000893467 	0.00029154 	0.00608077 	-1.85745e-25
0.0013402 	0.000396661 	0.00838255 	-2.01778e-25
0.00178693 	0.000463853 	0.0100015 	-1.50123e-25
0.00223367 	0.00052719 	0.0115882 	-9.67327e-26
0.0026804 	0.000518351 	0.012341 	-5.70896e-26
0.00312714 	0.000509511 	0.0130938 	-1.74465e-26
0.00357387 	0.000488985 	0.0136623 	-1.37e-26
0.0040206 	0.000460444 	0.0140789 	-4.02973e-26
0.00446734 	0.000431205 	0.0144862 	-6.87456e-26
0.00491407 	0.000401873 	0.0147242 	-1.00798e-25
0.0053608 	0.00037254 	0.0149621 	-1.32851e-25
0.00580754 	0.000343595 	0.0151108 	-1.35455e-25
0.00625427 	0.000315822 	0.0151902 	-1.16228e-25
0.00670101 	0.000287743 	0.0152588 	-9.46125e-26
0.00714774 	0.000261093 	0.0151971 	-6.25597e-26
0.00759447 	0.000234444 	0.0151355 	-3.05068e-26
0.00804121 	0.000208374 	0.0150069 	-1.38384e-26
0.00848794 	0.000183204 	0.0148319 	-6.46811e-27
0.00893467 	0.00015805 	0.0146482 	0
0.00938141 	0.00013497 	0.0143882 	0
0.00982814 	0.000111891 	0.0141282 	0
0.0102749 	9.02655e-05 	0.013831 	0
0.0107216 	6.97392e-05 	0.0135105 	0
0.0111683 	4.95246e-05 	0.0131847 	0
0.0116151 	3.17933e-05 	0.0128235 	0
0.0120618 	1.4062e-05 	0.0124623 	0
0.0125085 	-1.83486e-06 	0.0120853 	0
0.0129553 	-1.6723e-05 	0.0116996 	0
0.013402 	-3.11257e-05 	0.0113122 	0
0.0138487 	-4.32498e-05 	0.0109152 	0
0.0142955 	-5.53739e-05 	0.0105182 	0
0.0147422 	-6.56645e-05 	0.0101208 	0
0.0151889 	-7.51873e-05 	0.0097233 	0
0.0156357 	-8.41524e-05 	0.00932713 	0
0.0160824 	-9.12914e-05 	0.00893753 	0
0.0165291 	-9.84304e-05 	0.00854793 	0
0.0169759 	-0.00010394 	0.00816828 	0
0.0174226 	-0.000108945 	0.00779317 	0
0.0178693 	-0.000113397 	0.00742192 	0
0.0183161 	-0.000116532 	0.00706613 	0
0.0187628 	-0.000119666 	0.00671033 	0
0.0192095 	-0.000121468 	0.00637066 	0
0.0196563 	-0.000122996 	0.00603748 	0
0.020103 	-0.00012403 	0.00570986 	0
0.0205497 	-0.000124208 	0.0054013 	0
0.0209965 	-0.000124386 	0.00509274 	0
0.0214432 	-0.00012356 	0.00480302 	0
0.0218899 	-0.000122633 	0.00451997 	0
0.0223367 	-0.000121303 	0.00424331 	0
0.0227834 	-0.000119494 	0.00398573 	0
0.0232302 	-0.000117686 	0.00372815 	0
0.0236769 	-0.000115188 	0.00348939 	0
0.0241236 	-0.000112702 	0.00325646 	0
0.0245704 	-0.000109919 	0.00302994 	0
0.0250171 	-0.000106934 	0.00282021 	0
0.0254638 	-0.00010395 	0.00261048 	0
0.0259106 	-0.000100549 	0.0024175 	0
0.0263573 	-9.72214e-05 	0.00222901 	0
0.026804 	-9.37016e-05 	0.00204621 	0
0.0272508 	-9.0161e-05 	0.00187658 	0
0.0276975 	-8.66203e-05 	0.00170695 	0
0.0281442 	-8.28865e-05 	0.0015505 	0
0.028591 	-7.92422e-05 	0.00139704 	0
0.0290377 	-7.55051e-05 	0.00124791 	0
0.0294844 	-7.18476e-05 	0.00110767 	0
0.0299312 	-6.81901e-05 	0.000967437 	0
0.0303779 	-6.4519e-05 	0.000835698 	0
0.0308246 	-6.09252e-05 	0.000705566 	0
0.0312714 	-5.73304e-05 	0.000577869 	0
0.0317181 	-5.38608e-05 	0.000454597 	0
0.0321648 	-5.03912e-05 	0.000331324 	0
0.0326116 	-4.70472e-05 	0.000211139 	0
0.0330583 	-4.3748e-05 	9.14077e-05 	0
0.033505 	-4.05317e-05 	-2.82198e-05 	0
0.0339518 	-3.74491e-05 	-0.000147761 	0
0.0343985 	-3.43664e-05 	-0.000267303 	0
0.0348452 	-3.15463e-05 	-0.000389613 	0
0.035292 	-2.87315e-05 	-0.000512309 	0
0.0357387 	-2.60947e-05 	-0.000637556 	0
0.0361854 	-2.36058e-05 	-0.000766702 	0
0.0366322 	-2.11168e-05 	-0.000895849 	0
0.0370789 	-1.90661e-05 	-0.00103378 	0
0.0375256 	-1.69809e-05 	-0.00117259 	0
0.0379724 	-1.52021e-05 	-0.00131679 	-1.2647e-28
0.0384191 	-1.36227e-05 	-0.00146833 	-4.40611e-28
0.0388658 	-1.20432e-05 	-0.00161988 	-7.54751e-28
0.0393126 	-1.11638e-05 	-0.00178605 	-1.1448e-27
0.0397593 	-1.02115e-05 	-0.00195322 	-1.55728e-27
0.040206 	-9.73742e-06 	-0.0021286 	-2.19246e-27
0.0406528 	-9.55627e-06 	-0.00231402 	-3.169e-27
0.0410995 	-9.37511e-06 	-0.00249945 	-4.14554e-27
0.0415462 	-1.0248e-05 	-0.00270467 	-5.23132e-27
0.041993 	-1.10074e-05 	-0.00291067 	-6.12448e-27
0.0424397 	-1.24708e-05 	-0.00312735 	-5.9919e-27
0.0428864 	-1.43666e-05 	-0.00335581 	-4.70122e-27
0.0433332 	-1.63111e-05 	-0.00358444 	-3.43845e-27
0.0437799 	-1.96764e-05 	-0.00383632 	-1.92919e-27
0.0442266 	-2.29301e-05 	-0.00408864 	-6.23559e-28
0.0446734 	-2.7173e-05 	-0.00435332 	5.16181e-28
0.0451201 	-3.20302e-05 	-0.00463028 	1.59698e-27
0.0455668 	-3.70722e-05 	-0.00490775 	2.80356e-27
0.0460136 	-4.38322e-05 	-0.00520921 	3.70399e-27
0.0464603 	-5.05594e-05 	-0.00551083 	4.58287e-27
0.046907 	-5.86148e-05 	-0.005825 	4.40124e-27
0.0473538 	-6.74958e-05 	-0.00615041 	3.32044e-27
0.0478005 	-7.66644e-05 	-0.00647672 	2.13356e-27
0.0482472 	-8.79929e-05 	-0.006824 	1.25468e-27
0.048694 	-9.93214e-05 	-0.00717128 	3.758e-28
0.0491407 	-0.000112347 	-0.00752895 	0
0.0495874 	-0.000126418 	-0.00789493 	0
0.0500342 	-0.000140854 	-0.00826193 	7.50968e-29
0.0504809 	-0.00015795 	-0.00864203 	1.9483e-27
0.0509276 	-0.000175046 	-0.00902213 	3.8215e-27
0.0513744 	-0.000194184 	-0.00940691 	6.81749e-27
0.0518211 	-0.000214559 	-0.00979489 	1.02668e-26
0.0522678 	-0.000235369 	-0.010183 	1.34975e-26
0.0527146 	-0.000259225 	-0.0105708 	1.16243e-26
0.0531613 	-0.00028308 	-0.0109585 	9.75113e-27
0.053608 	-0.000309196 	-0.0113402 	6.43319e-27
0.0540548 	-0.00033666 	-0.0117175 	2.98392e-27
0.0545015 	-0.000364582 	-0.0120924 	0
0.0549482 	-0.000395662 	-0.0124467 	0
0.055395 	-0.000426743 	-0.0128009 	0
0.0558417 	-0.000459969 	-0.0131316 	0
0.0562884 	-0.000494491 	-0.0134476 	0
0.0567352 	-0.000529351 	-0.0137562 	0
0.0571819 	-0.000566858 	-0.0140159 	0
0.0576286 	-0.000604365 	-0.0142756 	0
0.0580754 	-0.000643081 	-0.0144848 	0
0.0585221 	-0.000682685 	-0.0146663 	0
0.0589688 	-0.000722124 	-0.0148311 	0
0.0594156 	-0.000762271 	-0.0149085 	0
0.0598623 	-0.000802419 	-0.0149859 	0
0.060309 	-0.000841419 	-0.0149756 	0
0.0607558 	-0.000880459 	-0.0149228 	0
0.0612025 	-0.000918785 	-0.0148429 	0
0.0616492 	-0.000957292 	-0.0146455 	0
0.062096 	-0.000995798 	-0.014448 	0
0.0625427 	-0.00103161 	-0.0141527 	0
0.0629894 	-0.00106721 	-0.0138155 	0
0.0634362 	-0.00109895 	-0.0134352 	0
0.0638829 	-0.00111981 	-0.0128881 	0
0.0643296 	-0.00114067 	-0.0123411 	0
0.0647764 	-0.00109178 	-0.0113629 	0
0.0652231 	-0.00101691 	-0.0102149 	0
0.0656698 	-0.00089972 	-0.00881081 	0
0.0661166 	-0.000662381 	-0.00658765 	0
0.0665633 	-0.000425043 	-0.00436449 	0
0.0670101 	-0.000249271 	-0.00266137 	0
0.0674568 	-9.65772e-05 	-0.00118725 	0
0.0679035 	1.09658e-05 	-0.000118653 	0
0.0683503 	5.84471e-06 	-6.49112e-05 	0
0.068797 	7.23619e-07 	-1.11694e-05 	0
0.0692437 	-3.20864e-07 	-2.84528e-07 	0
0.0696905 	-3.26444e-07 	-2.86025e-07 	0
0.0701372 	-3.17406e-07 	-2.88609e-07 	0
0.0705839 	-2.77162e-07 	-2.91443e-07 	0
0.0710307 	-2.36919e-07 	-2.94277e-07 	0
0.0714774 	-2.10103e-07 	-2.97425e-07 	0
0.0719241 	-1.86477e-07 	-3.00253e-07 	0
0.0723709 	-1.65569e-07 	-3.0339e-07 	0
0.0728176 	-1.50481e-07 	-3.06664e-07 	0
0.0732643 	-1.35393e-07 	-3.09938e-07 	0
0.0737111 	-1.24205e-07 	-3.13809e-07 	0
0.0741578 	-1.13827e-07 	-3.17691e-07 	0
0.0746045 	-1.04389e-07 	-3.21851e-07 	-4.02924e-29
0.0750513 	-9.67958e-08 	-3.26386e-07 	-1.68168e-28
0.075498 	-8.92029e-08 	-3.30921e-07 	-2.96044e-28
0.0759447 	-8.30925e-08 	-3.36044e-07 	-4.45936e-28
0.0763915 	-7.7252e-08 	-3.41227e-07 	-5.79638e-28
0.0768382 	-7.18236e-08 	-3.46662e-07 	-6.19432e-28
0.0772849 	-6.71469e-08 	-3.52469e-07 	-4.91556e-28
0.0777317 	-6.24702e-08 	-3.58276e-07 	-3.6368e-28
0.0781784 	-5.84893e-08 	-3.6462e-07 	-2.12598e-28
0.0786251 	-5.46201e-08 	-3.7102e-07 	-7.88963e-29
0.0790719 	-5.09643e-08 	-3.77651e-07 	0
0.0795186 	-4.76744e-08 	-3.84612e-07 	0
0.0799653 	-4.43845e-08 	-3.91574e-07 	0
0.0804121 	-4.1466e-08 	-3.99026e-07 	0
0.0808588 	-3.8601e-08 	-4.06522e-07 	0
0.0813055 	-3.58552e-08 	-4.14236e-07 	-1.33082e-28
0.0817523 	-3.33055e-08 	-4.22243e-07 	-4.7424e-28
0.082199 	-3.07557e-08 	-4.30249e-07 	-8.15398e-28
0.0826457 	-2.84116e-08 	-4.38716e-07 	-1.18682e-27
0.0830925 	-2.60955e-08 	-4.47214e-07 	-1.54479e-27
0.0835392 	-2.38435e-08 	-4.55925e-07 	-1.44209e-27
0.0839859 	-2.16977e-08 	-4.649e-07 	-7.25249e-28
0.0844327 	-1.95518e-08 	-4.73875e-07 	-8.40478e-30
0.0848794 	-1.75086e-08 	-4.83296e-07 	7.74571e-28
0.0853261 	-1.54815e-08 	-4.92738e-07 	1.52683e-27
0.0857729 	-1.34793e-08 	-5.02395e-07 	1.75065e-27
0.0862196 	-1.15275e-08 	-5.12296e-07 	1.37497e-27
0.0866663 	-9.5757e-09 	-5.22198e-07 	9.99281e-28
0.0871131 	-7.65004e-09 	-5.32534e-07 	5.87532e-28
0.0875598 	-5.73521e-09 	-5.42881e-07 	1.93239e-28
0.0880065 	-3.81511e-09 	-4.45922e-07 	0
0.0884533 	-1.91011e-09 	-2.25527e-07 	0
0.0889 	0 	0 	0
