0 	506.15 	1.33904e-05
0.000446734 	506.129 	1.33803e-05
0.000893467 	506.107 	1.33702e-05
0.0013402 	506.086 	1.33512e-05
0.00178693 	506.064 	1.33235e-05
0.00223367 	506.043 	1.32957e-05
0.0026804 	506.022 	1.32611e-05
0.00312714 	506.001 	1.32266e-05
0.00357387 	505.979 	1.31962e-05
0.0040206 	505.959 	1.31695e-05
0.00446734 	505.938 	1.31433e-05
0.00491407 	505.917 	1.31273e-05
0.0053608 	505.896 	1.31113e-05
0.00580754 	505.876 	1.3093e-05
0.00625427 	505.856 	1.30729e-05
0.00670101 	505.836 	1.30508e-05
0.00714774 	505.816 	1.30049e-05
0.00759447 	505.796 	1.2959e-05
0.00804121 	505.777 	1.2891e-05
0.00848794 	505.758 	1.28074e-05
0.00893467 	505.738 	1.27204e-05
0.00938141 	505.72 	1.2602e-05
0.00982814 	505.701 	1.24836e-05
0.0102749 	505.683 	1.23499e-05
0.0107216 	505.665 	1.22065e-05
0.0111683 	505.648 	1.20609e-05
0.0116151 	505.631 	1.19002e-05
0.0120618 	505.614 	1.17395e-05
0.0125085 	505.597 	1.15691e-05
0.0129553 	505.581 	1.13932e-05
0.013402 	505.565 	1.12145e-05
0.0138487 	505.55 	1.10196e-05
0.0142955 	505.535 	1.08247e-05
0.0147422 	505.521 	1.06113e-05
0.0151889 	505.507 	1.03884e-05
0.0156357 	505.493 	1.01584e-05
0.0160824 	505.48 	9.89421e-06
0.0165291 	505.467 	9.63007e-06
0.0169759 	505.455 	9.32625e-06
0.0174226 	505.443 	9.0044e-06
0.0178693 	505.432 	8.66747e-06
0.0183161 	505.421 	8.27024e-06
0.0187628 	505.411 	7.87302e-06
0.0192095 	505.401 	7.4107e-06
0.0196563 	505.392 	6.92211e-06
0.020103 	505.382 	6.41049e-06
0.0205497 	505.374 	5.81951e-06
0.0209965 	505.366 	5.22853e-06
0.0214432 	505.359 	4.55955e-06
0.0218899 	505.352 	3.8628e-06
0.0223367 	505.345 	3.14102e-06
0.0227834 	505.339 	2.34414e-06
0.0232302 	505.333 	1.54726e-06
0.0236769 	505.327 	6.84897e-07
0.0241236 	505.322 	-1.97856e-07
0.0245704 	505.317 	-1.09841e-06
0.0250171 	505.313 	-2.04592e-06
0.0254638 	505.308 	-2.99342e-06
0.0259106 	505.305 	-3.97194e-06
0.0263573 	505.301 	-4.95882e-06
0.026804 	505.298 	-5.94942e-06
0.0272508 	505.295 	-6.94866e-06
0.0276975 	505.292 	-7.94791e-06
0.0281442 	505.289 	-8.93559e-06
0.028591 	505.286 	-9.9206e-06
0.0290377 	505.284 	-1.08929e-05
0.0294844 	505.282 	-1.18387e-05
0.0299312 	505.28 	-1.27846e-05
0.0303779 	505.278 	-1.36786e-05
0.0308246 	505.276 	-1.45626e-05
0.0312714 	505.275 	-1.54177e-05
0.0317181 	505.273 	-1.62194e-05
0.0321648 	505.271 	-1.70211e-05
0.0326116 	505.27 	-1.77361e-05
0.0330583 	505.269 	-1.84373e-05
0.033505 	505.267 	-1.90947e-05
0.0339518 	505.266 	-1.9679e-05
0.0343985 	505.265 	-2.02633e-05
0.0348452 	505.264 	-2.0731e-05
0.035292 	505.263 	-2.11838e-05
0.0357387 	505.262 	-2.15788e-05
0.0361854 	505.261 	-2.18871e-05
0.0366322 	505.26 	-2.21954e-05
0.0370789 	505.259 	-2.23613e-05
0.0375256 	505.258 	-2.25135e-05
0.0379724 	505.256 	-2.25952e-05
0.0384191 	505.255 	-2.25814e-05
0.0388658 	505.254 	-2.25675e-05
0.0393126 	505.253 	-2.23902e-05
0.0397593 	505.252 	-2.22019e-05
0.040206 	505.251 	-2.19319e-05
0.0406528 	505.25 	-2.15622e-05
0.0410995 	505.249 	-2.11925e-05
0.0415462 	505.248 	-2.06429e-05
0.041993 	505.246 	-2.00863e-05
0.0424397 	505.245 	-1.94392e-05
0.0428864 	505.244 	-1.86923e-05
0.0433332 	505.243 	-1.79454e-05
0.0437799 	505.241 	-1.70099e-05
0.0442266 	505.24 	-1.60721e-05
0.0446734 	505.238 	-1.50399e-05
0.0451201 	505.237 	-1.39134e-05
0.0455668 	505.235 	-1.27845e-05
0.0460136 	505.234 	-1.14747e-05
0.0464603 	505.232 	-1.01648e-05
0.046907 	505.23 	-8.76348e-06
0.0473538 	505.229 	-7.27944e-06
0.0478005 	505.227 	-5.78939e-06
0.0482472 	505.225 	-4.14486e-06
0.048694 	505.223 	-2.50033e-06
0.0491407 	505.221 	-7.77937e-07
0.0495874 	505.219 	1.00817e-06
0.0500342 	505.217 	2.80158e-06
0.0504809 	505.214 	4.70452e-06
0.0509276 	505.212 	6.60747e-06
0.0513744 	505.21 	8.55981e-06
0.0518211 	505.207 	1.05487e-05
0.0522678 	505.204 	1.25418e-05
0.0527146 	505.202 	1.45794e-05
0.0531613 	505.199 	1.66171e-05
0.053608 	505.196 	1.86584e-05
0.0540548 	505.193 	2.07021e-05
0.0545015 	505.19 	2.27412e-05
0.0549482 	505.187 	2.47438e-05
0.055395 	505.184 	2.67464e-05
0.0558417 	505.18 	2.86922e-05
0.0562884 	505.177 	3.0604e-05
0.0567352 	505.173 	3.24963e-05
0.0571819 	505.17 	3.42673e-05
0.0576286 	505.166 	3.60383e-05
0.0580754 	505.162 	3.76876e-05
0.0585221 	505.158 	3.92714e-05
0.0589688 	505.154 	4.08184e-05
0.0594156 	505.15 	4.21758e-05
0.0598623 	505.146 	4.35332e-05
0.060309 	505.141 	4.47191e-05
0.0607558 	505.137 	4.58225e-05
0.0612025 	505.133 	4.68761e-05
0.0616492 	505.128 	4.77141e-05
0.062096 	505.123 	4.85521e-05
0.0625427 	505.119 	4.92098e-05
0.0629894 	505.114 	4.97902e-05
0.0634362 	505.109 	5.0322e-05
0.0638829 	505.104 	5.06733e-05
0.0643296 	505.099 	5.10246e-05
0.0647764 	505.094 	5.1243e-05
0.0652231 	505.089 	5.14108e-05
0.0656698 	505.084 	5.15484e-05
0.0661166 	505.078 	5.15884e-05
0.0665633 	505.073 	5.16285e-05
0.0670101 	505.067 	5.16139e-05
0.0674568 	505.062 	5.15811e-05
0.0679035 	505.056 	5.15408e-05
0.0683503 	505.051 	5.14795e-05
0.068797 	505.045 	5.14181e-05
0.0692437 	505.04 	5.13567e-05
0.0696905 	505.034 	5.12952e-05
0.0701372 	505.028 	5.12375e-05
0.0705839 	505.022 	5.11891e-05
0.0710307 	505.016 	5.11408e-05
0.0714774 	505.01 	5.1105e-05
0.0719241 	505.004 	5.10725e-05
0.0723709 	504.998 	5.10445e-05
0.0728176 	504.99 	5.10267e-05
0.0732643 	504.982 	5.10088e-05
0.0737111 	504.964 	5.10089e-05
0.0741578 	504.945 	5.10128e-05
0.0746045 	504.912 	5.10197e-05
0.0750513 	504.854 	5.10323e-05
0.075498 	504.796 	5.1045e-05
0.0759447 	504.712 	5.15237e-05
0.0763915 	504.624 	5.20848e-05
0.0768382 	504.536 	5.28459e-05
0.0772849 	504.448 	5.3959e-05
0.0777317 	504.36 	5.5072e-05
0.0781784 	504.271 	5.61706e-05
0.0786251 	504.183 	5.72671e-05
0.0790719 	504.095 	5.83483e-05
0.0795186 	504.007 	5.94055e-05
0.0799653 	503.919 	6.04627e-05
0.0804121 	503.831 	6.14652e-05
0.0808588 	503.742 	6.24617e-05
0.0813055 	503.654 	6.34247e-05
0.0817523 	503.566 	6.43401e-05
0.082199 	503.477 	6.52556e-05
0.0826457 	503.389 	6.60784e-05
0.0830925 	503.301 	6.68938e-05
0.0835392 	503.212 	6.76575e-05
0.0839859 	503.124 	6.8355e-05
0.0844327 	503.035 	6.90524e-05
0.0848794 	502.947 	6.96221e-05
0.0853261 	502.858 	7.01852e-05
0.0857729 	502.77 	7.06794e-05
0.0862196 	502.681 	7.10936e-05
0.0866663 	502.593 	7.15077e-05
0.0871131 	502.504 	7.17654e-05
0.0875598 	502.416 	7.20191e-05
0.0880065 	502.327 	7.21908e-05
0.0884533 	502.239 	7.22763e-05
0.0889 	502.15 	7.23618e-05
