0 	0 	0 	0
0.000446734 	0.000201039 	0.00323543 	4.26804e-26
0.000893467 	0.000402109 	0.00645155 	8.50756e-26
0.0013402 	0.000570554 	0.00896114 	9.46353e-26
0.00178693 	0.00070712 	0.0107988 	7.36798e-26
0.00223367 	0.000839188 	0.0125994 	5.23147e-26
0.0026804 	0.000876361 	0.0134087 	3.08751e-26
0.00312714 	0.000913535 	0.014218 	9.43539e-27
0.00357387 	0.000928186 	0.0147878 	1.00525e-26
0.0040206 	0.000925959 	0.0151616 	2.95686e-26
0.00446734 	0.000922552 	0.0155245 	4.97591e-26
0.00491407 	0.000910898 	0.0156998 	8.18608e-26
0.0053608 	0.000899244 	0.0158751 	1.13963e-25
0.00580754 	0.000884758 	0.0159637 	1.23606e-25
0.00625427 	0.000868921 	0.0159852 	1.16786e-25
0.00670101 	0.000852349 	0.0159963 	1.07739e-25
0.00714774 	0.000831993 	0.0158823 	7.56375e-26
0.00759447 	0.000811637 	0.0157684 	4.35357e-26
0.00804121 	0.000788817 	0.0155897 	2.38386e-26
0.00848794 	0.000764784 	0.0153661 	1.11422e-26
0.00893467 	0.000740312 	0.015134 	0
0.00938141 	0.000713976 	0.0148289 	0
0.00982814 	0.00068764 	0.0145239 	0
0.0102749 	0.000660548 	0.0141841 	0
0.0107216 	0.00063318 	0.0138229 	0
0.0111683 	0.000605758 	0.013457 	0
0.0116151 	0.000578378 	0.0130603 	0
0.0120618 	0.000550998 	0.0126635 	0
0.0125085 	0.000524076 	0.0122543 	0
0.0129553 	0.000497406 	0.0118381 	0
0.013402 	0.000470965 	0.0114209 	0
0.0138487 	0.000445475 	0.0109981 	0
0.0142955 	0.000419985 	0.0105752 	0
0.0147422 	0.000395557 	0.0101546 	0
0.0151889 	0.000371535 	0.00973507 	0
0.0156357 	0.000347918 	0.0093175 	0
0.0160824 	0.000325537 	0.0089092 	0
0.0165291 	0.000303156 	0.0085009 	0
0.0169759 	0.000282096 	0.00810431 	0
0.0174226 	0.000261438 	0.00771306 	0
0.0178693 	0.000241276 	0.00732604 	0
0.0183161 	0.000222349 	0.0069559 	0
0.0187628 	0.000203422 	0.00658575 	0
0.0192095 	0.000185843 	0.00623241 	0
0.0196563 	0.000168591 	0.00588581 	0
0.020103 	0.000151847 	0.00554479 	0
0.0205497 	0.000136162 	0.00522285 	0
0.0209965 	0.000120478 	0.00490091 	0
0.0214432 	0.000105991 	0.00459716 	0
0.0218899 	9.17263e-05 	0.00429984 	0
0.0223367 	7.79132e-05 	0.00400847 	0
0.0227834 	6.48875e-05 	0.0037348 	0
0.0232302 	5.18619e-05 	0.00346112 	0
0.0236769 	3.97533e-05 	0.00320418 	0
0.0241236 	2.77609e-05 	0.00295239 	0
0.0245704 	1.61042e-05 	0.00270601 	0
0.0250171 	4.9201e-06 	0.00247372 	0
0.0254638 	-6.26399e-06 	0.00224143 	0
0.0259106 	-1.69062e-05 	0.00202225 	0
0.0263573 	-2.75231e-05 	0.00180656 	0
0.026804 	-3.79721e-05 	0.0015949 	0
0.0272508 	-4.82801e-05 	0.0013925 	0
0.0276975 	-5.8588e-05 	0.0011901 	0
0.0281442 	-6.88093e-05 	0.000995647 	0
0.028591 	-7.90762e-05 	0.000802969 	0
0.0290377 	-8.93752e-05 	0.000612261 	0
0.0294844 	-9.98329e-05 	0.000425525 	0
0.0299312 	-0.000110291 	0.00023879 	0
0.0303779 	-0.000121113 	5.38102e-05 	0
0.0308246 	-0.000132016 	-0.000130869 	0
0.0312714 	-0.000143199 	-0.000316171 	0
0.0317181 	-0.000154853 	-0.00050271 	0
0.0321648 	-0.000166508 	-0.000689249 	0
0.0326116 	-0.00017907 	-0.000880702 	0
0.0330583 	-0.000191729 	-0.00107296 	0
0.033505 	-0.000204924 	-0.00126875 	0
0.0339518 	-0.00021884 	-0.00147044 	0
0.0343985 	-0.000232756 	-0.00167213 	0
0.0348452 	-0.000248135 	-0.0018853 	0
0.035292 	-0.000263602 	-0.00209993 	0
0.0357387 	-0.00027991 	-0.00232101 	0
0.0361854 	-0.000297213 	-0.00255175 	0
0.0366322 	-0.000314516 	-0.00278249 	0
0.0370789 	-0.000333868 	-0.00303048 	0
0.0375256 	-0.000353278 	-0.0032801 	0
0.0379724 	-0.000373835 	-0.00353872 	-1.36076e-26
0.0384191 	-0.000395608 	-0.00380946 	-4.74077e-26
0.0388658 	-0.000417381 	-0.00408019 	-8.12078e-26
0.0393126 	-0.000441748 	-0.00437226 	-1.13219e-25
0.0397593 	-0.000466119 	-0.0046657 	-1.46719e-25
0.040206 	-0.000491922 	-0.00496978 	-1.44412e-25
0.0406528 	-0.000519101 	-0.00528672 	-9.76797e-26
0.0410995 	-0.00054628 	-0.00560367 	-5.09475e-26
0.0415462 	-0.000576499 	-0.00594317 	-4.58277e-27
0.041993 	-0.000606655 	-0.00628346 	4.15204e-26
0.0424397 	-0.00063846 	-0.00663435 	5.87794e-26
0.0428864 	-0.000671715 	-0.00699673 	4.58474e-26
0.0433332 	-0.00070503 	-0.00735928 	3.25481e-26
0.0437799 	-0.000741514 	-0.00774088 	1.86215e-26
0.0442266 	-0.000777923 	-0.00812277 	6.01888e-27
0.0446734 	-0.000816062 	-0.00851249 	-5.66996e-27
0.0451201 	-0.000855598 	-0.00890977 	-1.7542e-26
0.0455668 	-0.000895305 	-0.00930737 	-3.04949e-26
0.0460136 	-0.000937864 	-0.00971415 	-4.28105e-26
0.0464603 	-0.000980406 	-0.010121 	-5.46099e-26
0.046907 	-0.00102452 	-0.0105289 	-5.39705e-26
0.0473538 	-0.00106982 	-0.0109374 	-4.20984e-26
0.0478005 	-0.00111531 	-0.0113459 	-2.86442e-26
0.0482472 	-0.00116295 	-0.0117461 	-1.68448e-26
0.048694 	-0.00121059 	-0.0121464 	-5.04532e-27
0.0491407 	-0.0012592 	-0.0125353 	0
0.0495874 	-0.00130852 	-0.0129146 	0
0.0500342 	-0.00135788 	-0.0132918 	1.05827e-27
0.0504809 	-0.00140786 	-0.0136342 	2.74556e-26
0.0509276 	-0.00145785 	-0.0139766 	5.38529e-26
0.0513744 	-0.00150735 	-0.0142867 	8.48204e-26
0.0518211 	-0.0015566 	-0.0145725 	1.13065e-25
0.0522678 	-0.00160547 	-0.0148516 	1.36818e-25
0.0527146 	-0.00165203 	-0.0150575 	1.10421e-25
0.0531613 	-0.00169858 	-0.0152635 	8.40238e-26
0.053608 	-0.0017416 	-0.0154063 	5.26789e-26
0.0540548 	-0.00178268 	-0.0155068 	2.44342e-26
0.0545015 	-0.0018225 	-0.0155928 	0
0.0549482 	-0.0018561 	-0.0155651 	0
0.055395 	-0.00188971 	-0.0155374 	0
0.0558417 	-0.00191847 	-0.0154244 	0
0.0562884 	-0.00194531 	-0.0152605 	0
0.0567352 	-0.00197019 	-0.0150772 	0
0.0571819 	-0.00198729 	-0.0147721 	0
0.0576286 	-0.00200438 	-0.014467 	0
0.0580754 	-0.00198999 	-0.0139806 	0
0.0585221 	-0.00195899 	-0.0133933 	0
0.0589688 	-0.00189174 	-0.0126891 	0
0.0594156 	-0.00163788 	-0.0113643 	0
0.0598623 	-0.00138402 	-0.0100395 	0
0.060309 	-0.00103657 	-0.00800011 	0
0.0607558 	-0.000661741 	-0.00562546 	0
0.0612025 	-0.000334168 	-0.00338601 	0
0.0616492 	-0.000182177 	-0.00191953 	0
0.062096 	-3.0186e-05 	-0.000453054 	0
0.0625427 	8.48613e-06 	-3.32767e-05 	0
0.0629894 	3.39242e-06 	-1.45393e-05 	0
0.0634362 	-5.04832e-07 	-2.14759e-07 	0
0.0638829 	-4.92961e-07 	-2.40522e-07 	0
0.0643296 	-4.81091e-07 	-2.66285e-07 	0
0.0647764 	-4.26869e-07 	-2.79324e-07 	0
0.0652231 	-3.58178e-07 	-2.85699e-07 	0
0.0656698 	-2.98264e-07 	-2.91309e-07 	0
0.0661166 	-2.63942e-07 	-2.92177e-07 	0
0.0665633 	-2.29619e-07 	-2.93045e-07 	0
0.0670101 	-2.06401e-07 	-2.93367e-07 	0
0.0674568 	-1.86637e-07 	-2.93171e-07 	0
0.0679035 	-1.68745e-07 	-2.93182e-07 	0
0.0683503 	-1.55908e-07 	-2.93281e-07 	0
0.068797 	-1.43072e-07 	-2.9338e-07 	0
0.0692437 	-1.33106e-07 	-2.94074e-07 	0
0.0696905 	-1.2396e-07 	-2.94848e-07 	0
0.0701372 	-1.15438e-07 	-2.95879e-07 	0
0.0705839 	-1.08474e-07 	-2.97391e-07 	0
0.0710307 	-1.01511e-07 	-2.98903e-07 	0
0.0714774 	-9.56654e-08 	-3.0101e-07 	0
0.0719241 	-9.01115e-08 	-3.03226e-07 	0
0.0723709 	-8.48517e-08 	-3.05667e-07 	0
0.0728176 	-8.0275e-08 	-3.08531e-07 	0
0.0732643 	-7.56982e-08 	-3.11394e-07 	0
0.0737111 	-7.16996e-08 	-3.14761e-07 	0
0.0741578 	-6.78374e-08 	-3.18216e-07 	0
0.0746045 	-6.41474e-08 	-3.21866e-07 	-1.3015e-30
0.0750513 	-6.08278e-08 	-3.25863e-07 	-5.43206e-30
0.075498 	-5.75082e-08 	-3.2986e-07 	-9.56263e-30
0.0759447 	-5.45375e-08 	-3.34295e-07 	-1.07518e-29
0.0763915 	-5.16408e-08 	-3.38797e-07 	-1.06571e-29
0.0768382 	-4.88554e-08 	-3.43478e-07 	-8.43654e-30
0.0772849 	-4.62935e-08 	-3.48453e-07 	-4.30598e-30
0.0777317 	-4.37317e-08 	-3.53428e-07 	-1.75412e-31
0.0781784 	-4.13944e-08 	-3.58805e-07 	1.50608e-31
0.0786251 	-3.91002e-08 	-3.64231e-07 	5.58912e-32
0.0790719 	-3.68796e-08 	-3.6983e-07 	0
0.0795186 	-3.47996e-08 	-3.7569e-07 	0
0.0799653 	-3.27197e-08 	-3.81549e-07 	0
0.0804121 	-3.07842e-08 	-3.87791e-07 	0
0.0808588 	-2.8875e-08 	-3.9407e-07 	0
0.0813055 	-2.70121e-08 	-4.00522e-07 	1.11191e-29
0.0817523 	-2.52372e-08 	-4.07212e-07 	3.96229e-29
0.082199 	-2.34622e-08 	-4.13902e-07 	6.81268e-29
0.0826457 	-2.17737e-08 	-4.20968e-07 	1.01514e-28
0.0830925 	-2.01018e-08 	-4.28061e-07 	1.33836e-28
0.0835392 	-1.84543e-08 	-4.35331e-07 	1.25112e-28
0.0839859 	-1.6858e-08 	-4.42823e-07 	6.12405e-29
0.0844327 	-1.52617e-08 	-4.50315e-07 	-2.63146e-30
0.0848794 	-1.37051e-08 	-4.58184e-07 	-7.56591e-29
0.0853261 	-1.21598e-08 	-4.66072e-07 	-1.4563e-28
0.0857729 	-1.0619e-08 	-4.74142e-07 	-1.66305e-28
0.0862196 	-9.10199e-09 	-4.82424e-07 	-1.30937e-28
0.0866663 	-7.58501e-09 	-4.90706e-07 	-9.55691e-29
0.0871131 	-6.06617e-09 	-4.99362e-07 	-5.61008e-29
0.0875598 	-4.55612e-09 	-5.08026e-07 	-1.84515e-29
0.0880065 	-3.03478e-09 	-4.16846e-07 	0
0.0884533 	-1.51964e-09 	-2.10814e-07 	0
0.0889 	0 	0 	0
