0 	508 	-0.000134611
0.000446734 	508.508 	-0.00013581
0.000893467 	508.282 	-0.00013837
0.0013402 	507.683 	-0.000143092
0.00178693 	507.398 	-0.000149147
0.00223367 	507.359 	-0.000157185
0.0026804 	507.323 	-0.000166507
0.00312714 	507.303 	-0.000177293
0.00357387 	507.225 	-0.000189844
0.0040206 	507.067 	-0.000202935
0.00446734 	506.911 	-0.000218296
0.00491407 	506.835 	-0.000233249
0.0053608 	506.792 	-0.000249984
0.00580754 	506.75 	-0.000266017
0.00625427 	506.695 	-0.000282873
0.00670101 	506.648 	-0.000299299
0.00714774 	506.625 	-0.00031504
0.00759447 	506.576 	-0.000331159
0.00804121 	506.509 	-0.000345387
0.00848794 	506.456 	-0.000360634
0.00893467 	506.429 	-0.000373337
0.00938141 	506.425 	-0.000386826
0.00982814 	506.393 	-0.000397987
0.0102749 	506.345 	-0.000409068
0.0107216 	506.323 	-0.000418544
0.0111683 	506.317 	-0.000426384
0.0116151 	506.306 	-0.000434007
0.0120618 	506.295 	-0.000439076
0.0125085 	506.277 	-0.00044466
0.0129553 	506.29 	-0.000447228
0.013402 	506.31 	-0.000450401
0.0138487 	506.286 	-0.000450878
0.0142955 	506.245 	-0.000451276
0.0147422 	506.242 	-0.000449637
0.0151889 	506.271 	-0.000446569
0.0156357 	506.271 	-0.000442963
0.0160824 	506.254 	-0.000436865
0.0165291 	506.224 	-0.000431128
0.0169759 	506.207 	-0.000422381
0.0174226 	506.188 	-0.000414381
0.0178693 	506.189 	-0.000403626
0.0183161 	506.188 	-0.000392923
0.0187628 	506.175 	-0.000380336
0.0192095 	506.148 	-0.000366686
0.0196563 	506.117 	-0.000352635
0.020103 	506.088 	-0.000336602
0.0205497 	506.05 	-0.00032123
0.0209965 	505.993 	-0.000303684
0.0214432 	505.944 	-0.000287387
0.0218899 	505.892 	-0.000269563
0.0223367 	505.848 	-0.000252353
0.0227834 	505.791 	-0.000235088
0.0232302 	505.732 	-0.000217931
0.0236769 	505.678 	-0.00020211
0.0241236 	505.615 	-0.00018637
0.0245704 	505.554 	-0.000172718
0.0250171 	505.482 	-0.000159355
0.0254638 	505.41 	-0.000148332
0.0259106 	505.324 	-0.000138301
0.0263573 	505.235 	-0.000130509
0.026804 	505.177 	-0.000124642
0.0272508 	505.14 	-0.000122797
0.0276975 	505.092 	-0.000127457
0.0281442 	505.018 	-0.000134131
0.028591 	504.981 	-0.000141946
0.0290377 	504.973 	-0.000137457
0.0294844 	504.972 	-0.000138357
0.0299312 	504.971 	-0.000126161
0.0303779 	504.971 	-0.000118497
0.0308246 	504.971 	-0.000110638
0.0312714 	504.971 	-0.000105177
0.0317181 	504.971 	-0.000100332
0.0321648 	504.971 	-9.62615e-05
0.0326116 	504.971 	-9.28359e-05
0.0330583 	504.971 	-8.95651e-05
0.033505 	504.971 	-8.68735e-05
0.0339518 	504.971 	-8.41583e-05
0.0343985 	504.972 	-8.18754e-05
0.0348452 	504.972 	-7.95717e-05
0.035292 	504.972 	-7.755e-05
0.0357387 	504.972 	-7.55382e-05
0.0361854 	504.972 	-7.37098e-05
0.0366322 	504.973 	-7.19528e-05
0.0370789 	504.973 	-7.02727e-05
0.0375256 	504.973 	-6.87189e-05
0.0379724 	504.973 	-6.71717e-05
0.0384191 	504.974 	-6.57724e-05
0.0388658 	504.974 	-6.4361e-05
0.0393126 	504.974 	-6.30689e-05
0.0397593 	504.974 	-6.17719e-05
0.040206 	504.974 	-6.05659e-05
0.0406528 	504.975 	-5.93801e-05
0.0410995 	504.975 	-5.82435e-05
0.0415462 	504.975 	-5.71591e-05
0.041993 	504.975 	-5.60825e-05
0.0424397 	504.976 	-5.50838e-05
0.0428864 	504.976 	-5.4077e-05
0.0433332 	504.976 	-5.31381e-05
0.0437799 	504.976 	-5.2193e-05
0.0442266 	504.976 	-5.13042e-05
0.0446734 	504.977 	-5.04203e-05
0.0451201 	504.977 	-4.95726e-05
0.0455668 	504.977 	-4.87496e-05
0.0460136 	504.977 	-4.79359e-05
0.0464603 	504.978 	-4.71672e-05
0.046907 	504.978 	-4.63943e-05
0.0473538 	504.978 	-4.56653e-05
0.0478005 	504.978 	-4.49308e-05
0.0482472 	504.978 	-4.42352e-05
0.048694 	504.979 	-4.35385e-05
0.0491407 	504.979 	-4.28705e-05
0.0495874 	504.979 	-4.22149e-05
0.0500342 	504.979 	-4.15691e-05
0.0504809 	504.979 	-4.09509e-05
0.0509276 	504.98 	-4.03312e-05
0.0513744 	504.98 	-3.97423e-05
0.0518211 	504.98 	-3.91491e-05
0.0522678 	504.98 	-3.85848e-05
0.0527146 	504.98 	-3.8017e-05
0.0531613 	504.981 	-3.7473e-05
0.053608 	504.981 	-3.69352e-05
0.0540548 	504.981 	-3.64072e-05
0.0545015 	504.981 	-3.58972e-05
0.0549482 	504.981 	-3.53873e-05
0.055395 	504.981 	-3.49005e-05
0.0558417 	504.982 	-3.44104e-05
0.0562884 	504.982 	-3.39429e-05
0.0567352 	504.982 	-3.34715e-05
0.0571819 	504.982 	-3.30197e-05
0.0576286 	504.982 	-3.2571e-05
0.0580754 	504.983 	-3.21321e-05
0.0585221 	504.983 	-3.17053e-05
0.0589688 	504.983 	-3.12797e-05
0.0594156 	504.983 	-3.08723e-05
0.0598623 	504.983 	-3.04624e-05
0.060309 	504.984 	-3.00706e-05
0.0607558 	504.984 	-2.96757e-05
0.0612025 	504.984 	-2.92969e-05
0.0616492 	504.984 	-2.89197e-05
0.062096 	504.984 	-2.85519e-05
0.0625427 	504.984 	-2.81926e-05
0.0629894 	504.985 	-2.78351e-05
0.0634362 	504.985 	-2.74926e-05
0.0638829 	504.985 	-2.71481e-05
0.0643296 	504.985 	-2.68186e-05
0.0647764 	504.985 	-2.64868e-05
0.0652231 	504.986 	-2.61686e-05
0.0656698 	504.986 	-2.58508e-05
0.0661166 	504.986 	-2.55423e-05
0.0665633 	504.986 	-2.52399e-05
0.0670101 	504.986 	-2.49398e-05
0.0674568 	504.987 	-2.46519e-05
0.0679035 	504.987 	-2.43628e-05
0.0683503 	504.987 	-2.40863e-05
0.068797 	504.987 	-2.38082e-05
0.0692437 	504.987 	-2.35418e-05
0.0696905 	504.987 	-2.32752e-05
0.0701372 	504.988 	-2.30175e-05
0.0705839 	504.988 	-2.27642e-05
0.0710307 	504.988 	-2.2514e-05
0.0714774 	504.988 	-2.22734e-05
0.0719241 	504.988 	-2.20323e-05
0.0723709 	504.989 	-2.18022e-05
0.0728176 	504.989 	-2.15708e-05
0.0732643 	504.989 	-2.13498e-05
0.0737111 	504.989 	-2.11283e-05
0.0741578 	504.989 	-2.09153e-05
0.0746045 	504.989 	-2.07054e-05
0.0750513 	504.99 	-2.04991e-05
0.075498 	504.99 	-2.03005e-05
0.0759447 	504.99 	-2.0102e-05
0.0763915 	504.99 	-1.99132e-05
0.0768382 	504.99 	-1.97235e-05
0.0772849 	504.991 	-1.9543e-05
0.0777317 	504.991 	-1.9362e-05
0.0781784 	504.991 	-1.91887e-05
0.0786251 	504.991 	-1.90179e-05
0.0790719 	504.991 	-1.88509e-05
0.0795186 	504.991 	-1.86904e-05
0.0799653 	504.992 	-1.85302e-05
0.0804121 	504.992 	-1.83788e-05
0.0808588 	504.992 	-1.82267e-05
0.0813055 	504.992 	-1.80829e-05
0.0817523 	504.992 	-1.79388e-05
0.082199 	504.993 	-1.78017e-05
0.0826457 	504.993 	-1.76667e-05
0.0830925 	504.993 	-1.75356e-05
0.0835392 	504.993 	-1.74099e-05
0.0839859 	504.993 	-1.72848e-05
0.0844327 	504.994 	-1.71678e-05
0.0848794 	504.994 	-1.70503e-05
0.0853261 	504.994 	-1.69403e-05
0.0857729 	504.994 	-1.68304e-05
0.0862196 	504.994 	-1.67266e-05
0.0866663 	504.994 	-1.66249e-05
0.0871131 	504.995 	-1.6527e-05
0.0875598 	504.995 	-1.64338e-05
0.0880065 	504.995 	-1.63413e-05
0.0884533 	504.995 	-1.62565e-05
0.0889 	504.995 	-1.61712e-05
