0 	506.15 	-1.35964e-05
0.000446734 	506.122 	-1.39424e-05
0.000893467 	506.094 	-1.42927e-05
0.0013402 	506.067 	-1.50158e-05
0.00178693 	506.039 	-1.6094e-05
0.00223367 	506.011 	-1.71895e-05
0.0026804 	505.984 	-1.90077e-05
0.00312714 	505.957 	-2.08259e-05
0.00357387 	505.931 	-2.3025e-05
0.0040206 	505.905 	-2.55533e-05
0.00446734 	505.879 	-2.81141e-05
0.00491407 	505.855 	-3.12832e-05
0.0053608 	505.83 	-3.44523e-05
0.00580754 	505.808 	-3.79029e-05
0.00625427 	505.786 	-4.15699e-05
0.00670101 	505.764 	-4.52624e-05
0.00714774 	505.744 	-4.92418e-05
0.00759447 	505.725 	-5.32212e-05
0.00804121 	505.707 	-5.72795e-05
0.00848794 	505.69 	-6.13897e-05
0.00893467 	505.673 	-6.54998e-05
0.00938141 	505.659 	-6.95892e-05
0.00982814 	505.645 	-7.36786e-05
0.0102749 	505.632 	-7.76855e-05
0.0107216 	505.62 	-8.16374e-05
0.0111683 	505.609 	-8.5563e-05
0.0116151 	505.599 	-8.92918e-05
0.0120618 	505.59 	-9.30206e-05
0.0125085 	505.582 	-9.65704e-05
0.0129553 	505.574 	-0.000100016
0.013402 	505.567 	-0.000103415
0.0138487 	505.562 	-0.000106541
0.0142955 	505.556 	-0.000109666
0.0147422 	505.552 	-0.000112567
0.0151889 	505.548 	-0.000115353
0.0156357 	505.545 	-0.00011808
0.0160824 	505.542 	-0.000120523
0.0165291 	505.54 	-0.000122966
0.0169759 	505.538 	-0.000125178
0.0174226 	505.537 	-0.000127284
0.0178693 	505.536 	-0.000129326
0.0183161 	505.536 	-0.000131108
0.0187628 	505.535 	-0.000132891
0.0192095 	505.536 	-0.000134455
0.0196563 	505.536 	-0.00013593
0.020103 	505.537 	-0.00013734
0.0205497 	505.538 	-0.000138525
0.0209965 	505.539 	-0.00013971
0.0214432 	505.54 	-0.000140694
0.0218899 	505.542 	-0.000141605
0.0223367 	505.543 	-0.000142452
0.0227834 	505.545 	-0.000143103
0.0232302 	505.547 	-0.000143754
0.0236769 	505.548 	-0.000144213
0.0241236 	505.55 	-0.000144613
0.0245704 	505.552 	-0.000144946
0.0250171 	505.554 	-0.000145102
0.0254638 	505.556 	-0.000145258
0.0259106 	505.558 	-0.000145224
0.0263573 	505.56 	-0.000145138
0.026804 	505.562 	-0.000144978
0.0272508 	505.563 	-0.000144647
0.0276975 	505.565 	-0.000144316
0.0281442 	505.567 	-0.000143779
0.028591 	505.568 	-0.000143195
0.0290377 	505.569 	-0.000142525
0.0294844 	505.57 	-0.000141678
0.0299312 	505.571 	-0.00014083
0.0303779 	505.572 	-0.000139749
0.0308246 	505.572 	-0.000138623
0.0312714 	505.572 	-0.000137393
0.0317181 	505.572 	-0.000135971
0.0321648 	505.572 	-0.00013455
0.0326116 	505.571 	-0.000132859
0.0330583 	505.57 	-0.000131125
0.033505 	505.569 	-0.000129267
0.0339518 	505.567 	-0.000127205
0.0343985 	505.565 	-0.000125142
0.0348452 	505.562 	-0.000122775
0.035292 	505.559 	-0.000120371
0.0357387 	505.555 	-0.000117826
0.0361854 	505.551 	-0.000115074
0.0366322 	505.547 	-0.000112322
0.0370789 	505.541 	-0.000109256
0.0375256 	505.535 	-0.00010616
0.0379724 	505.529 	-0.000102926
0.0384191 	505.521 	-9.95045e-05
0.0388658 	505.514 	-9.60834e-05
0.0393126 	505.505 	-9.23913e-05
0.0397593 	505.496 	-8.86816e-05
0.040206 	505.486 	-8.48687e-05
0.0406528 	505.475 	-8.093e-05
0.0410995 	505.464 	-7.69913e-05
0.0415462 	505.452 	-7.29177e-05
0.041993 	505.439 	-6.88385e-05
0.0424397 	505.425 	-6.47505e-05
0.0428864 	505.41 	-6.0651e-05
0.0433332 	505.396 	-5.65507e-05
0.0437799 	505.379 	-5.25733e-05
0.0442266 	505.363 	-4.85949e-05
0.0446734 	505.345 	-4.47509e-05
0.0451201 	505.327 	-4.10361e-05
0.0455668 	505.308 	-3.73282e-05
0.0460136 	505.289 	-3.40574e-05
0.0464603 	505.269 	-3.07868e-05
0.046907 	505.248 	-2.78698e-05
0.0473538 	505.227 	-2.52715e-05
0.0478005 	505.206 	-2.27025e-05
0.0482472 	505.184 	-2.05013e-05
0.048694 	505.162 	-1.83002e-05
0.0491407 	505.14 	-1.61468e-05
0.0495874 	505.118 	-1.40505e-05
0.0500342 	505.095 	-1.20697e-05
0.0504809 	505.068 	-1.41785e-05
0.0509276 	505.041 	-1.62873e-05
0.0513744 	505.011 	-1.78109e-05
0.0518211 	504.979 	-1.88166e-05
0.0522678 	504.947 	-1.94811e-05
0.0527146 	504.913 	-1.6084e-05
0.0531613 	504.879 	-1.26869e-05
0.053608 	504.845 	-1.00422e-05
0.0540548 	504.81 	-7.81568e-06
0.0545015 	504.776 	-5.66346e-06
0.0549482 	504.741 	-3.99395e-06
0.055395 	504.707 	-2.32444e-06
0.0558417 	504.672 	-8.4852e-07
0.0562884 	504.637 	5.13946e-07
0.0567352 	504.603 	1.84948e-06
0.0571819 	504.568 	3.00941e-06
0.0576286 	504.534 	4.16934e-06
0.0580754 	504.499 	5.2312e-06
0.0585221 	504.465 	6.23775e-06
0.0589688 	504.43 	7.22578e-06
0.0594156 	504.396 	8.10713e-06
0.0598623 	504.361 	8.98848e-06
0.060309 	504.327 	9.80032e-06
0.0607558 	504.293 	1.05759e-05
0.0612025 	504.258 	1.13364e-05
0.0616492 	504.224 	1.20214e-05
0.062096 	504.19 	1.27064e-05
0.0625427 	504.155 	1.33386e-05
0.0629894 	504.121 	1.39454e-05
0.0634362 	504.087 	1.45397e-05
0.0638829 	504.052 	1.50788e-05
0.0643296 	504.018 	1.56179e-05
0.0647764 	503.984 	1.61161e-05
0.0652231 	503.95 	1.65962e-05
0.0656698 	503.915 	1.70659e-05
0.0661166 	503.881 	1.74946e-05
0.0665633 	503.847 	1.79233e-05
0.0670101 	503.813 	1.83197e-05
0.0674568 	503.779 	1.87033e-05
0.0679035 	503.745 	1.90779e-05
0.0683503 	503.71 	1.94216e-05
0.068797 	503.676 	1.97653e-05
0.0692437 	503.642 	2.00832e-05
0.0696905 	503.608 	2.03917e-05
0.0701372 	503.574 	2.06926e-05
0.0705839 	503.54 	2.09697e-05
0.0710307 	503.506 	2.12468e-05
0.0714774 	503.472 	2.15028e-05
0.0719241 	503.438 	2.17519e-05
0.0723709 	503.404 	2.19944e-05
0.0728176 	503.37 	2.22182e-05
0.0732643 	503.336 	2.2442e-05
0.0737111 	503.302 	2.26483e-05
0.0741578 	503.268 	2.28493e-05
0.0746045 	503.234 	2.30444e-05
0.0750513 	503.2 	2.32247e-05
0.075498 	503.166 	2.3405e-05
0.0759447 	503.132 	2.35702e-05
0.0763915 	503.098 	2.37314e-05
0.0768382 	503.064 	2.38873e-05
0.0772849 	503.03 	2.40311e-05
0.0777317 	502.997 	2.41748e-05
0.0781784 	502.963 	2.43052e-05
0.0786251 	502.929 	2.44326e-05
0.0790719 	502.895 	2.4555e-05
0.0795186 	502.861 	2.46671e-05
0.0799653 	502.827 	2.47793e-05
0.0804121 	502.793 	2.48792e-05
0.0808588 	502.759 	2.49769e-05
0.0813055 	502.725 	2.50696e-05
0.0817523 	502.692 	2.51535e-05
0.082199 	502.658 	2.52375e-05
0.0826457 	502.624 	2.53096e-05
0.0830925 	502.59 	2.53803e-05
0.0835392 	502.556 	2.54457e-05
0.0839859 	502.522 	2.55034e-05
0.0844327 	502.488 	2.55611e-05
0.0848794 	502.455 	2.5607e-05
0.0853261 	502.421 	2.5652e-05
0.0857729 	502.387 	2.56913e-05
0.0862196 	502.353 	2.57236e-05
0.0866663 	502.319 	2.57558e-05
0.0871131 	502.285 	2.57759e-05
0.0875598 	502.252 	2.57954e-05
0.0880065 	502.218 	2.58086e-05
0.0884533 	502.184 	2.58152e-05
0.0889 	502.15 	2.58217e-05
