5.55112e-20 	-1.38118e-20 	4.80121e-19 	0
0.000446734 	-0.000142327 	0.00354622 	-1.22621e-28
0.000893467 	-0.000501725 	0.00518268 	-6.35851e-28
0.0013402 	-0.000995342 	0.00606654 	-3.67597e-28
0.00178693 	-0.00143926 	0.00644506 	-4.36254e-28
0.00223367 	-0.00193345 	0.00652477 	-4.16143e-28
0.0026804 	-0.00238034 	0.00648793 	0
0.00312714 	-0.00279939 	0.00627887 	0
0.00357387 	-0.00321943 	0.00602519 	0
0.0040206 	-0.00354205 	0.0056134 	0
0.00446734 	-0.00391853 	0.00518739 	0
0.00491407 	-0.0041589 	0.00461133 	0
0.0053608 	-0.00446179 	0.00403451 	0
0.00580754 	-0.00461765 	0.003322 	0
0.00625427 	-0.00478942 	0.00260596 	0
0.00670101 	-0.00488828 	0.0018154 	2.15155e-28
0.00714774 	-0.00489911 	0.00101529 	1.0088e-27
0.00759447 	-0.00493331 	0.000189997 	0
0.00804121 	-0.00479774 	-0.000619257 	1.56778e-27
0.00848794 	-0.00475423 	-0.00142555 	0
0.00893467 	-0.00452214 	-0.00217905 	-1.16498e-27
0.00938141 	-0.00437317 	-0.00290609 	2.80047e-28
0.00982814 	-0.00407371 	-0.00353939 	4.7172e-27
0.0102749 	-0.00378575 	-0.00410044 	1.80255e-26
0.0107216 	-0.00345377 	-0.00455791 	2.1514e-26
0.0111683 	-0.00304492 	-0.00485505 	1.53318e-26
0.0116151 	-0.0026942 	-0.00508244 	1.33646e-26
0.0120618 	-0.00223682 	-0.00508239 	6.72809e-27
0.0125085 	-0.00187696 	-0.00504127 	1.38092e-27
0.0129553 	-0.00145871 	-0.00479019 	6.63583e-28
0.013402 	-0.00110961 	-0.00451755 	2.59092e-28
0.0138487 	-0.000777099 	-0.00409076 	2.2572e-28
0.0142955 	-0.000466605 	-0.00365661 	5.32449e-29
0.0147422 	-0.000222928 	-0.00315853 	1.3269e-27
0.0151889 	5.9324e-06 	-0.00267376 	5.0312e-27
0.0156357 	0.000177716 	-0.00219534 	6.98172e-27
0.0160824 	0.000306148 	-0.0017736 	6.34732e-27
0.0165291 	0.000411134 	-0.00139082 	6.88033e-27
0.0169759 	0.000447123 	-0.00108619 	3.31346e-27
0.0174226 	0.000490215 	-0.000840933 	1.73424e-28
0.0178693 	0.000462114 	-0.000680127 	-2.64588e-27
0.0183161 	0.000440653 	-0.000586284 	-6.92561e-27
0.0187628 	0.000378095 	-0.000559663 	-8.01734e-27
0.0192095 	0.000305219 	-0.00060539 	-7.76397e-27
0.0196563 	0.000234681 	-0.000675209 	-6.9944e-27
0.020103 	0.000147021 	-0.000788599 	-2.56514e-27
0.0205497 	8.07471e-05 	-0.000901905 	-4.53838e-28
0.0209965 	1.73135e-05 	-0.000971793 	6.0997e-28
0.0214432 	-2.21632e-05 	-0.0010313 	0
0.0218899 	-2.7342e-05 	-0.000958157 	2.02489e-28
0.0223367 	-5.51759e-06 	-0.000850704 	2.92052e-30
0.0227834 	-4.02449e-06 	-0.000581023 	0
0.0232302 	-1.3724e-06 	-0.000216938 	0
0.0236769 	-9.65035e-08 	-1.08467e-07 	0
0.0241236 	-1.41891e-07 	-8.11755e-08 	0
0.0245704 	-1.74744e-07 	-6.07245e-08 	0
0.0250171 	-1.78883e-07 	-5.39277e-08 	0
0.0254638 	-1.78705e-07 	-5.01557e-08 	1.9667e-30
0.0259106 	-1.78506e-07 	-4.62588e-08 	1.10381e-29
0.0263573 	-1.78003e-07 	-4.28064e-08 	2.66436e-29
0.026804 	-1.77664e-07 	-3.94769e-08 	2.30344e-29
0.0272508 	-1.77087e-07 	-3.64333e-08 	9.34089e-30
0.0276975 	-1.76702e-07 	-3.36393e-08 	-1.21505e-31
0.0281442 	-1.76125e-07 	-3.10102e-08 	-8.43473e-30
0.028591 	-1.75713e-07 	-2.87227e-08 	-1.64107e-29
0.0290377 	-1.75202e-07 	-2.64804e-08 	-8.94757e-30
0.0294844 	-1.74772e-07 	-2.46581e-08 	-3.81428e-30
0.0299312 	-1.74357e-07 	-2.2832e-08 	-9.71401e-30
0.0303779 	-1.73911e-07 	-2.13578e-08 	-1.42956e-29
0.0308246 	-1.73574e-07 	-1.99348e-08 	-1.58748e-29
0.0312714 	-1.73134e-07 	-1.87367e-08 	-2.06174e-29
0.0317181 	-1.72821e-07 	-1.76706e-08 	-1.77308e-29
0.0321648 	-1.72391e-07 	-1.67202e-08 	-1.05665e-29
0.0326116 	-1.7205e-07 	-1.5962e-08 	-7.82237e-30
0.0330583 	-1.71635e-07 	-1.52337e-08 	-2.46025e-30
0.033505 	-1.71233e-07 	-1.47313e-08 	-3.7733e-31
0.0339518 	-1.70827e-07 	-1.42273e-08 	0
0.0343985 	-1.70361e-07 	-1.39093e-08 	1.20266e-31
0.0348452 	-1.69933e-07 	-1.36237e-08 	1.03879e-30
0.035292 	-1.69413e-07 	-1.34362e-08 	7.56725e-31
0.0357387 	-1.6893e-07 	-1.33292e-08 	1.6485e-30
0.0361854 	-1.68364e-07 	-1.32562e-08 	1.96224e-30
0.0366322 	-1.678e-07 	-1.32862e-08 	1.9044e-30
0.0370789 	-1.67185e-07 	-1.33125e-08 	5.23977e-30
0.0375256 	-1.66525e-07 	-1.34397e-08 	7.48817e-30
0.0379724 	-1.65859e-07 	-1.35613e-08 	6.86942e-30
0.0384191 	-1.65112e-07 	-1.37524e-08 	7.68613e-30
0.0388658 	-1.64372e-07 	-1.39618e-08 	4.75408e-30
0.0393126 	-1.63556e-07 	-1.41885e-08 	1.53291e-30
0.0397593 	-1.62733e-07 	-1.44601e-08 	0
0.040206 	-1.61857e-07 	-1.4719e-08 	0
0.0406528 	-1.60947e-07 	-1.50252e-08 	0
0.0410995 	-1.6001e-07 	-1.53078e-08 	0
0.0415462 	-1.59016e-07 	-1.56233e-08 	0
0.041993 	-1.5802e-07 	-1.59299e-08 	0
0.0424397 	-1.56951e-07 	-1.62424e-08 	0
0.0428864 	-1.55881e-07 	-1.65636e-08 	0
0.0433332 	-1.54759e-07 	-1.68653e-08 	0
0.0437799 	-1.53617e-07 	-1.71889e-08 	0
0.0442266 	-1.52447e-07 	-1.74833e-08 	0
0.0446734 	-1.5124e-07 	-1.77933e-08 	-1.19076e-30
0.0451201 	-1.50024e-07 	-1.80768e-08 	-1.92847e-30
0.0455668 	-1.48762e-07 	-1.83615e-08 	-3.54452e-30
0.0460136 	-1.47501e-07 	-1.86368e-08 	-1.05091e-29
0.0464603 	-1.46191e-07 	-1.88924e-08 	-1.34399e-29
0.046907 	-1.44879e-07 	-1.91513e-08 	-1.3935e-29
0.0473538 	-1.43538e-07 	-1.93815e-08 	-1.43469e-29
0.0478005 	-1.4218e-07 	-1.9619e-08 	-8.91535e-30
0.0482472 	-1.4081e-07 	-1.98283e-08 	-3.24255e-30
0.048694 	-1.39414e-07 	-2.00378e-08 	0
0.0491407 	-1.38018e-07 	-2.02263e-08 	0
0.0495874 	-1.36594e-07 	-2.04041e-08 	0
0.0500342 	-1.35173e-07 	-2.05739e-08 	0
0.0504809 	-1.33728e-07 	-2.07201e-08 	0
0.0509276 	-1.32281e-07 	-2.08667e-08 	0
0.0513744 	-1.30823e-07 	-2.09874e-08 	2.77376e-31
0.0518211 	-1.29354e-07 	-2.11081e-08 	4.47604e-30
0.0522678 	-1.27885e-07 	-2.12081e-08 	1.13252e-29
0.0527146 	-1.26401e-07 	-2.13018e-08 	1.4903e-29
0.0531613 	-1.24923e-07 	-2.13822e-08 	1.42468e-29
0.053608 	-1.23432e-07 	-2.14494e-08 	1.31942e-29
0.0540548 	-1.21946e-07 	-2.15115e-08 	6.01325e-30
0.0545015 	-1.20452e-07 	-2.15539e-08 	2.02438e-30
0.0549482 	-1.18959e-07 	-2.15958e-08 	2.74409e-30
0.055395 	-1.17467e-07 	-2.16186e-08 	1.69268e-30
0.0558417 	-1.1597e-07 	-2.16384e-08 	4.53586e-30
0.0562884 	-1.1448e-07 	-2.16458e-08 	3.35919e-30
0.0567352 	-1.12984e-07 	-2.16448e-08 	1.78987e-30
0.0571819 	-1.11496e-07 	-2.16376e-08 	2.16542e-30
0.0576286 	-1.10006e-07 	-2.1618e-08 	1.42025e-31
0.0580754 	-1.08523e-07 	-2.15971e-08 	0
0.0585221 	-1.07042e-07 	-2.15615e-08 	0
0.0589688 	-1.05563e-07 	-2.1526e-08 	0
0.0594156 	-1.04094e-07 	-2.14778e-08 	-6.28921e-31
0.0598623 	-1.02623e-07 	-2.14262e-08 	-5.1182e-30
0.060309 	-1.01164e-07 	-2.1369e-08 	-1.24702e-29
0.0607558 	-9.97044e-08 	-2.13031e-08 	-1.50848e-29
0.0612025 	-9.82551e-08 	-2.12367e-08 	-1.47932e-29
0.0616492 	-9.68096e-08 	-2.11593e-08 	-1.30673e-29
0.062096 	-9.53707e-08 	-2.10844e-08 	-5.59648e-30
0.0625427 	-9.39416e-08 	-2.09988e-08 	-1.86671e-30
0.0629894 	-9.25135e-08 	-2.09143e-08 	-2.86936e-30
0.0634362 	-9.11013e-08 	-2.08224e-08 	-1.83505e-30
0.0638829 	-8.96886e-08 	-2.07276e-08 	-4.77644e-30
0.0643296 	-8.82902e-08 	-2.06321e-08 	-2.90636e-30
0.0647764 	-8.68943e-08 	-2.05283e-08 	-1.91118e-30
0.0652231 	-8.55094e-08 	-2.04279e-08 	-1.91338e-30
0.0656698 	-8.41317e-08 	-2.03182e-08 	0
0.0661166 	-8.27606e-08 	-2.02137e-08 	0
0.0665633 	-8.14022e-08 	-2.01013e-08 	0
0.0670101 	-8.00448e-08 	-1.99913e-08 	0
0.0674568 	-7.87059e-08 	-1.98775e-08 	9.07499e-31
0.0679035 	-7.73668e-08 	-1.97616e-08 	5.24886e-30
0.0683503 	-7.60434e-08 	-1.9648e-08 	1.22819e-29
0.068797 	-7.47234e-08 	-1.95272e-08 	1.38365e-29
0.0692437 	-7.34148e-08 	-1.94122e-08 	1.40038e-29
0.0696905 	-7.21145e-08 	-1.92894e-08 	1.15471e-29
0.0701372 	-7.08206e-08 	-1.91731e-08 	4.73252e-30
0.0705839 	-6.95401e-08 	-1.9051e-08 	1.42624e-30
0.0710307 	-6.8261e-08 	-1.89324e-08 	4.96835e-30
0.0714774 	-6.7e-08 	-1.88123e-08 	9.94205e-30
0.0719241 	-6.5739e-08 	-1.8691e-08 	4.18457e-30
0.0723709 	-6.4494e-08 	-1.85735e-08 	-6.11874e-31
0.0728176 	-6.32525e-08 	-1.84503e-08 	-8.07325e-30
0.0732643 	-6.2022e-08 	-1.83339e-08 	-2.05736e-29
0.0737111 	-6.07998e-08 	-1.82111e-08 	-2.1581e-29
0.0741578 	-5.95837e-08 	-1.80954e-08 	-1.40917e-29
0.0746045 	-5.83802e-08 	-1.79753e-08 	-1.07178e-29
0.0750513 	-5.71785e-08 	-1.78595e-08 	-3.78555e-30
0.075498 	-5.59932e-08 	-1.77434e-08 	-5.39574e-31
0.0759447 	-5.48081e-08 	-1.76271e-08 	0
0.0763915 	-5.36383e-08 	-1.75151e-08 	0
0.0768382 	-5.24715e-08 	-1.73989e-08 	0
0.0772849 	-5.1315e-08 	-1.72897e-08 	0
0.0777317 	-5.01659e-08 	-1.71752e-08 	0
0.0781784 	-4.90226e-08 	-1.70681e-08 	0
0.0786251 	-4.78905e-08 	-1.69573e-08 	0
0.0790719 	-4.67602e-08 	-1.68516e-08 	0
0.0795186 	-4.56443e-08 	-1.67459e-08 	-5.56362e-31
0.0799653 	-4.45282e-08 	-1.66409e-08 	-3.69048e-30
0.0804121 	-4.34266e-08 	-1.65403e-08 	-9.69264e-30
0.0808588 	-4.23269e-08 	-1.64367e-08 	-8.99371e-30
0.0813055 	-4.12367e-08 	-1.634e-08 	-1.01285e-29
0.0817523 	-4.01527e-08 	-1.62389e-08 	-9.3754e-30
0.082199 	-3.90739e-08 	-1.61448e-08 	-3.86171e-30
0.0826457 	-3.80046e-08 	-1.60478e-08 	-4.2682e-30
0.0830925 	-3.69369e-08 	-1.59563e-08 	-1.07368e-29
0.0835392 	-3.58813e-08 	-1.58649e-08 	-1.31904e-29
0.0839859 	-3.48253e-08 	-1.57747e-08 	-1.30213e-29
0.0844327 	-3.37822e-08 	-1.56887e-08 	-1.25416e-29
0.0848794 	-3.27401e-08 	-1.56009e-08 	-7.06267e-30
0.0853261 	-3.17064e-08 	-1.55193e-08 	-2.21203e-30
0.0857729 	-3.06775e-08 	-1.54343e-08 	1.39565e-31
0.0862196 	-2.96532e-08 	-1.53556e-08 	1.48885e-31
0.0866663 	-2.86365e-08 	-1.52748e-08 	1.13031e-30
0.0871131 	-2.76212e-08 	-1.51992e-08 	2.42788e-30
0.0875598 	-2.66155e-08 	-1.51239e-08 	2.48083e-30
0.0880065 	-2.56094e-08 	-1.505e-08 	8.71033e-30
0.0884533 	-2.46139e-08 	-1.49801e-08 	1.09998e-29
0.0889 	-2.36189e-08 	-1.4909e-08 	1.00687e-29
