0 	0 	0 	0
0.000446734 	0.000221384 	0.00355582 	2.36341e-26
0.000893467 	0.000442465 	0.00708802 	4.75319e-26
0.0013402 	0.000616738 	0.00977578 	5.35447e-26
0.00178693 	0.000746391 	0.0116651 	4.26235e-26
0.00223367 	0.000870981 	0.0135126 	3.16638e-26
0.0026804 	0.000890371 	0.0142754 	1.86873e-26
0.00312714 	0.000909761 	0.0150382 	5.71082e-27
0.00357387 	0.00090673 	0.0155626 	5.24313e-27
0.0040206 	0.000887088 	0.0158924 	1.54222e-26
0.00446734 	0.00086633 	0.0162118 	2.5637e-26
0.00491407 	0.000839128 	0.0163503 	4.36855e-26
0.0053608 	0.000811927 	0.0164889 	6.17341e-26
0.00580754 	0.000782134 	0.0165385 	6.81145e-26
0.00625427 	0.000751269 	0.0165194 	6.61296e-26
0.00670101 	0.000719641 	0.0164893 	6.31533e-26
0.00714774 	0.000684508 	0.0163296 	4.51048e-26
0.00759447 	0.000649376 	0.01617 	2.70562e-26
0.00804121 	0.000611986 	0.0159451 	1.53853e-26
0.00848794 	0.000573592 	0.0156752 	7.1911e-27
0.00893467 	0.000534793 	0.0153971 	0
0.00938141 	0.000494756 	0.015049 	0
0.00982814 	0.000454719 	0.014701 	0
0.0102749 	0.000414391 	0.0143211 	0
0.0107216 	0.000374133 	0.0139216 	0
0.0111683 	0.00033389 	0.0135181 	0
0.0116151 	0.000294418 	0.0130872 	0
0.0120618 	0.000254945 	0.0126564 	0
0.0125085 	0.00021633 	0.0122151 	0
0.0129553 	0.00017824 	0.0117681 	0
0.013402 	0.000140426 	0.0113204 	0
0.0138487 	0.000104033 	0.0108692 	0
0.0142955 	6.76387e-05 	0.010418 	0
0.0147422 	3.25188e-05 	0.00997031 	0
0.0151889 	-2.03961e-06 	0.00952445 	0
0.0156357 	-3.61909e-05 	0.00908074 	0
0.0160824 	-6.88999e-05 	0.00864735 	0
0.0165291 	-0.000101609 	0.00821396 	0
0.0169759 	-0.000133009 	0.00779251 	0
0.0174226 	-0.000163959 	0.00737649 	0
0.0178693 	-0.000194487 	0.00696453 	0
0.0183161 	-0.000223866 	0.00656877 	0
0.0187628 	-0.000253245 	0.00617301 	0
0.0192095 	-0.00028159 	0.00579258 	0
0.0196563 	-0.000309671 	0.00541831 	0
0.020103 	-0.00033743 	0.00504888 	0
0.0205497 	-0.000364554 	0.00469595 	0
0.0209965 	-0.000391678 	0.00434302 	0
0.0214432 	-0.000418283 	0.00400492 	0
0.0218899 	-0.000444834 	0.00367206 	0
0.0223367 	-0.000471264 	0.00334369 	0
0.0227834 	-0.000497663 	0.00302868 	0
0.0232302 	-0.000524061 	0.00271367 	0
0.0236769 	-0.000550624 	0.00241009 	0
0.0241236 	-0.000577324 	0.00211003 	0
0.0245704 	-0.000604189 	0.00181315 	0
0.0250171 	-0.000631652 	0.00152458 	0
0.0254638 	-0.000659115 	0.00123601 	0
0.0259106 	-0.000687451 	0.000953487 	0
0.0263573 	-0.000716053 	0.000672572 	0
0.026804 	-0.000745121 	0.000392737 	0
0.0272508 	-0.00077529 	0.000115382 	0
0.0276975 	-0.00080546 	-0.000161973 	0
0.0281442 	-0.000837362 	-0.000439806 	0
0.028591 	-0.00086964 	-0.000717749 	0
0.0290377 	-0.000902773 	-0.000997218 	0
0.0294844 	-0.000937539 	-0.00127983 	0
0.0299312 	-0.000972304 	-0.00156243 	0
0.0303779 	-0.00100945 	-0.00185223 	0
0.0308246 	-0.00104698 	-0.0021434 	0
0.0312714 	-0.00108568 	-0.00243882 	0
0.0317181 	-0.00112629 	-0.00274206 	0
0.0321648 	-0.0011669 	-0.00304531 	0
0.0326116 	-0.00121051 	-0.00336162 	0
0.0330583 	-0.00125447 	-0.00367997 	0
0.033505 	-0.00129988 	-0.00400493 	0
0.0339518 	-0.00134737 	-0.00434077 	0
0.0343985 	-0.00139486 	-0.0046766 	0
0.0348452 	-0.00144569 	-0.00502939 	0
0.035292 	-0.00149679 	-0.00538424 	0
0.0357387 	-0.00154947 	-0.005747 	0
0.0361854 	-0.00160415 	-0.0061214 	0
0.0366322 	-0.00165882 	-0.0064958 	0
0.0370789 	-0.00171675 	-0.00688747 	0
0.0375256 	-0.00177483 	-0.0072807 	0
0.0379724 	-0.00183436 	-0.0076811 	-7.77695e-27
0.0384191 	-0.0018955 	-0.00809096 	-2.70942e-26
0.0388658 	-0.00195664 	-0.00850083 	-4.64115e-26
0.0393126 	-0.00202031 	-0.00892276 	-6.45303e-26
0.0397593 	-0.00208399 	-0.00934538 	-8.34841e-26
0.040206 	-0.00214862 	-0.00977123 	-8.36483e-26
0.0406528 	-0.00221412 	-0.0102008 	-6.06458e-26
0.0410995 	-0.00227963 	-0.0106303 	-3.76433e-26
0.0415462 	-0.00234606 	-0.011059 	-1.53392e-26
0.041993 	-0.00241242 	-0.0114875 	7.31428e-27
0.0424397 	-0.00247866 	-0.0119106 	1.70344e-26
0.0428864 	-0.00254464 	-0.0123276 	1.33492e-26
0.0433332 	-0.0026106 	-0.0127445 	9.42011e-27
0.0437799 	-0.00267456 	-0.013137 	5.4667e-27
0.0442266 	-0.00273846 	-0.0135289 	1.76696e-27
0.0446734 	-0.0028001 	-0.0138997 	-2.61506e-27
0.0451201 	-0.00285956 	-0.0142491 	-8.09058e-27
0.0455668 	-0.00291876 	-0.0145974 	-1.40276e-26
0.0460136 	-0.00297062 	-0.0148823 	-2.11173e-26
0.0464603 	-0.00302243 	-0.0151668 	-2.79457e-26
0.046907 	-0.00306795 	-0.0154032 	-2.85268e-26
0.0473538 	-0.00310817 	-0.015596 	-2.30513e-26
0.0478005 	-0.00314749 	-0.0157844 	-1.65766e-26
0.0482472 	-0.00317213 	-0.0158585 	-9.74816e-27
0.048694 	-0.00319677 	-0.0159326 	-2.91976e-27
0.0491407 	-0.00321169 	-0.0159319 	0
0.0495874 	-0.00321951 	-0.0158704 	0
0.0500342 	-0.00322605 	-0.0158 	9.73646e-28
0.0504809 	-0.00322272 	-0.0156012 	2.52601e-26
0.0509276 	-0.0032194 	-0.0154024 	4.95465e-26
0.0513744 	-0.0032062 	-0.0150954 	7.87341e-26
0.0518211 	-0.00318607 	-0.0147072 	1.0598e-25
0.0522678 	-0.00315554 	-0.0142807 	1.29182e-25
0.0527146 	-0.0029965 	-0.0134319 	1.04896e-25
0.0531613 	-0.00283746 	-0.012583 	8.06091e-26
0.053608 	-0.00243546 	-0.0112144 	5.08169e-26
0.0540548 	-0.00186888 	-0.00950306 	2.35705e-26
0.0545015 	-0.00129598 	-0.00772372 	0
0.0549482 	-0.000810702 	-0.00556034 	0
0.055395 	-0.000325425 	-0.00339696 	0
0.0558417 	-0.00011172 	-0.00192422 	0
0.0562884 	-5.10043e-05 	-0.00087842 	0
0.0567352 	-1.44624e-08 	1.37254e-07 	0
0.0571819 	-1.10044e-07 	4.47047e-08 	0
0.0576286 	-2.05626e-07 	-4.78448e-08 	0
0.0580754 	-2.44823e-07 	-1.12862e-07 	0
0.0585221 	-2.52868e-07 	-1.64767e-07 	0
0.0589688 	-2.58078e-07 	-2.10206e-07 	0
0.0594156 	-2.45567e-07 	-2.26094e-07 	0
0.0598623 	-2.33056e-07 	-2.41983e-07 	0
0.060309 	-2.20036e-07 	-2.49624e-07 	0
0.0607558 	-2.06364e-07 	-2.53458e-07 	0
0.0612025 	-1.93222e-07 	-2.56603e-07 	0
0.0616492 	-1.81775e-07 	-2.56702e-07 	0
0.062096 	-1.70329e-07 	-2.56801e-07 	0
0.0625427 	-1.60482e-07 	-2.56339e-07 	0
0.0629894 	-1.51268e-07 	-2.55588e-07 	0
0.0634362 	-1.42429e-07 	-2.54896e-07 	0
0.0638829 	-1.34949e-07 	-2.54272e-07 	0
0.0643296 	-1.27469e-07 	-2.53648e-07 	0
0.0647764 	-1.20924e-07 	-2.53363e-07 	0
0.0652231 	-1.1474e-07 	-2.53171e-07 	0
0.0656698 	-1.08779e-07 	-2.53118e-07 	0
0.0661166 	-1.03573e-07 	-2.53426e-07 	0
0.0665633 	-9.83668e-08 	-2.53733e-07 	0
0.0670101 	-9.37205e-08 	-2.54427e-07 	0
0.0674568 	-8.92731e-08 	-2.55227e-07 	0
0.0679035 	-8.49749e-08 	-2.56161e-07 	0
0.0683503 	-8.11307e-08 	-2.57424e-07 	0
0.068797 	-7.72864e-08 	-2.58687e-07 	0
0.0692437 	-7.38128e-08 	-2.60295e-07 	0
0.0696905 	-7.04581e-08 	-2.61989e-07 	0
0.0701372 	-6.7211e-08 	-2.63809e-07 	0
0.0705839 	-6.426e-08 	-2.65907e-07 	0
0.0710307 	-6.1309e-08 	-2.68006e-07 	0
0.0714774 	-5.86189e-08 	-2.70419e-07 	0
0.0719241 	-5.60043e-08 	-2.729e-07 	0
0.0723709 	-5.347e-08 	-2.75502e-07 	0
0.0728176 	-5.11379e-08 	-2.7835e-07 	0
0.0732643 	-4.88057e-08 	-2.81197e-07 	0
0.0737111 	-4.66623e-08 	-2.84341e-07 	0
0.0741578 	-4.45682e-08 	-2.87542e-07 	0
0.0746045 	-4.25345e-08 	-2.90862e-07 	8.20951e-30
0.0750513 	-4.06416e-08 	-2.94406e-07 	3.4264e-29
0.075498 	-3.87486e-08 	-2.9795e-07 	6.03185e-29
0.0759447 	-3.69924e-08 	-3.01783e-07 	9.26871e-29
0.0763915 	-3.5269e-08 	-3.05664e-07 	1.22138e-28
0.0768382 	-3.35901e-08 	-3.09667e-07 	1.32001e-28
0.0772849 	-3.20093e-08 	-3.13879e-07 	1.05947e-28
0.0777317 	-3.04285e-08 	-3.1809e-07 	7.98922e-29
0.0781784 	-2.89446e-08 	-3.22592e-07 	4.68297e-29
0.0786251 	-2.74828e-08 	-3.27132e-07 	1.73787e-29
0.0790719 	-2.60518e-08 	-3.318e-07 	0
0.0795186 	-2.46883e-08 	-3.36666e-07 	0
0.0799653 	-2.33247e-08 	-3.41532e-07 	0
0.0804121 	-2.20257e-08 	-3.46691e-07 	0
0.0808588 	-2.07418e-08 	-3.51882e-07 	0
0.0813055 	-1.94768e-08 	-3.57208e-07 	3.21107e-29
0.0817523 	-1.82559e-08 	-3.62723e-07 	1.14427e-28
0.082199 	-1.70349e-08 	-3.68238e-07 	1.96743e-28
0.0826457 	-1.58509e-08 	-3.74054e-07 	2.85713e-28
0.0830925 	-1.46776e-08 	-3.79894e-07 	3.71185e-28
0.0835392 	-1.35118e-08 	-3.85876e-07 	3.46929e-28
0.0839859 	-1.23718e-08 	-3.92041e-07 	1.76614e-28
0.0844327 	-1.12319e-08 	-3.98205e-07 	6.29894e-30
0.0848794 	-1.01038e-08 	-4.04679e-07 	-1.76834e-28
0.0853261 	-8.98384e-09 	-4.11169e-07 	-3.52202e-28
0.0857729 	-7.85999e-09 	-4.17811e-07 	-4.03971e-28
0.0862196 	-6.74716e-09 	-4.24627e-07 	-3.15972e-28
0.0866663 	-5.63434e-09 	-4.31444e-07 	-2.27973e-28
0.0871131 	-4.50907e-09 	-4.38571e-07 	-1.33952e-28
0.0875598 	-3.39089e-09 	-4.45706e-07 	-4.40567e-29
0.0880065 	-2.26038e-09 	-3.65506e-07 	0
0.0884533 	-1.13208e-09 	-1.84846e-07 	0
0.0889 	0 	0 	0
