0 	0 	0 	0
0.000446734 	4.90413e-06 	0.000188855 	9.79223e-28
0.000893467 	9.80826e-06 	0.00037771 	1.95845e-27
0.0013402 	1.49497e-05 	0.000465489 	2.11268e-27
0.00178693 	2.03169e-05 	0.000457124 	1.48217e-27
0.00223367 	2.56494e-05 	0.000446385 	8.58697e-28
0.0026804 	2.9627e-05 	0.000343105 	5.09988e-28
0.00312714 	3.36045e-05 	0.000239825 	1.61278e-28
0.00357387 	3.18951e-05 	0.000133204 	0
0.0040206 	2.52921e-05 	2.37083e-05 	0
0.00446734 	1.72705e-05 	-8.30139e-05 	0
0.00491407 	-1.77047e-05 	-0.000137044 	0
0.0053608 	-5.26798e-05 	-0.000191074 	0
0.00580754 	-0.000112869 	-0.000200337 	0
0.00625427 	-0.000192668 	-0.000174781 	0
0.00670101 	-0.000276552 	-0.000143851 	-9.65179e-29
0.00714774 	-0.000410812 	-4.66555e-05 	-1.38342e-27
0.00759447 	-0.000545071 	5.05404e-05 	-2.67033e-27
0.00804121 	-0.000714535 	0.000178069 	-3.89907e-27
0.00848794 	-0.000908716 	0.000326896 	-5.08697e-27
0.00893467 	-0.00110934 	0.000479249 	-6.02739e-27
0.00938141 	-0.00136795 	0.000663341 	-4.74048e-27
0.00982814 	-0.00162655 	0.000847433 	-3.45358e-27
0.0102749 	-0.00192632 	0.00104716 	-2.22731e-27
0.0107216 	-0.00225212 	0.00125677 	-1.03941e-27
0.0111683 	-0.00258604 	0.00146861 	4.18557e-29
0.0116151 	-0.00297674 	0.00169604 	3.76701e-28
0.0120618 	-0.00336745 	0.00192347 	7.11547e-28
0.0125085 	-0.00379311 	0.00215571 	1.42557e-27
0.0129553 	-0.00423865 	0.00239068 	2.35522e-27
0.013402 	-0.00468972 	0.00262468 	3.09518e-27
0.0138487 	-0.00517222 	0.00285321 	2.76034e-27
0.0142955 	-0.00565472 	0.00308173 	2.42549e-27
0.0147422 	-0.00614664 	0.00329561 	1.69659e-27
0.0151889 	-0.00664337 	0.00350204 	7.66954e-28
0.0156357 	-0.0071385 	0.00370214 	0
0.0160824 	-0.00762615 	0.00387238 	0
0.0165291 	-0.0081138 	0.00404262 	0
0.0169759 	-0.00858159 	0.00418119 	0
0.0174226 	-0.00904034 	0.00430536 	0
0.0178693 	-0.00949056 	0.00441943 	0
0.0183161 	-0.00990665 	0.00449307 	0
0.0187628 	-0.0103227 	0.00456671 	0
0.0192095 	-0.0107034 	0.00460485 	0
0.0196563 	-0.0110698 	0.00462867 	0
0.020103 	-0.0114248 	0.00464229 	0
0.0205497 	-0.0117403 	0.00462084 	0
0.0209965 	-0.0120559 	0.00459938 	0
0.0214432 	-0.0123361 	0.00454948 	0
0.0218899 	-0.0126038 	0.00448946 	0
0.0223367 	-0.0128607 	0.00442162 	1.338e-27
0.0227834 	-0.0130854 	0.00433031 	6.69e-27
0.0232302 	-0.0133102 	0.00423901 	1.2042e-26
0.0236769 	-0.0135064 	0.00412898 	1.76299e-26
0.0241236 	-0.0136938 	0.00401312 	2.32913e-26
0.0245704 	-0.0138722 	0.00389204 	2.59239e-26
0.0250171 	-0.0140271 	0.00375723 	2.05719e-26
0.0254638 	-0.0141819 	0.00362241 	1.52199e-26
0.0259106 	-0.0143143 	0.00347608 	1.92814e-26
0.0263573 	-0.0144406 	0.00332663 	2.58831e-26
0.026804 	-0.0145592 	0.00317377 	3.42969e-26
0.0272508 	-0.0146599 	0.0030129 	4.69391e-26
0.0276975 	-0.0147606 	0.00285204 	5.95813e-26
0.0281442 	-0.0148423 	0.00268377 	5.1988e-26
0.028591 	-0.0149195 	0.00251379 	3.9725e-26
0.0290377 	-0.0149897 	0.00234139 	2.73387e-26
0.0294844 	-0.0150451 	0.00216397 	1.46965e-26
0.0299312 	-0.0151006 	0.00198654 	2.05435e-27
0.0303779 	-0.0151388 	0.00180387 	0
0.0308246 	-0.0151736 	0.00162018 	0
0.0312714 	-0.0152016 	0.0014346 	0
0.0317181 	-0.0152169 	0.00124551 	0
0.0321648 	-0.0152321 	0.00105642 	0
0.0326116 	-0.0152311 	0.00086321 	2.62672e-26
0.0330583 	-0.0152275 	0.000669348 	5.67219e-26
0.033505 	-0.015217 	0.000473884 	8.74249e-26
0.0339518 	-0.0151949 	0.000275751 	1.18542e-25
0.0343985 	-0.0151728 	7.7617e-05 	1.49658e-25
0.0348452 	-0.0151346 	-0.000123917 	1.2613e-25
0.035292 	-0.0150943 	-0.000325883 	9.56755e-26
0.0357387 	-0.0150467 	-0.000529187 	6.4956e-26
0.0361854 	-0.0149881 	-0.000734497 	3.38394e-26
0.0366322 	-0.0149294 	-0.000939807 	2.72271e-27
0.0370789 	-0.0148536 	-0.00114754 	-6.95674e-27
0.0375256 	-0.0147762 	-0.00135551 	-1.45806e-26
0.0379724 	-0.0146904 	-0.00156415 	-2.22218e-26
0.0384191 	-0.0145933 	-0.00177372 	-2.98866e-26
0.0388658 	-0.0144962 	-0.00198328 	-3.75513e-26
0.0393126 	-0.0143796 	-0.00219285 	-3.0883e-26
0.0397593 	-0.0142616 	-0.00240241 	-2.32592e-26
0.040206 	-0.0141336 	-0.00261093 	-1.5617e-26
0.0406528 	-0.0139931 	-0.00281817 	-7.9522e-27
0.0410995 	-0.0138526 	-0.0030254 	-2.87429e-28
0.0415462 	-0.0136884 	-0.00322721 	0
0.041993 	-0.0135232 	-0.00342881 	0
0.0424397 	-0.0133451 	-0.00362556 	0
0.0428864 	-0.0131525 	-0.00381698 	0
0.0433332 	-0.0129599 	-0.00400839 	0
0.0437799 	-0.012737 	-0.00418377 	-6.77414e-27
0.0442266 	-0.0125137 	-0.00435896 	-1.3634e-26
0.0446734 	-0.0122731 	-0.00452213 	-2.02449e-26
0.0451201 	-0.0120152 	-0.00467331 	-2.66068e-26
0.0455668 	-0.0117568 	-0.00482406 	-3.28034e-26
0.0460136 	-0.01146 	-0.00494166 	-2.59435e-26
0.0464603 	-0.0111633 	-0.00505926 	-1.90837e-26
0.046907 	-0.0108441 	-0.0051534 	-1.24852e-26
0.0473538 	-0.0105046 	-0.00522631 	-6.12332e-27
0.0478005 	-0.0101633 	-0.00529709 	1.54982e-28
0.0482472 	-0.00977846 	-0.00531343 	4.28785e-27
0.048694 	-0.00939359 	-0.00532977 	8.42071e-27
0.0491407 	-0.00898395 	-0.0053089 	1.2071e-26
0.0495874 	-0.00855406 	-0.00525761 	1.53265e-26
0.0500342 	-0.00812168 	-0.0052016 	1.81202e-26
0.0504809 	-0.00765208 	-0.00507491 	1.39873e-26
0.0509276 	-0.00718247 	-0.00494822 	9.85444e-27
0.0513744 	-0.00669709 	-0.00477746 	8.60455e-27
0.0518211 	-0.00620005 	-0.00457412 	9.48555e-27
0.0522678 	-0.00570239 	-0.00436482 	1.0529e-26
0.0527146 	-0.00519828 	-0.00409332 	1.32664e-26
0.0531613 	-0.00469416 	-0.00382182 	1.60038e-26
0.053608 	-0.0042023 	-0.00352148 	1.46169e-26
0.0540548 	-0.0037186 	-0.0032019 	1.04804e-26
0.0545015 	-0.00324064 	-0.00288035 	6.50131e-27
0.0549482 	-0.00280801 	-0.00254315 	3.76392e-27
0.055395 	-0.00237537 	-0.00220596 	1.02652e-27
0.0558417 	-0.00199146 	-0.00187985 	0
0.0562884 	-0.00163678 	-0.00156041 	0
0.0567352 	-0.00129493 	-0.00124774 	0
0.0571819 	-0.0010336 	-0.000977609 	0
0.0576286 	-0.000772265 	-0.000707479 	0
0.0580754 	-0.000571264 	-0.000482417 	0
0.0585221 	-0.00040275 	-0.000281623 	0
0.0589688 	-0.00024699 	-9.31649e-05 	-7.4263e-29
0.0594156 	-0.000156968 	3.1711e-05 	-5.31266e-28
0.0598623 	-6.69457e-05 	0.000156587 	-9.88269e-28
0.060309 	-1.58494e-05 	0.000231528 	-1.40357e-27
0.0607558 	1.65047e-05 	0.000282426 	-1.79879e-27
0.0612025 	4.1866e-05 	0.000320238 	-2.03423e-27
0.0616492 	3.69251e-05 	0.000301339 	-1.57722e-27
0.062096 	3.19843e-05 	0.000282441 	-1.12022e-27
0.0625427 	2.28232e-05 	0.000228816 	-7.06462e-28
0.0629894 	1.18534e-05 	0.000160309 	-3.11238e-28
0.0634362 	2.90891e-06 	9.734e-05 	0
0.0638829 	1.46991e-06 	5.48972e-05 	0
0.0643296 	3.08989e-08 	1.24545e-05 	0
0.0647764 	-3.15699e-07 	5.48863e-07 	0
0.0652231 	-2.47935e-07 	2.26272e-07 	0
0.0656698 	-2.02465e-07 	-1.98295e-08 	2.56911e-31
0.0661166 	-2.28571e-07 	-2.03605e-08 	1.33864e-30
0.0665633 	-2.54677e-07 	-2.08916e-08 	2.42037e-30
0.0670101 	-2.61467e-07 	-2.17325e-08 	3.58384e-30
0.0674568 	-2.61819e-07 	-2.26768e-08 	4.77456e-30
0.0679035 	-2.62035e-07 	-2.37412e-08 	5.36876e-30
0.0683503 	-2.6187e-07 	-2.51433e-08 	4.28703e-30
0.068797 	-2.61705e-07 	-2.65454e-08 	3.2053e-30
0.0692437 	-2.61104e-07 	-2.82951e-08 	2.0391e-30
0.0696905 	-2.60375e-07 	-3.01456e-08 	8.48387e-31
0.0701372 	-2.59479e-07 	-3.2115e-08 	0
0.0705839 	-2.58166e-07 	-3.43788e-08 	0
0.0710307 	-2.56854e-07 	-3.66426e-08 	0
0.0714774 	-2.55065e-07 	-3.92005e-08 	1.70171e-30
0.0719241 	-2.53158e-07 	-4.1832e-08 	3.82884e-30
0.0723709 	-2.51063e-07 	-4.45645e-08 	6.06129e-30
0.0728176 	-2.48554e-07 	-4.75194e-08 	8.52543e-30
0.0732643 	-2.46045e-07 	-5.04744e-08 	1.09896e-29
0.0737111 	-2.43035e-07 	-5.36665e-08 	9.66591e-30
0.0741578 	-2.39919e-07 	-5.6909e-08 	7.53878e-30
0.0746045 	-2.36597e-07 	-6.02402e-08 	5.2979e-30
0.0750513 	-2.32869e-07 	-6.37456e-08 	2.83376e-30
0.075498 	-2.29141e-07 	-6.7251e-08 	3.69621e-31
0.0759447 	-2.24889e-07 	-7.09698e-08 	0
0.0763915 	-2.20544e-07 	-7.47263e-08 	0
0.0768382 	-2.15974e-07 	-7.85742e-08 	0
0.0772849 	-2.11006e-07 	-8.25828e-08 	0
0.0777317 	-2.06039e-07 	-8.65914e-08 	0
0.0781784 	-2.00522e-07 	-9.08327e-08 	0
0.0786251 	-1.94926e-07 	-9.51074e-08 	0
0.0790719 	-1.89084e-07 	-9.94957e-08 	0
0.0795186 	-1.82855e-07 	-1.04064e-07 	0
0.0799653 	-1.76625e-07 	-1.08632e-07 	0
0.0804121 	-1.69823e-07 	-1.13501e-07 	0
0.0808588 	-1.62956e-07 	-1.18404e-07 	0
0.0813055 	-1.55827e-07 	-1.23467e-07 	0
0.0817523 	-1.48324e-07 	-1.28761e-07 	0
0.082199 	-1.40822e-07 	-1.34054e-07 	0
0.0826457 	-1.32739e-07 	-1.39776e-07 	0
0.0830925 	-1.2461e-07 	-1.45532e-07 	0
0.0835392 	-1.16216e-07 	-1.51529e-07 	0
0.0839859 	-1.07483e-07 	-1.57836e-07 	0
0.0844327 	-9.87501e-08 	-1.64143e-07 	0
0.0848794 	-8.94875e-08 	-1.71071e-07 	0
0.0853261 	-8.01969e-08 	-1.78032e-07 	0
0.0857729 	-7.06845e-08 	-1.85347e-07 	0
0.0862196 	-6.09142e-08 	-1.93074e-07 	0
0.0866663 	-5.11439e-08 	-2.008e-07 	0
0.0871131 	-4.10209e-08 	-2.09373e-07 	0
0.0875598 	-3.08888e-08 	-2.17967e-07 	0
0.0880065 	-2.06601e-08 	-1.78791e-07 	0
0.0884533 	-1.03301e-08 	-8.93954e-08 	0
0.0889 	-3.2402e-22 	-3.29066e-21 	0
