0 	0 	0 	0
0.000446734 	-3.00994e-05 	0.000260577 	-6.56376e-27
0.000893467 	-6.01988e-05 	0.000521155 	-1.31275e-26
0.0013402 	-0.000102591 	0.000659354 	-1.46544e-26
0.00178693 	-0.000156676 	0.000681144 	-1.139e-26
0.00223367 	-0.000211193 	0.000700774 	-8.1248e-27
0.0026804 	-0.000282561 	0.000636174 	-4.82539e-27
0.00312714 	-0.000353929 	0.000571574 	-1.52598e-27
0.00357387 	-0.000439397 	0.000518794 	0
0.0040206 	-0.000536998 	0.000476185 	0
0.00446734 	-0.000636534 	0.000436907 	0
0.00491407 	-0.000772843 	0.000460938 	0
0.0053608 	-0.000909153 	0.000484968 	0
0.00580754 	-0.00107112 	0.000544341 	0
0.00625427 	-0.00125304 	0.000631203 	0
0.00670101 	-0.00143844 	0.000721159 	-3.37295e-28
0.00714774 	-0.00166663 	0.000849285 	-4.83456e-27
0.00759447 	-0.00189482 	0.000977411 	-9.33182e-27
0.00804121 	-0.0021485 	0.00111773 	-1.32653e-26
0.00848794 	-0.00242006 	0.00126662 	-1.6803e-26
0.00893467 	-0.0026954 	0.00141601 	-1.95372e-26
0.00938141 	-0.00300469 	0.00157004 	-1.50399e-26
0.00982814 	-0.00331398 	0.00172406 	-1.05426e-26
0.0102749 	-0.00364127 	0.00187361 	-6.63313e-27
0.0107216 	-0.00397994 	0.00202034 	-3.09546e-27
0.0111683 	-0.00432099 	0.00216483 	1.91895e-29
0.0116151 	-0.00467863 	0.00229372 	1.72706e-28
0.0120618 	-0.00503627 	0.0024226 	3.26222e-28
0.0125085 	-0.00539883 	0.00253459 	9.53141e-28
0.0129553 	-0.00576419 	0.00263698 	1.84925e-27
0.013402 	-0.00612909 	0.00273444 	2.58791e-27
0.0138487 	-0.00649141 	0.00280402 	2.4344e-27
0.0142955 	-0.00685372 	0.00287359 	2.28088e-27
0.0147422 	-0.00720779 	0.00291896 	1.6354e-27
0.0151889 	-0.00755765 	0.00295199 	7.3929e-28
0.0156357 	-0.007904 	0.0029784 	0
0.0160824 	-0.00823376 	0.00297354 	0
0.0165291 	-0.00856352 	0.00296869 	0
0.0169759 	-0.00887538 	0.00293821 	0
0.0174226 	-0.00917909 	0.00289608 	0
0.0178693 	-0.00947671 	0.0028469 	0
0.0183161 	-0.00974996 	0.00276954 	0
0.0187628 	-0.0100232 	0.00269219 	0
0.0192095 	-0.0102725 	0.00259189 	0
0.0196563 	-0.0105122 	0.00248233 	0
0.020103 	-0.0107438 	0.00236635 	0
0.0205497 	-0.0109478 	0.00222827 	0
0.0209965 	-0.0111519 	0.00209018 	0
0.0214432 	-0.0113287 	0.00193404 	0
0.0218899 	-0.0114959 	0.00177148 	0
0.0223367 	-0.0116538 	0.00160387 	1.17498e-27
0.0227834 	-0.0117836 	0.00142111 	5.87491e-27
0.0232302 	-0.0119135 	0.00123835 	1.05748e-26
0.0236769 	-0.0120147 	0.00104352 	1.5508e-26
0.0241236 	-0.012107 	0.000844924 	2.05138e-26
0.0245704 	-0.012189 	0.000643199 	2.28505e-26
0.0250171 	-0.0122437 	0.000433211 	1.81506e-26
0.0254638 	-0.0122985 	0.000223223 	1.34506e-26
0.0259106 	-0.0123235 	7.82946e-06 	1.68006e-26
0.0263573 	-0.0123405 	-0.000209023 	2.23228e-26
0.026804 	-0.0123461 	-0.000426516 	2.93179e-26
0.0272508 	-0.0123249 	-0.0006455 	3.97499e-26
0.0276975 	-0.0123038 	-0.000864484 	5.01819e-26
0.0281442 	-0.0122509 	-0.00108105 	4.35839e-26
0.028591 	-0.0121907 	-0.00129706 	3.30559e-26
0.0290377 	-0.0121173 	-0.00151027 	2.25591e-26
0.0294844 	-0.0120165 	-0.00171768 	1.21272e-26
0.0299312 	-0.0119158 	-0.00192508 	1.69519e-27
0.0303779 	-0.0117794 	-0.00212001 	0
0.0308246 	-0.0116362 	-0.00231252 	0
0.0312714 	-0.0114773 	-0.00249735 	0
0.0317181 	-0.0112894 	-0.00266792 	0
0.0321648 	-0.0111014 	-0.00283849 	0
0.0326116 	-0.010873 	-0.00298346 	1.52845e-26
0.0330583 	-0.0106381 	-0.00312435 	3.30056e-26
0.033505 	-0.010385 	-0.00325104 	4.9825e-26
0.0339518 	-0.0101017 	-0.00335406 	6.51414e-26
0.0343985 	-0.00981835 	-0.00345709 	8.04578e-26
0.0348452 	-0.00949198 	-0.00351938 	6.64534e-26
0.035292 	-0.00916016 	-0.0035765 	4.87322e-26
0.0357387 	-0.00880995 	-0.00361248 	3.1973e-26
0.0361854 	-0.00843218 	-0.00361676 	1.66566e-26
0.0366322 	-0.00805441 	-0.00362103 	1.34019e-27
0.0370789 	-0.00764049 	-0.00357296 	-1.15241e-27
0.0375256 	-0.00722311 	-0.00351988 	-2.41533e-27
0.0379724 	-0.00679364 	-0.00344219 	-3.4725e-27
0.0384191 	-0.00634782 	-0.00333123 	-4.25132e-27
0.0388658 	-0.00590199 	-0.00322027 	-5.03014e-27
0.0393126 	-0.00544495 	-0.00305976 	-3.89483e-27
0.0397593 	-0.00498717 	-0.00289594 	-2.63191e-27
0.040206 	-0.00453351 	-0.00271349 	-1.58684e-27
0.0406528 	-0.0040849 	-0.00250826 	-8.08022e-28
0.0410995 	-0.0036363 	-0.00230304 	-2.92056e-29
0.0415462 	-0.00321925 	-0.00207478 	0
0.041993 	-0.00280344 	-0.00184563 	0
0.0424397 	-0.00241379 	-0.00161524 	0
0.0428864 	-0.00205307 	-0.0013835 	0
0.0433332 	-0.00169234 	-0.00115176 	0
0.0437799 	-0.0014022 	-0.000938533 	6.04005e-29
0.0442266 	-0.00111296 	-0.000725536 	1.21566e-28
0.0446734 	-0.000862865 	-0.00053043 	1.62381e-28
0.0451201 	-0.000651917 	-0.000353215 	1.82847e-28
0.0455668 	-0.000441904 	-0.000176573 	2.02292e-28
0.0460136 	-0.000305646 	-4.52021e-05 	1.41127e-28
0.0464603 	-0.000169388 	8.61693e-05 	7.9962e-29
0.046907 	-6.64155e-05 	0.000191498 	4.01641e-29
0.0473538 	6.44243e-06 	0.000273263 	1.96983e-29
0.0478005 	7.74768e-05 	0.000353148 	4.27732e-30
0.0482472 	0.000101708 	0.000384754 	1.18339e-28
0.048694 	0.000125939 	0.000416361 	2.32401e-28
0.0491407 	0.000132098 	0.000420387 	3.68733e-28
0.0495874 	0.000123472 	0.000401849 	5.23286e-28
0.0500342 	0.000113643 	0.000380037 	6.6105e-28
0.0504809 	8.57708e-05 	0.000309126 	5.46989e-28
0.0509276 	5.78988e-05 	0.000238216 	4.32927e-28
0.0513744 	3.57288e-05 	0.000169916 	2.96048e-28
0.0518211 	1.77734e-05 	0.000103548 	1.42305e-28
0.0522678 	1.33336e-06 	4.14741e-05 	2.33328e-30
0.0527146 	6.96423e-07 	2.41927e-05 	5.97607e-30
0.0531613 	5.94877e-08 	6.91135e-06 	9.61886e-30
0.053608 	-2.11938e-07 	8.03481e-10 	1.05901e-29
0.0540548 	-2.39691e-07 	4.13017e-09 	9.7802e-30
0.0545015 	-2.64748e-07 	7.2498e-09 	8.65163e-30
0.0549482 	-2.68543e-07 	8.73596e-09 	5.00884e-30
0.055395 	-2.72338e-07 	1.02221e-08 	1.36605e-30
0.0558417 	-2.75666e-07 	1.08415e-08 	0
0.0562884 	-2.78715e-07 	1.09409e-08 	0
0.0567352 	-2.81653e-07 	1.09384e-08 	0
0.0571819 	-2.83896e-07 	1.02967e-08 	0
0.0576286 	-2.86139e-07 	9.65509e-09 	0
0.0580754 	-2.87944e-07 	8.71867e-09 	0
0.0585221 	-2.89513e-07 	7.62351e-09 	0
0.0589688 	-2.90991e-07 	6.47683e-09 	-2.05338e-30
0.0594156 	-2.92001e-07 	5.06456e-09 	-1.46896e-29
0.0598623 	-2.93011e-07 	3.65229e-09 	-2.73258e-29
0.060309 	-2.93692e-07 	2.07853e-09 	-4.08034e-29
0.0607558 	-2.94213e-07 	4.2701e-10 	-5.46861e-29
0.0612025 	-2.94651e-07 	-1.25923e-09 	-6.35966e-29
0.0616492 	-2.94723e-07 	-3.09595e-09 	-5.09603e-29
0.062096 	-2.94795e-07 	-4.93266e-09 	-3.83241e-29
0.0625427 	-2.94567e-07 	-6.86972e-09 	-2.48154e-29
0.0629894 	-2.9421e-07 	-8.84978e-09 	-1.09326e-29
0.0634362 	-2.93765e-07 	-1.08532e-08 	0
0.0638829 	-2.92991e-07 	-1.29433e-08 	0
0.0643296 	-2.92217e-07 	-1.50335e-08 	0
0.0647764 	-2.91148e-07 	-1.71846e-08 	0
0.0652231 	-2.89966e-07 	-1.93588e-08 	0
0.0656698 	-2.88688e-07 	-2.15484e-08 	-2.36029e-30
0.0661166 	-2.87104e-07 	-2.37875e-08 	-1.22984e-29
0.0665633 	-2.85519e-07 	-2.60265e-08 	-2.22364e-29
0.0670101 	-2.83638e-07 	-2.83043e-08 	-3.2619e-29
0.0674568 	-2.81657e-07 	-3.05951e-08 	-4.31497e-29
0.0679035 	-2.79573e-07 	-3.28974e-08 	-4.83074e-29
0.0683503 	-2.77199e-07 	-3.52321e-08 	-3.83693e-29
0.068797 	-2.74826e-07 	-3.75669e-08 	-2.84312e-29
0.0692437 	-2.72152e-07 	-3.99336e-08 	-1.80339e-29
0.0696905 	-2.6939e-07 	-4.23096e-08 	-7.50314e-30
0.0701372 	-2.66517e-07 	-4.4698e-08 	0
0.0705839 	-2.63368e-07 	-4.71168e-08 	0
0.0710307 	-2.6022e-07 	-4.95357e-08 	0
0.0714774 	-2.56764e-07 	-5.19933e-08 	-1.03166e-29
0.0719241 	-2.5323e-07 	-5.44605e-08 	-2.32125e-29
0.0723709 	-2.49576e-07 	-5.69458e-08 	-3.62912e-29
0.0728176 	-2.45657e-07 	-5.94708e-08 	-4.97723e-29
0.0732643 	-2.41737e-07 	-6.19957e-08 	-6.32534e-29
0.0737111 	-2.37498e-07 	-6.45788e-08 	-5.49735e-29
0.0741578 	-2.3319e-07 	-6.71742e-08 	-4.20777e-29
0.0746045 	-2.2875e-07 	-6.97989e-08 	-2.89844e-29
0.0750513 	-2.24051e-07 	-7.24812e-08 	-1.55033e-29
0.075498 	-2.19351e-07 	-7.51635e-08 	-2.02217e-30
0.0759447 	-2.14314e-07 	-7.79367e-08 	0
0.0763915 	-2.09217e-07 	-8.07261e-08 	0
0.0768382 	-2.03973e-07 	-8.35631e-08 	0
0.0772849 	-1.98471e-07 	-8.64839e-08 	0
0.0777317 	-1.92969e-07 	-8.94048e-08 	0
0.0781784 	-1.87106e-07 	-9.24666e-08 	0
0.0786251 	-1.81192e-07 	-9.55484e-08 	0
0.0790719 	-1.75114e-07 	-9.87064e-08 	0
0.0795186 	-1.68779e-07 	-1.01985e-07 	0
0.0799653 	-1.62443e-07 	-1.05263e-07 	0
0.0804121 	-1.55722e-07 	-1.08756e-07 	0
0.0808588 	-1.48959e-07 	-1.12272e-07 	0
0.0813055 	-1.42017e-07 	-1.15909e-07 	0
0.0817523 	-1.3482e-07 	-1.19715e-07 	0
0.082199 	-1.27624e-07 	-1.23521e-07 	0
0.0826457 	-1.20029e-07 	-1.27651e-07 	0
0.0830925 	-1.12402e-07 	-1.31807e-07 	0
0.0835392 	-1.04591e-07 	-1.36147e-07 	0
0.0839859 	-9.65452e-08 	-1.40723e-07 	0
0.0844327 	-8.8499e-08 	-1.453e-07 	0
0.0848794 	-8.00818e-08 	-1.50352e-07 	0
0.0853261 	-7.1645e-08 	-1.55429e-07 	0
0.0857729 	-6.30518e-08 	-1.60777e-07 	0
0.0862196 	-5.42767e-08 	-1.6644e-07 	0
0.0866663 	-4.55017e-08 	-1.72103e-07 	0
0.0871131 	-3.64765e-08 	-1.78413e-07 	0
0.0875598 	-2.74449e-08 	-1.8474e-07 	0
0.0880065 	-1.83447e-08 	-1.51141e-07 	0
0.0884533 	-9.17233e-09 	-7.55707e-08 	0
0.0889 	-2.87304e-22 	-2.77356e-21 	0
