0 	0 	0 	0
0.000446734 	1.30383e-05 	0.000482336 	-7.22226e-26
0.000893467 	2.58432e-05 	0.000924672 	-1.23827e-25
0.0013402 	3.11891e-05 	0.00100162 	-1.13468e-25
0.00178693 	3.77726e-05 	0.000983138 	-8.78277e-26
0.00223367 	3.98126e-05 	0.000819029 	-4.10517e-26
0.0026804 	4.81867e-05 	0.000549638 	-1.50877e-26
0.00312714 	5.61095e-05 	0.000252201 	0
0.00357387 	7.4258e-05 	-7.93312e-05 	0
0.0040206 	9.06155e-05 	-0.000409567 	2.27932e-27
0.00446734 	0.000107903 	-0.000670832 	0
0.00491407 	0.00012293 	-0.000927053 	0
0.0053608 	0.000124344 	-0.00107442 	-3.18154e-26
0.00580754 	0.000117882 	-0.00119133 	-7.90654e-26
0.00625427 	0.000101863 	-0.00123706 	-1.37878e-25
0.00670101 	6.89584e-05 	-0.00122832 	-1.82719e-25
0.00714774 	3.62888e-05 	-0.00119478 	-1.9207e-25
0.00759447 	-1.50669e-05 	-0.00111467 	-1.23471e-25
0.00804121 	-6.36775e-05 	-0.00102997 	-3.06441e-26
0.00848794 	-0.000119218 	-0.000929528 	3.91196e-26
0.00893467 	-0.000177954 	-0.000827745 	1.0432e-25
0.00938141 	-0.000228463 	-0.000729492 	8.86749e-26
0.00982814 	-0.000285365 	-0.000633055 	6.73263e-26
0.0102749 	-0.0003303 	-0.000544481 	3.03125e-26
0.0107216 	-0.000378564 	-0.000462677 	9.95302e-27
0.0111683 	-0.000415288 	-0.000385293 	4.08507e-27
0.0116151 	-0.000450317 	-0.00031907 	2.09293e-26
0.0120618 	-0.000476964 	-0.000253057 	3.33087e-26
0.0125085 	-0.000496387 	-0.000200821 	6.49e-26
0.0129553 	-0.000514981 	-0.000147687 	9.83027e-26
0.013402 	-0.000515578 	-0.000105122 	1.05278e-25
0.0138487 	-0.000519224 	-6.4579e-05 	1.18166e-25
0.0142955 	-0.000509339 	-2.82308e-05 	1.11573e-25
0.0147422 	-0.000498907 	3.68952e-06 	9.40703e-26
0.0151889 	-0.000481259 	3.4604e-05 	7.77394e-26
0.0156357 	-0.000460047 	6.14947e-05 	4.80073e-26
0.0160824 	-0.000436936 	8.87003e-05 	2.83539e-26
0.0165291 	-0.000409619 	0.000114263 	4.03242e-26
0.0169759 	-0.000377201 	0.000139984 	5.5693e-26
0.0174226 	-0.000355597 	0.000167633 	8.56105e-26
0.0178693 	-0.000327528 	0.000195683 	1.09825e-25
0.0183161 	-0.000305954 	0.000227361 	1.03835e-25
0.0187628 	-0.00028223 	0.000261559 	8.85804e-26
0.0192095 	-0.00026778 	0.000298779 	6.75045e-26
0.0196563 	-0.000252368 	0.000341768 	6.30856e-26
0.020103 	-0.000246381 	0.00038576 	6.27428e-26
0.0205497 	-0.000241126 	0.000437463 	8.83291e-26
0.0209965 	-0.000226827 	0.000485635 	1.21408e-25
0.0214432 	-0.000247796 	0.000543663 	1.3404e-25
0.0218899 	-0.000251323 	0.000598351 	1.378e-25
0.0223367 	-0.000266689 	0.000645461 	1.12741e-25
0.0227834 	-0.000273463 	0.000688085 	7.63503e-26
0.0232302 	-0.000286396 	0.00071507 	3.74307e-26
0.0236769 	-0.000286661 	0.000720498 	1.38742e-26
0.0241236 	-0.000290082 	0.000712833 	0
0.0245704 	-0.000272561 	0.000655336 	0
0.0250171 	-0.000248627 	0.000591008 	0
0.0254638 	-0.000217544 	0.000474398 	0
0.0259106 	-0.000176567 	0.000351541 	0
0.0263573 	-0.000122172 	0.000211633 	0
0.026804 	-6.55e-05 	7.26092e-05 	0
0.0272508 	-1.95712e-05 	-2.34874e-05 	0
0.0276975 	3.99491e-06 	-6.43545e-05 	0
0.0281442 	1.44737e-05 	-7.81173e-05 	0
0.028591 	7.23776e-06 	-4.76078e-05 	0
0.0290377 	1.23882e-06 	-1.7137e-05 	0
0.0294844 	6.28863e-07 	-8.18489e-06 	0
0.0299312 	1.00872e-07 	-1.80566e-07 	0
0.0303779 	1.11625e-07 	-1.72433e-08 	-1.52818e-30
0.0308246 	1.28857e-07 	-1.37879e-08 	-3.67574e-30
0.0312714 	1.35352e-07 	-1.41348e-08 	-6.39748e-30
0.0317181 	1.37002e-07 	-1.60842e-08 	-1.0978e-29
0.0321648 	1.38498e-07 	-1.92884e-08 	-1.27493e-29
0.0326116 	1.38692e-07 	-2.39133e-08 	-1.06018e-29
0.0330583 	1.38951e-07 	-2.89849e-08 	-9.04039e-30
0.033505 	1.37903e-07 	-3.53293e-08 	-4.45991e-30
0.0339518 	1.36869e-07 	-4.16899e-08 	0
0.0343985 	1.35029e-07 	-4.90347e-08 	0
0.0348452 	1.32979e-07 	-5.63195e-08 	0
0.035292 	1.30482e-07 	-6.3959e-08 	0
0.0357387 	1.27696e-07 	-7.15822e-08 	0
0.0361854 	1.24684e-07 	-7.92495e-08 	0
0.0366322 	1.21416e-07 	-8.67667e-08 	0
0.0370789 	1.18038e-07 	-9.42607e-08 	0
0.0375256 	1.14513e-07 	-1.01369e-07 	0
0.0379724 	1.10966e-07 	-1.08484e-07 	0
0.0384191 	1.07301e-07 	-1.1504e-07 	0
0.0388658 	1.03699e-07 	-1.21549e-07 	0
0.0393126 	1.00039e-07 	-1.27561e-07 	8.45579e-29
0.0397593 	9.64968e-08 	-1.33367e-07 	2.34124e-28
0.040206 	9.29228e-08 	-1.38807e-07 	4.00625e-28
0.0406528 	8.95365e-08 	-1.43866e-07 	7.24904e-28
0.0410995 	8.60963e-08 	-1.48728e-07 	9.30591e-28
0.0415462 	8.29274e-08 	-1.5304e-07 	8.98753e-28
0.041993 	7.97147e-08 	-1.57337e-07 	9.52708e-28
0.0424397 	7.67399e-08 	-1.60919e-07 	6.10097e-28
0.0428864 	7.38228e-08 	-1.64512e-07 	2.27502e-28
0.0433332 	7.10134e-08 	-1.6756e-07 	1.12582e-28
0.0437799 	6.83624e-08 	-1.70477e-07 	-5.147e-30
0.0442266 	6.57634e-08 	-1.73037e-07 	-9.31208e-29
0.0446734 	6.33783e-08 	-1.75332e-07 	-3.48055e-29
0.0451201 	6.09873e-08 	-1.77436e-07 	0
0.0455668 	5.8858e-08 	-1.79166e-07 	0
0.0460136 	5.66938e-08 	-1.80859e-07 	0
0.0464603 	5.47797e-08 	-1.82071e-07 	0
0.046907 	5.289e-08 	-1.83297e-07 	0
0.0473538 	5.11157e-08 	-1.84136e-07 	0
0.0478005 	4.94457e-08 	-1.84915e-07 	0
0.0482472 	4.78343e-08 	-1.85448e-07 	0
0.048694 	4.63626e-08 	-1.85835e-07 	0
0.0491407 	4.49023e-08 	-1.86089e-07 	0
0.0495874 	4.36073e-08 	-1.86136e-07 	0
0.0500342 	4.22937e-08 	-1.86142e-07 	0
0.0504809 	4.11468e-08 	-1.85891e-07 	0
0.0509276 	4.00075e-08 	-1.85644e-07 	0
0.0513744 	3.89498e-08 	-1.85167e-07 	0
0.0518211 	3.79465e-08 	-1.84671e-07 	0
0.0522678 	3.69865e-08 	-1.84029e-07 	0
0.0527146 	3.6101e-08 	-1.8332e-07 	0
0.0531613 	3.52293e-08 	-1.82532e-07 	0
0.053608 	3.44452e-08 	-1.81646e-07 	0
0.0540548 	3.36536e-08 	-1.80729e-07 	0
0.0545015 	3.29555e-08 	-1.79696e-07 	0
0.0549482 	3.22569e-08 	-1.78662e-07 	0
0.055395 	3.16105e-08 	-1.77513e-07 	0
0.0558417 	3.09868e-08 	-1.7636e-07 	0
0.0562884 	3.03911e-08 	-1.75136e-07 	0
0.0567352 	2.98297e-08 	-1.73888e-07 	0
0.0571819 	2.92802e-08 	-1.726e-07 	0
0.0576286 	2.87712e-08 	-1.71277e-07 	0
0.0580754 	2.82624e-08 	-1.69937e-07 	0
0.0585221 	2.77972e-08 	-1.68557e-07 	0
0.0589688 	2.73306e-08 	-1.67175e-07 	0
0.0594156 	2.68957e-08 	-1.65752e-07 	0
0.0598623 	2.6467e-08 	-1.64331e-07 	0
0.060309 	2.60559e-08 	-1.62886e-07 	0
0.0607558 	2.56574e-08 	-1.61437e-07 	0
0.0612025 	2.52683e-08 	-1.59978e-07 	0
0.0616492 	2.48946e-08 	-1.58514e-07 	0
0.062096 	2.45248e-08 	-1.57045e-07 	0
0.0625427 	2.41714e-08 	-1.55576e-07 	0
0.0629894 	2.3818e-08 	-1.54105e-07 	0
0.0634362 	2.34813e-08 	-1.52637e-07 	4.65543e-29
0.0638829 	2.31443e-08 	-1.51171e-07 	1.0184e-28
0.0643296 	2.28188e-08 	-1.49711e-07 	1.41556e-28
0.0647764 	2.24951e-08 	-1.48255e-07 	1.9565e-28
0.0652231 	2.21791e-08 	-1.46806e-07 	1.95276e-28
0.0656698 	2.1866e-08 	-1.45368e-07 	1.39991e-28
0.0661166 	2.15583e-08 	-1.43934e-07 	9.97066e-29
0.0665633 	2.12535e-08 	-1.42518e-07 	4.56121e-29
0.0670101 	2.0951e-08 	-1.41101e-07 	-1.79201e-29
0.0674568 	2.06545e-08 	-1.39712e-07 	0
0.0679035 	2.03563e-08 	-1.38322e-07 	0
0.0683503 	2.00662e-08 	-1.36956e-07 	0
0.068797 	1.9773e-08 	-1.35597e-07 	0
0.0692437 	1.94865e-08 	-1.34256e-07 	1.99251e-29
0.0696905 	1.91971e-08 	-1.32931e-07 	6.83753e-29
0.0701372 	1.89135e-08 	-1.31617e-07 	1.0363e-28
0.0705839 	1.8627e-08 	-1.30328e-07 	1.51036e-28
0.0710307 	1.83444e-08 	-1.29041e-07 	1.95118e-28
0.0714774 	1.80611e-08 	-1.2779e-07 	1.43554e-28
0.0719241 	1.77765e-08 	-1.26539e-07 	9.51039e-29
0.0723709 	1.74985e-08 	-1.25322e-07 	6.03953e-29
0.0728176 	1.72153e-08 	-1.24111e-07 	1.29898e-29
0.0732643 	1.69381e-08 	-1.22924e-07 	0
0.0737111 	1.66557e-08 	-1.21755e-07 	0
0.0741578 	1.63792e-08 	-1.206e-07 	0
0.0746045 	1.60973e-08 	-1.19473e-07 	0
0.0750513 	1.58208e-08 	-1.18351e-07 	0
0.075498 	1.55395e-08 	-1.17266e-07 	0
0.0759447 	1.5258e-08 	-1.16182e-07 	0
0.0763915 	1.49818e-08 	-1.15136e-07 	0
0.0768382 	1.47e-08 	-1.14096e-07 	0
0.0772849 	1.4424e-08 	-1.13083e-07 	0
0.0777317 	1.4142e-08 	-1.12087e-07 	0
0.0781784 	1.38658e-08 	-1.11108e-07 	0
0.0786251 	1.35835e-08 	-1.10156e-07 	0
0.0790719 	1.3307e-08 	-1.0921e-07 	0
0.0795186 	1.30243e-08 	-1.08302e-07 	0
0.0799653 	1.27428e-08 	-1.07395e-07 	0
0.0804121 	1.24643e-08 	-1.06528e-07 	0
0.0808588 	1.21812e-08 	-1.05664e-07 	0
0.0813055 	1.19036e-08 	-1.04831e-07 	2.11671e-29
0.0817523 	1.16199e-08 	-1.04011e-07 	5.96802e-29
0.082199 	1.1342e-08 	-1.03212e-07 	1.2904e-28
0.0826457 	1.10579e-08 	-1.02437e-07 	1.66947e-28
0.0830925 	1.07796e-08 	-1.01671e-07 	1.93876e-28
0.0835392 	1.0495e-08 	-1.0094e-07 	2.29793e-28
0.0839859 	1.02126e-08 	-1.00208e-07 	2.54045e-28
0.0844327 	9.93126e-09 	-9.95197e-08 	2.90988e-28
0.0848794 	9.64624e-09 	-9.88323e-08 	3.26448e-28
0.0853261 	9.36674e-09 	-9.81766e-08 	2.86346e-28
0.0857729 	9.0813e-09 	-9.75327e-08 	2.11915e-28
0.0862196 	8.80146e-09 	-9.691e-08 	1.18311e-28
0.0866663 	8.51562e-09 	-9.63093e-08 	4.49444e-29
0.0871131 	8.23545e-09 	-9.57195e-08 	0
0.0875598 	7.94925e-09 	-9.51617e-08 	0
0.0880065 	7.6662e-09 	-9.46045e-08 	0
0.0884533 	7.38221e-09 	-9.40894e-08 	6.14836e-29
0.0889 	7.09567e-09 	-9.35743e-08 	1.31326e-28
