5.55112e-20 	-1.24507e-20 	4.75988e-19 	0
0.000446734 	-0.000130735 	0.00351499 	8.72882e-29
0.000893467 	-0.00047671 	0.00513784 	4.52633e-28
0.0013402 	-0.000956251 	0.00602066 	2.61535e-28
0.00178693 	-0.00138603 	0.00639179 	-2.42635e-30
0.00223367 	-0.00186687 	0.00646181 	-2.3145e-30
0.0026804 	-0.00229919 	0.00641398 	0
0.00312714 	-0.00270416 	0.00619135 	0
0.00357387 	-0.00310848 	0.00592554 	0
0.0040206 	-0.00341704 	0.00550263 	0
0.00446734 	-0.00377705 	0.00506772 	0
0.00491407 	-0.00400333 	0.00448571 	0
0.0053608 	-0.00429026 	0.00390508 	0
0.00580754 	-0.00443235 	0.00319284 	0
0.00625427 	-0.0045901 	0.00247919 	0
0.00670101 	-0.00467559 	0.00169459 	1.93862e-28
0.00714774 	-0.00467553 	0.000902948 	9.08964e-28
0.00759447 	-0.00469756 	8.89432e-05 	0
0.00804121 	-0.00455433 	-0.000706647 	1.41262e-27
0.00848794 	-0.00450076 	-0.00149697 	0
0.00893467 	-0.00426358 	-0.0022321 	-1.04235e-27
0.00938141 	-0.00410807 	-0.00293939 	2.35204e-28
0.00982814 	-0.00380659 	-0.00354945 	3.94928e-27
0.0102749 	-0.00351757 	-0.00408723 	1.51342e-26
0.0107216 	-0.00318843 	-0.00451784 	1.76286e-26
0.0111683 	-0.00278704 	-0.00479 	1.17928e-26
0.0116151 	-0.00244596 	-0.00499103 	9.69433e-27
0.0120618 	-0.0020053 	-0.00496957 	4.24662e-27
0.0125085 	-0.00166255 	-0.00490989 	7.28798e-28
0.0129553 	-0.00126768 	-0.00464732 	-4.6008e-29
0.013402 	-0.000941417 	-0.00436971 	1.70018e-30
0.0138487 	-0.000635782 	-0.00394582 	2.62248e-28
0.0142955 	-0.000351571 	-0.0035219 	6.18615e-29
0.0147422 	-0.000135373 	-0.00304235 	1.58088e-27
0.0151889 	6.69718e-05 	-0.00258386 	6.04382e-27
0.0156357 	0.000212199 	-0.00213778 	8.42725e-27
0.0160824 	0.000317892 	-0.00175316 	7.41738e-27
0.0165291 	0.000399048 	-0.00141312 	8.07828e-27
0.0169759 	0.000419529 	-0.00114955 	3.82034e-27
0.0174226 	0.000444181 	-0.000950666 	2.08039e-28
0.0178693 	0.000409187 	-0.000828492 	-3.05655e-27
0.0183161 	0.000380904 	-0.000772942 	-7.90605e-27
0.0187628 	0.000320269 	-0.000770863 	-9.14231e-27
0.0192095 	0.000257577 	-0.000826864 	-8.8274e-27
0.0196563 	0.000195134 	-0.000892963 	-7.89971e-27
0.020103 	0.00013168 	-0.00095966 	-2.89635e-27
0.0205497 	7.82656e-05 	-0.00100966 	-5.13296e-28
0.0209965 	3.18807e-05 	-0.000952566 	7.05652e-28
0.0214432 	-1.87457e-06 	-0.000856609 	0
0.0218899 	-9.06091e-06 	-0.000545115 	2.36056e-28
0.0223367 	-2.82002e-06 	-0.000151439 	3.40465e-30
0.0227834 	-5.24901e-07 	-8.76007e-06 	0
0.0232302 	-3.08948e-07 	-3.88069e-06 	0
0.0236769 	-1.21609e-07 	-7.03235e-08 	0
0.0241236 	-1.66383e-07 	-6.14925e-08 	0
0.0245704 	-1.9861e-07 	-5.56128e-08 	0
0.0250171 	-2.0119e-07 	-4.9534e-08 	0
0.0254638 	-1.99172e-07 	-4.55192e-08 	1.8644e-30
0.0259106 	-1.97413e-07 	-4.12698e-08 	1.03954e-29
0.0263573 	-1.95555e-07 	-3.80608e-08 	2.45176e-29
0.026804 	-1.94123e-07 	-3.4903e-08 	2.15855e-29
0.0272508 	-1.92543e-07 	-3.22963e-08 	8.99838e-30
0.0276975 	-1.91361e-07 	-2.99056e-08 	1.36157e-32
0.0281442 	-1.90031e-07 	-2.77885e-08 	-7.68477e-30
0.028591 	-1.89027e-07 	-2.59795e-08 	-1.569e-29
0.0290377 	-1.87941e-07 	-2.42437e-08 	-8.68465e-30
0.0294844 	-1.87063e-07 	-2.28893e-08 	-3.99267e-30
0.0299312 	-1.86197e-07 	-2.15242e-08 	-1.04982e-29
0.0303779 	-1.85379e-07 	-2.04764e-08 	-1.51977e-29
0.0308246 	-1.84667e-07 	-1.94524e-08 	-1.73558e-29
0.0312714 	-1.83901e-07 	-1.86313e-08 	-2.30368e-29
0.0317181 	-1.83257e-07 	-1.79037e-08 	-2.0005e-29
0.0321648 	-1.8253e-07 	-1.72799e-08 	-1.22993e-29
0.0326116 	-1.81888e-07 	-1.68024e-08 	-9.3445e-30
0.0330583 	-1.8119e-07 	-1.63519e-08 	-2.92772e-30
0.033505 	-1.80509e-07 	-1.60758e-08 	-4.5185e-31
0.0339518 	-1.79826e-07 	-1.57987e-08 	0
0.0343985 	-1.79094e-07 	-1.5663e-08 	1.74363e-31
0.0348452 	-1.7839e-07 	-1.55534e-08 	1.50606e-30
0.035292 	-1.77613e-07 	-1.55143e-08 	1.09711e-30
0.0357387 	-1.76858e-07 	-1.55391e-08 	2.40128e-30
0.0361854 	-1.76037e-07 	-1.55838e-08 	2.85829e-30
0.0366322 	-1.75208e-07 	-1.57076e-08 	2.76295e-30
0.0370789 	-1.74341e-07 	-1.58238e-08 	7.56582e-30
0.0375256 	-1.73428e-07 	-1.60131e-08 	1.07333e-29
0.0379724 	-1.7251e-07 	-1.61974e-08 	9.84363e-30
0.0384191 	-1.71519e-07 	-1.64257e-08 	1.09418e-29
0.0388658 	-1.70531e-07 	-1.66697e-08 	6.76385e-30
0.0393126 	-1.6948e-07 	-1.69169e-08 	2.18691e-30
0.0397593 	-1.68416e-07 	-1.71995e-08 	0
0.040206 	-1.6731e-07 	-1.74638e-08 	0
0.0406528 	-1.6617e-07 	-1.77619e-08 	0
0.0410995 	-1.6501e-07 	-1.80366e-08 	0
0.0415462 	-1.63798e-07 	-1.833e-08 	0
0.041993 	-1.62586e-07 	-1.86158e-08 	0
0.0424397 	-1.61311e-07 	-1.88956e-08 	0
0.0428864 	-1.60035e-07 	-1.91827e-08 	0
0.0433332 	-1.58718e-07 	-1.94459e-08 	0
0.0437799 	-1.57381e-07 	-1.97247e-08 	0
0.0442266 	-1.56023e-07 	-1.99749e-08 	0
0.0446734 	-1.54634e-07 	-2.0233e-08 	-1.46395e-30
0.0451201 	-1.5324e-07 	-2.04677e-08 	-2.37092e-30
0.0455668 	-1.51808e-07 	-2.06966e-08 	-4.31208e-30
0.0460136 	-1.50379e-07 	-2.09182e-08 	-1.27698e-29
0.0464603 	-1.48911e-07 	-2.11162e-08 	-1.63002e-29
0.046907 	-1.47442e-07 	-2.13167e-08 	-1.67966e-29
0.0473538 	-1.45953e-07 	-2.14891e-08 	-1.71962e-29
0.0478005 	-1.44449e-07 	-2.16649e-08 	-1.06509e-29
0.0482472 	-1.42941e-07 	-2.1816e-08 	-3.86863e-30
0.048694 	-1.41411e-07 	-2.19629e-08 	0
0.0491407 	-1.39885e-07 	-2.2093e-08 	0
0.0495874 	-1.38338e-07 	-2.22093e-08 	0
0.0500342 	-1.36795e-07 	-2.232e-08 	0
0.0504809 	-1.35238e-07 	-2.2407e-08 	0
0.0509276 	-1.33679e-07 	-2.24941e-08 	0
0.0513744 	-1.32117e-07 	-2.25581e-08 	3.12233e-31
0.0518211 	-1.30546e-07 	-2.26197e-08 	5.03978e-30
0.0522678 	-1.28981e-07 	-2.26648e-08 	1.27656e-29
0.0527146 	-1.27405e-07 	-2.27012e-08 	1.67629e-29
0.0531613 	-1.25838e-07 	-2.27284e-08 	1.59572e-29
0.053608 	-1.24263e-07 	-2.27411e-08 	1.47491e-29
0.0540548 	-1.22694e-07 	-2.27514e-08 	6.7131e-30
0.0545015 	-1.21125e-07 	-2.27429e-08 	2.2462e-30
0.0549482 	-1.19557e-07 	-2.27343e-08 	3.01319e-30
0.055395 	-1.17996e-07 	-2.27095e-08 	1.85693e-30
0.0558417 	-1.16432e-07 	-2.26806e-08 	4.96468e-30
0.0562884 	-1.14879e-07 	-2.2643e-08 	3.67677e-30
0.0567352 	-1.13323e-07 	-2.25956e-08 	1.9528e-30
0.0571819 	-1.11778e-07 	-2.25457e-08 	2.36253e-30
0.0576286 	-1.10235e-07 	-2.24829e-08 	1.54953e-31
0.0580754 	-1.08699e-07 	-2.24211e-08 	0
0.0585221 	-1.07171e-07 	-2.23459e-08 	0
0.0589688 	-1.05644e-07 	-2.22711e-08 	0
0.0594156 	-1.04133e-07 	-2.21865e-08 	-6.72686e-31
0.0598623 	-1.02621e-07 	-2.20978e-08 	-5.47523e-30
0.060309 	-1.01123e-07 	-2.20066e-08 	-1.33487e-29
0.0607558 	-9.96273e-08 	-2.19059e-08 	-1.61265e-29
0.0612025 	-9.81431e-08 	-2.18076e-08 	-1.57829e-29
0.0616492 	-9.66661e-08 	-2.1698e-08 	-1.39288e-29
0.062096 	-9.5196e-08 	-2.15931e-08 	-5.96162e-30
0.0625427 	-9.37395e-08 	-2.14783e-08 	-1.9804e-30
0.0629894 	-9.22837e-08 	-2.13652e-08 	-3.03113e-30
0.0634362 	-9.08477e-08 	-2.12468e-08 	-1.93705e-30
0.0638829 	-8.94115e-08 	-2.11253e-08 	-5.03755e-30
0.0643296 	-8.79918e-08 	-2.10054e-08 	-3.06524e-30
0.0647764 	-8.65762e-08 	-2.08766e-08 	-2.01236e-30
0.0652231 	-8.51725e-08 	-2.07536e-08 	-2.01468e-30
0.0656698 	-8.37784e-08 	-2.0621e-08 	0
0.0661166 	-8.23909e-08 	-2.04953e-08 	0
0.0665633 	-8.10188e-08 	-2.03623e-08 	0
0.0670101 	-7.96475e-08 	-2.02322e-08 	0
0.0674568 	-7.82973e-08 	-2.01e-08 	9.45841e-31
0.0679035 	-7.6947e-08 	-1.99655e-08 	5.47116e-30
0.0683503 	-7.5614e-08 	-1.98351e-08 	1.28066e-29
0.068797 	-7.42855e-08 	-1.9697e-08 	1.4416e-29
0.0692437 	-7.29689e-08 	-1.95664e-08 	1.45757e-29
0.0696905 	-7.16622e-08 	-1.94279e-08 	1.20133e-29
0.0701372 	-7.0362e-08 	-1.92972e-08 	4.9219e-30
0.0705839 	-6.90769e-08 	-1.9161e-08 	1.48014e-30
0.0710307 	-6.77931e-08 	-1.90288e-08 	5.14966e-30
0.0714774 	-6.65291e-08 	-1.88961e-08 	1.03045e-29
0.0719241 	-6.52653e-08 	-1.87623e-08 	4.34294e-30
0.0723709 	-6.40184e-08 	-1.86334e-08 	-6.29348e-31
0.0728176 	-6.27757e-08 	-1.84987e-08 	-8.33681e-30
0.0732643 	-6.15445e-08 	-1.83718e-08 	-2.12465e-29
0.0737111 	-6.03225e-08 	-1.82385e-08 	-2.22837e-29
0.0741578 	-5.91067e-08 	-1.81132e-08 	-1.4541e-29
0.0746045 	-5.79046e-08 	-1.79837e-08 	-1.10522e-29
0.0750513 	-5.67042e-08 	-1.78589e-08 	-3.90405e-30
0.075498 	-5.55215e-08 	-1.77345e-08 	-5.5637e-31
0.0759447 	-5.43387e-08 	-1.76099e-08 	0
0.0763915 	-5.31723e-08 	-1.74904e-08 	0
0.0768382 	-5.2009e-08 	-1.73667e-08 	0
0.0772849 	-5.08564e-08 	-1.72507e-08 	0
0.0777317 	-4.97118e-08 	-1.71294e-08 	0
0.0781784 	-4.85731e-08 	-1.70159e-08 	0
0.0786251 	-4.74463e-08 	-1.6899e-08 	0
0.0790719 	-4.63212e-08 	-1.67875e-08 	0
0.0795186 	-4.52112e-08 	-1.66764e-08 	-5.69603e-31
0.0799653 	-4.41011e-08 	-1.6566e-08 	-3.77872e-30
0.0804121 	-4.30059e-08 	-1.64606e-08 	-9.92311e-30
0.0808588 	-4.19128e-08 	-1.63522e-08 	-9.20576e-30
0.0813055 	-4.08295e-08 	-1.62511e-08 	-1.03615e-29
0.0817523 	-3.97527e-08 	-1.61456e-08 	-9.58824e-30
0.082199 	-3.86812e-08 	-1.60475e-08 	-3.94823e-30
0.0826457 	-3.76196e-08 	-1.59467e-08 	-4.3587e-30
0.0830925 	-3.65596e-08 	-1.58514e-08 	-1.09645e-29
0.0835392 	-3.55121e-08 	-1.57566e-08 	-1.3469e-29
0.0839859 	-3.44642e-08 	-1.5663e-08 	-1.3292e-29
0.0844327 	-3.34295e-08 	-1.55741e-08 	-1.27999e-29
0.0848794 	-3.2396e-08 	-1.54831e-08 	-7.20716e-30
0.0853261 	-3.13709e-08 	-1.53988e-08 	-2.2571e-30
0.0857729 	-3.0351e-08 	-1.5311e-08 	1.423e-31
0.0862196 	-2.93356e-08 	-1.52299e-08 	1.51804e-31
0.0866663 	-2.83281e-08 	-1.51467e-08 	1.15123e-30
0.0871131 	-2.73221e-08 	-1.50688e-08 	2.47324e-30
0.0875598 	-2.63258e-08 	-1.49914e-08 	2.5262e-30
0.0880065 	-2.53291e-08 	-1.49154e-08 	8.86988e-30
0.0884533 	-2.43433e-08 	-1.48437e-08 	1.12004e-29
0.0889 	-2.3358e-08 	-1.47707e-08 	1.02511e-29
