0 	506.15 	8.1893e-06
0.000446734 	506.129 	8.18167e-06
0.000893467 	506.108 	8.17403e-06
0.0013402 	506.086 	8.15944e-06
0.00178693 	506.065 	8.13821e-06
0.00223367 	506.044 	8.11683e-06
0.0026804 	506.023 	8.0893e-06
0.00312714 	506.002 	8.06176e-06
0.00357387 	505.982 	8.03548e-06
0.0040206 	505.961 	8.01027e-06
0.00446734 	505.94 	7.98507e-06
0.00491407 	505.92 	7.95981e-06
0.0053608 	505.899 	7.93456e-06
0.00580754 	505.879 	7.90056e-06
0.00625427 	505.859 	7.85975e-06
0.00670101 	505.839 	7.81654e-06
0.00714774 	505.82 	7.74382e-06
0.00759447 	505.8 	7.67111e-06
0.00804121 	505.781 	7.57667e-06
0.00848794 	505.762 	7.46697e-06
0.00893467 	505.744 	7.35418e-06
0.00938141 	505.725 	7.21346e-06
0.00982814 	505.707 	7.07275e-06
0.0102749 	505.689 	6.91836e-06
0.0107216 	505.672 	6.75531e-06
0.0111683 	505.654 	6.59008e-06
0.0116151 	505.638 	6.40958e-06
0.0120618 	505.621 	6.22909e-06
0.0125085 	505.605 	6.03662e-06
0.0129553 	505.59 	5.83734e-06
0.013402 	505.574 	5.63412e-06
0.0138487 	505.56 	5.40852e-06
0.0142955 	505.545 	5.18292e-06
0.0147422 	505.531 	4.93148e-06
0.0151889 	505.518 	4.66687e-06
0.0156357 	505.504 	4.39256e-06
0.0160824 	505.492 	4.07256e-06
0.0165291 	505.48 	3.75255e-06
0.0169759 	505.468 	3.38215e-06
0.0174226 	505.457 	2.98885e-06
0.0178693 	505.446 	2.5776e-06
0.0183161 	505.436 	2.09456e-06
0.0187628 	505.427 	1.61151e-06
0.0192095 	505.418 	1.05626e-06
0.0196563 	505.409 	4.71861e-07
0.020103 	505.4 	-1.36237e-07
0.0205497 	505.393 	-8.25977e-07
0.0209965 	505.385 	-1.51572e-06
0.0214432 	505.378 	-2.2794e-06
0.0218899 	505.372 	-3.06941e-06
0.0223367 	505.366 	-3.88101e-06
0.0227834 	505.36 	-4.7574e-06
0.0232302 	505.355 	-5.63379e-06
0.0236769 	505.35 	-6.56009e-06
0.0241236 	505.345 	-7.50193e-06
0.0245704 	505.341 	-8.45479e-06
0.0250171 	505.337 	-9.43669e-06
0.0254638 	505.333 	-1.04186e-05
0.0259106 	505.329 	-1.14106e-05
0.0263573 	505.326 	-1.24052e-05
0.026804 	505.323 	-1.33956e-05
0.0272508 	505.32 	-1.43761e-05
0.0276975 	505.317 	-1.53565e-05
0.0281442 	505.315 	-1.63045e-05
0.028591 	505.313 	-1.72451e-05
0.0290377 	505.311 	-1.81652e-05
0.0294844 	505.309 	-1.90425e-05
0.0299312 	505.307 	-1.99199e-05
0.0303779 	505.305 	-2.07265e-05
0.0308246 	505.303 	-2.15194e-05
0.0312714 	505.302 	-2.22762e-05
0.0317181 	505.3 	-2.29656e-05
0.0321648 	505.299 	-2.36551e-05
0.0326116 	505.298 	-2.42406e-05
0.0330583 	505.296 	-2.48095e-05
0.033505 	505.295 	-2.53276e-05
0.0339518 	505.294 	-2.57608e-05
0.0343985 	505.293 	-2.6194e-05
0.0348452 	505.291 	-2.64949e-05
0.035292 	505.29 	-2.6779e-05
0.0357387 	505.289 	-2.69987e-05
0.0361854 	505.288 	-2.7122e-05
0.0366322 	505.287 	-2.72453e-05
0.0370789 	505.286 	-2.72128e-05
0.0375256 	505.285 	-2.71653e-05
0.0379724 	505.284 	-2.7042e-05
0.0384191 	505.282 	-2.68158e-05
0.0388658 	505.281 	-2.65897e-05
0.0393126 	505.28 	-2.61901e-05
0.0397593 	505.279 	-2.57789e-05
0.040206 	505.278 	-2.52825e-05
0.0406528 	505.276 	-2.46818e-05
0.0410995 	505.275 	-2.40811e-05
0.0415462 	505.274 	-2.32964e-05
0.041993 	505.272 	-2.25045e-05
0.0424397 	505.271 	-2.16225e-05
0.0428864 	505.269 	-2.06407e-05
0.0433332 	505.268 	-1.9659e-05
0.0437799 	505.266 	-1.84941e-05
0.0442266 	505.265 	-1.7327e-05
0.0446734 	505.263 	-1.6071e-05
0.0451201 	505.261 	-1.47264e-05
0.0455668 	505.26 	-1.33797e-05
0.0460136 	505.258 	-1.18698e-05
0.0464603 	505.256 	-1.036e-05
0.046907 	505.254 	-8.77229e-06
0.0473538 	505.252 	-7.11423e-06
0.0478005 	505.25 	-5.45146e-06
0.0482472 	505.247 	-3.66767e-06
0.048694 	505.245 	-1.88387e-06
0.0491407 	505.243 	-4.64725e-08
0.0495874 	505.24 	1.83479e-06
0.0500342 	505.238 	3.72002e-06
0.0504809 	505.235 	5.66461e-06
0.0509276 	505.233 	7.6092e-06
0.0513744 	505.23 	9.56739e-06
0.0518211 	505.227 	1.15356e-05
0.0522678 	505.224 	1.35021e-05
0.0527146 	505.221 	1.54496e-05
0.0531613 	505.218 	1.73972e-05
0.053608 	505.215 	1.93039e-05
0.0540548 	505.211 	2.11833e-05
0.0545015 	505.208 	2.30497e-05
0.0549482 	505.204 	2.48126e-05
0.055395 	505.201 	2.65756e-05
0.0558417 	505.197 	2.82368e-05
0.0562884 	505.193 	2.9837e-05
0.0567352 	505.189 	3.14092e-05
0.0571819 	505.185 	3.28059e-05
0.0576286 	505.181 	3.42026e-05
0.0580754 	505.177 	3.5447e-05
0.0585221 	505.173 	3.66094e-05
0.0589688 	505.168 	3.77309e-05
0.0594156 	505.164 	3.86421e-05
0.0598623 	505.159 	3.95532e-05
0.060309 	505.154 	4.02951e-05
0.0607558 	505.15 	4.09556e-05
0.0612025 	505.145 	4.15729e-05
0.0616492 	505.14 	4.20025e-05
0.062096 	505.135 	4.24321e-05
0.0625427 	505.13 	4.27263e-05
0.0629894 	505.124 	4.29623e-05
0.0634362 	505.119 	4.31677e-05
0.0638829 	505.114 	4.32594e-05
0.0643296 	505.108 	4.3351e-05
0.0647764 	505.103 	4.3376e-05
0.0652231 	505.097 	4.33756e-05
0.0656698 	505.091 	4.33644e-05
0.0661166 	505.086 	4.33181e-05
0.0665633 	505.08 	4.32718e-05
0.0670101 	505.074 	4.32162e-05
0.0674568 	505.068 	4.31575e-05
0.0679035 	505.062 	4.31005e-05
0.0683503 	505.055 	4.30485e-05
0.068797 	505.049 	4.29965e-05
0.0692437 	505.043 	4.29555e-05
0.0696905 	505.037 	4.29176e-05
0.0701372 	505.03 	4.28842e-05
0.0705839 	505.024 	4.28619e-05
0.0710307 	505.017 	4.28396e-05
0.0714774 	505.011 	4.28372e-05
0.0719241 	505.005 	4.28398e-05
0.0723709 	504.998 	4.28446e-05
0.0728176 	504.989 	4.28545e-05
0.0732643 	504.981 	4.28643e-05
0.0737111 	504.963 	4.28661e-05
0.0741578 	504.943 	4.28661e-05
0.0746045 	504.909 	4.28966e-05
0.0750513 	504.849 	4.29867e-05
0.075498 	504.789 	4.30768e-05
0.0759447 	504.704 	4.36984e-05
0.0763915 	504.615 	4.44138e-05
0.0768382 	504.525 	4.53097e-05
0.0772849 	504.436 	4.6523e-05
0.0777317 	504.348 	4.77364e-05
0.0781784 	504.259 	4.88926e-05
0.0786251 	504.171 	5.00406e-05
0.0790719 	504.083 	5.11657e-05
0.0795186 	503.995 	5.22547e-05
0.0799653 	503.907 	5.33437e-05
0.0804121 	503.819 	5.43698e-05
0.0808588 	503.731 	5.5389e-05
0.0813055 	503.643 	5.63726e-05
0.0817523 	503.555 	5.73057e-05
0.082199 	503.468 	5.82387e-05
0.0826457 	503.38 	5.90758e-05
0.0830925 	503.292 	5.99051e-05
0.0835392 	503.204 	6.06814e-05
0.0839859 	503.117 	6.13895e-05
0.0844327 	503.029 	6.20977e-05
0.0848794 	502.941 	6.26756e-05
0.0853261 	502.853 	6.32466e-05
0.0857729 	502.765 	6.37476e-05
0.0862196 	502.677 	6.41672e-05
0.0866663 	502.589 	6.45868e-05
0.0871131 	502.502 	6.48478e-05
0.0875598 	502.414 	6.51046e-05
0.0880065 	502.326 	6.52784e-05
0.0884533 	502.238 	6.53649e-05
0.0889 	502.15 	6.54514e-05
