0 	0 	0 	0
0.000446734 	5.21343e-06 	0.000194536 	-8.31251e-27
0.000893467 	1.04269e-05 	0.000389071 	-1.6625e-26
0.0013402 	1.59421e-05 	0.000480674 	-1.85692e-26
0.00178693 	2.17443e-05 	0.000474365 	-1.44556e-26
0.00223367 	2.7529e-05 	0.000465594 	-1.03398e-26
0.0026804 	3.26284e-05 	0.000360761 	-6.14092e-27
0.00312714 	3.77279e-05 	0.000255928 	-1.942e-27
0.00357387 	3.81073e-05 	0.000145834 	0
0.0040206 	3.44253e-05 	3.12117e-05 	0
0.00446734 	2.94388e-05 	-8.0764e-05 	0
0.00491407 	-3.35366e-07 	-0.000142457 	0
0.0053608 	-3.01095e-05 	-0.00020415 	0
0.00580754 	-8.39695e-05 	-0.000221378 	0
0.00625427 	-0.000156563 	-0.000204023 	0
0.00670101 	-0.000233121 	-0.000181227 	-5.32807e-28
0.00714774 	-0.000358572 	-9.13353e-05 	-7.63691e-27
0.00759447 	-0.000484023 	-1.44373e-06 	-1.4741e-26
0.00804121 	-0.000643815 	0.000119354 	-2.14344e-26
0.00848794 	-0.000827718 	0.000261851 	-2.78393e-26
0.00893467 	-0.00101794 	0.000407925 	-3.28934e-26
0.00938141 	-0.00126498 	0.000586188 	-2.57893e-26
0.00982814 	-0.00151202 	0.000764451 	-1.86852e-26
0.0102749 	-0.00179985 	0.000958624 	-1.20093e-26
0.0107216 	-0.00211349 	0.00116286 	-5.60434e-27
0.0111683 	-0.00243533 	0.00136947 	-1.92265e-28
0.0116151 	-0.00281458 	0.00159265 	-1.73039e-27
0.0120618 	-0.00319382 	0.00181584 	-3.26851e-27
0.0125085 	-0.0036095 	0.00204522 	-4.31012e-27
0.0129553 	-0.00404588 	0.00227812 	-5.06939e-27
0.013402 	-0.00448837 	0.00251051 	-5.48405e-27
0.0138487 	-0.00496544 	0.00274001 	-3.94593e-27
0.0142955 	-0.00544251 	0.0029695 	-2.40781e-27
0.0147422 	-0.00593193 	0.00318655 	-1.38567e-27
0.0151889 	-0.00642765 	0.00339726 	-6.26401e-28
0.0156357 	-0.00692254 	0.00360215 	0
0.0160824 	-0.00741349 	0.00377961 	0
0.0165291 	-0.00790443 	0.00395707 	0
0.0169759 	-0.00837788 	0.00410427 	0
0.0174226 	-0.00884337 	0.00423771 	0
0.0178693 	-0.00930075 	0.00436125 	0
0.0183161 	-0.00972572 	0.00444514 	0
0.0187628 	-0.0101507 	0.00452903 	0
0.0192095 	-0.0105408 	0.00457739 	0
0.0196563 	-0.0109169 	0.00461143 	0
0.020103 	-0.0112814 	0.0046351 	0
0.0205497 	-0.0116063 	0.00462311 	0
0.0209965 	-0.0119313 	0.00461112 	0
0.0214432 	-0.0122201 	0.00456986 	0
0.0218899 	-0.0124961 	0.00451818 	0
0.0223367 	-0.0127611 	0.00445838 	1.1064e-27
0.0227834 	-0.012993 	0.00437423 	5.532e-27
0.0232302 	-0.0132249 	0.00429009 	9.95759e-27
0.0236769 	-0.0134274 	0.00418643 	1.46442e-26
0.0241236 	-0.0136208 	0.0040767 	1.94121e-26
0.0245704 	-0.0138049 	0.00396154 	2.16518e-26
0.0250171 	-0.0139649 	0.00383208 	1.72262e-26
0.0254638 	-0.0141249 	0.00370261 	1.28006e-26
0.0259106 	-0.014262 	0.00356123 	1.64157e-26
0.0263573 	-0.0143929 	0.00341662 	2.22004e-26
0.026804 	-0.014516 	0.0032685 	2.95343e-26
0.0272508 	-0.014621 	0.00311217 	4.04828e-26
0.0276975 	-0.014726 	0.00295583 	5.14314e-26
0.0281442 	-0.014812 	0.00279197 	4.49102e-26
0.028591 	-0.0148935 	0.00262636 	3.43576e-26
0.0290377 	-0.0149679 	0.00245832 	2.36763e-26
0.0294844 	-0.0150277 	0.00228519 	1.27277e-26
0.0299312 	-0.0150875 	0.00211206 	1.77914e-27
0.0303779 	-0.0151301 	0.00193367 	0
0.0308246 	-0.0151695 	0.00175426 	0
0.0312714 	-0.0152021 	0.00157296 	0
0.0317181 	-0.0152221 	0.00138813 	0
0.0321648 	-0.015242 	0.0012033 	0
0.0326116 	-0.015246 	0.00101434 	2.32176e-26
0.0330583 	-0.0152474 	0.000824719 	5.01366e-26
0.033505 	-0.015242 	0.000633473 	7.73706e-26
0.0339518 	-0.0152253 	0.000439519 	1.05129e-25
0.0343985 	-0.0152086 	0.000245564 	1.32888e-25
0.0348452 	-0.0151761 	4.81062e-05 	1.1212e-25
0.035292 	-0.0151416 	-0.000149796 	8.52014e-26
0.0357387 	-0.0151 	-0.000349126 	5.79465e-26
0.0361854 	-0.0150477 	-0.000550598 	3.01877e-26
0.0366322 	-0.0149954 	-0.000752069 	2.42889e-27
0.0370789 	-0.0149266 	-0.000956325 	-6.27803e-27
0.0375256 	-0.0148561 	-0.00116085 	-1.31581e-26
0.0379724 	-0.0147776 	-0.00136631 	-2.00705e-26
0.0384191 	-0.0146883 	-0.00157306 	-2.70268e-26
0.0388658 	-0.014599 	-0.0017798 	-3.39831e-26
0.0393126 	-0.014491 	-0.00198742 	-2.79678e-26
0.0397593 	-0.0143817 	-0.00219509 	-2.10878e-26
0.040206 	-0.0142628 	-0.00240231 	-1.41734e-26
0.0406528 	-0.0141321 	-0.00260897 	-7.21714e-27
0.0410995 	-0.0140014 	-0.00281563 	-2.6086e-28
0.0415462 	-0.0138482 	-0.00301862 	0
0.041993 	-0.0136942 	-0.00322146 	0
0.0424397 	-0.0135278 	-0.00342061 	0
0.0428864 	-0.0133479 	-0.0036157 	0
0.0433332 	-0.013168 	-0.00381079 	0
0.0437799 	-0.0129595 	-0.00399296 	-6.38756e-27
0.0442266 	-0.0127506 	-0.00417497 	-1.2856e-26
0.0446734 	-0.0125255 	-0.00434697 	-1.91185e-26
0.0451201 	-0.012284 	-0.00450894 	-2.51752e-26
0.0455668 	-0.012042 	-0.00467055 	-3.10753e-26
0.0460136 	-0.0117638 	-0.00480373 	-2.46069e-26
0.0464603 	-0.0114856 	-0.00493692 	-1.81385e-26
0.046907 	-0.0111859 	-0.00504949 	-1.18862e-26
0.0473538 	-0.0108668 	-0.00514342 	-5.82954e-27
0.0478005 	-0.010546 	-0.00523544 	1.51722e-28
0.0482472 	-0.0101827 	-0.00527846 	4.19764e-27
0.048694 	-0.00981935 	-0.00532149 	8.24355e-27
0.0491407 	-0.00943106 	-0.00533012 	1.18242e-26
0.0495874 	-0.00902235 	-0.00531062 	1.50241e-26
0.0500342 	-0.00861098 	-0.00528661 	1.77711e-26
0.0504809 	-0.00815973 	-0.00519503 	1.37252e-26
0.0509276 	-0.00770847 	-0.00510344 	9.67931e-27
0.0513744 	-0.00723789 	-0.0049678 	8.44762e-27
0.0518211 	-0.00675301 	-0.00479958 	9.29599e-27
0.0522678 	-0.00626664 	-0.00462498 	1.02944e-26
0.0527146 	-0.00576471 	-0.00438387 	1.28579e-26
0.0531613 	-0.00526278 	-0.00414275 	1.54214e-26
0.053608 	-0.00476519 	-0.00386668 	1.40178e-26
0.0540548 	-0.00427049 	-0.00356729 	9.9695e-27
0.0545015 	-0.00377993 	-0.00326426 	6.08824e-27
0.0549482 	-0.00332194 	-0.00293243 	3.52477e-27
0.055395 	-0.00286396 	-0.00260061 	9.61302e-28
0.0558417 	-0.00244706 	-0.00226948 	0
0.0562884 	-0.00205481 	-0.00193877 	0
0.0567352 	-0.0016745 	-0.00161286 	0
0.0571819 	-0.00136902 	-0.00131711 	0
0.0576286 	-0.00106354 	-0.00102136 	0
0.0580754 	-0.000818896 	-0.000764952 	0
0.0585221 	-0.00060701 	-0.000529735 	0
0.0589688 	-0.000408992 	-0.00030638 	-4.32844e-29
0.0594156 	-0.000282454 	-0.000144154 	-3.0965e-28
0.0598623 	-0.000155915 	1.8072e-05 	-5.76016e-28
0.060309 	-7.47485e-05 	0.000130127 	-9.01848e-28
0.0607558 	-1.54281e-05 	0.000218026 	-1.25631e-27
0.0612025 	3.52477e-05 	0.000292652 	-1.49437e-27
0.0616492 	4.84629e-05 	0.000309765 	-1.22801e-27
0.062096 	6.16781e-05 	0.000326878 	-9.61641e-28
0.0625427 	5.59489e-05 	0.000296565 	-6.33606e-28
0.0629894 	4.21005e-05 	0.000245926 	-2.79141e-28
0.0634362 	2.86289e-05 	0.000192781 	0
0.0638829 	1.65533e-05 	0.000130348 	0
0.0643296 	4.47767e-06 	6.79141e-05 	0
0.0647764 	7.6833e-07 	3.59548e-05 	0
0.0652231 	2.3239e-07 	1.55546e-05 	0
0.0656698 	-1.82383e-07 	-4.82441e-10 	-7.38416e-31
0.0661166 	-2.08151e-07 	-1.53993e-10 	-3.84753e-30
0.0665633 	-2.33919e-07 	1.74456e-10 	-6.95665e-30
0.0670101 	-2.42913e-07 	-1.20787e-09 	-1.08006e-29
0.0674568 	-2.46315e-07 	-3.16046e-09 	-1.48894e-29
0.0679035 	-2.49224e-07 	-5.28602e-09 	-1.70888e-29
0.0683503 	-2.50748e-07 	-7.89756e-09 	-1.39797e-29
0.068797 	-2.52273e-07 	-1.05091e-08 	-1.08705e-29
0.0692437 	-2.52828e-07 	-1.33839e-08 	-7.00214e-30
0.0696905 	-2.53103e-07 	-1.63351e-08 	-2.9133e-30
0.0701372 	-2.53103e-07 	-1.93538e-08 	0
0.0705839 	-2.52426e-07 	-2.25398e-08 	0
0.0710307 	-2.51748e-07 	-2.57258e-08 	0
0.0714774 	-2.50436e-07 	-2.90698e-08 	-6.02874e-30
0.0719241 	-2.48965e-07 	-3.24532e-08 	-1.35647e-29
0.0723709 	-2.47272e-07 	-3.58937e-08 	-2.13519e-29
0.0728176 	-2.45089e-07 	-3.94597e-08 	-2.96922e-29
0.0732643 	-2.42906e-07 	-4.30256e-08 	-3.80324e-29
0.0737111 	-2.40168e-07 	-4.67378e-08 	-3.32748e-29
0.0741578 	-2.37312e-07 	-5.04811e-08 	-2.57389e-29
0.0746045 	-2.34235e-07 	-5.42848e-08 	-1.79315e-29
0.0750513 	-2.30724e-07 	-5.82073e-08 	-9.59129e-30
0.075498 	-2.27213e-07 	-6.21298e-08 	-1.25104e-30
0.0759447 	-2.2315e-07 	-6.62123e-08 	0
0.0763915 	-2.1899e-07 	-7.0323e-08 	0
0.0768382 	-2.14594e-07 	-7.45082e-08 	0
0.0772849 	-2.09783e-07 	-7.88243e-08 	0
0.0777317 	-2.04973e-07 	-8.31404e-08 	0
0.0781784 	-1.99592e-07 	-8.76592e-08 	0
0.0786251 	-1.94128e-07 	-9.2207e-08 	0
0.0790719 	-1.88411e-07 	-9.68588e-08 	0
0.0795186 	-1.8229e-07 	-1.01675e-07 	0
0.0799653 	-1.7617e-07 	-1.06491e-07 	0
0.0804121 	-1.69456e-07 	-1.11593e-07 	0
0.0808588 	-1.62677e-07 	-1.16726e-07 	0
0.0813055 	-1.55625e-07 	-1.22016e-07 	0
0.0817523 	-1.48187e-07 	-1.27528e-07 	0
0.082199 	-1.4075e-07 	-1.33041e-07 	0
0.0826457 	-1.32713e-07 	-1.38976e-07 	0
0.0830925 	-1.24627e-07 	-1.44945e-07 	0
0.0835392 	-1.16269e-07 	-1.51155e-07 	0
0.0839859 	-1.07561e-07 	-1.57674e-07 	0
0.0844327 	-9.88525e-08 	-1.64193e-07 	0
0.0848794 	-8.95979e-08 	-1.71336e-07 	0
0.0853261 	-8.03145e-08 	-1.78512e-07 	0
0.0857729 	-7.08026e-08 	-1.86045e-07 	0
0.0862196 	-6.1025e-08 	-1.93994e-07 	0
0.0866663 	-5.12474e-08 	-2.01942e-07 	0
0.0871131 	-4.11067e-08 	-2.10747e-07 	0
0.0875598 	-3.09566e-08 	-2.19574e-07 	0
0.0880065 	-2.07073e-08 	-1.80179e-07 	0
0.0884533 	-1.03537e-08 	-9.00897e-08 	0
0.0889 	-3.24803e-22 	-3.31752e-21 	0
