0 	0 	0 	0
0.000446734 	0.000151373 	0.00299753 	3.26373e-26
0.000893467 	0.000302499 	0.00597546 	6.51674e-26
0.0013402 	0.000417131 	0.00825697 	7.25894e-26
0.00178693 	0.000497202 	0.00988319 	5.66349e-26
0.00223367 	0.000573405 	0.0114772 	4.0446e-26
0.0026804 	0.000574927 	0.0122284 	2.38704e-26
0.00312714 	0.000576448 	0.0129796 	7.29477e-27
0.00357387 	0.000564223 	0.0135384 	7.94041e-27
0.0040206 	0.000542255 	0.0139388 	2.3356e-26
0.00446734 	0.000519495 	0.0143298 	3.92565e-26
0.00491407 	0.000494805 	0.0145518 	6.56752e-26
0.0053608 	0.000470115 	0.0147738 	9.20939e-26
0.00580754 	0.000445123 	0.0149101 	1.00657e-25
0.00625427 	0.000420746 	0.0149799 	9.61323e-26
0.00670101 	0.000395981 	0.0150393 	8.97456e-26
0.00714774 	0.000371567 	0.0149742 	6.33269e-26
0.00759447 	0.000347153 	0.014909 	3.69082e-26
0.00804121 	0.000322708 	0.0147796 	2.04483e-26
0.00848794 	0.000298735 	0.0146055 	9.55758e-27
0.00893467 	0.000274684 	0.0144229 	0
0.00938141 	0.000251907 	0.0141668 	0
0.00982814 	0.000229129 	0.0139107 	0
0.0102749 	0.000207328 	0.0136185 	0
0.0107216 	0.000186332 	0.0133038 	0
0.0111683 	0.000165557 	0.012984 	0
0.0116151 	0.0001467 	0.0126299 	0
0.0120618 	0.000127843 	0.0122758 	0
0.0125085 	0.000110469 	0.0119066 	0
0.0129553 	9.39206e-05 	0.0115288 	0
0.013402 	7.77827e-05 	0.0111494 	0
0.0138487 	6.35792e-05 	0.0107608 	0
0.0142955 	4.93756e-05 	0.0103721 	0
0.0147422 	3.67805e-05 	0.00998302 	0
0.0151889 	2.4859e-05 	0.00959376 	0
0.0156357 	1.34401e-05 	0.00920578 	0
0.0160824 	3.67059e-06 	0.00882403 	0
0.0165291 	-6.09895e-06 	0.00844228 	0
0.0169759 	-1.43596e-05 	0.00806999 	0
0.0174226 	-2.21492e-05 	0.00770203 	0
0.0178693 	-2.94194e-05 	0.00733775 	0
0.0183161 	-3.54243e-05 	0.00698819 	0
0.0187628 	-4.14291e-05 	0.00663864 	0
0.0192095 	-4.61383e-05 	0.00630446 	0
0.0196563 	-5.05646e-05 	0.00597647 	0
0.020103 	-5.45089e-05 	0.00565377 	0
0.0205497 	-5.75669e-05 	0.00534922 	0
0.0209965 	-6.06248e-05 	0.00504467 	0
0.0214432 	-6.26539e-05 	0.00475803 	0
0.0218899 	-6.45508e-05 	0.00447774 	0
0.0223367 	-6.60399e-05 	0.00420351 	0
0.0227834 	-6.69739e-05 	0.00394737 	0
0.0232302 	-6.79078e-05 	0.00369122 	0
0.0236769 	-6.80909e-05 	0.00345287 	0
0.0241236 	-6.82471e-05 	0.00322002 	0
0.0245704 	-6.80908e-05 	0.0029932 	0
0.0250171 	-6.76399e-05 	0.00278216 	0
0.0254638 	-6.71891e-05 	0.00257112 	0
0.0259106 	-6.62506e-05 	0.00237572 	0
0.0263573 	-6.53469e-05 	0.0021845 	0
0.026804 	-6.42344e-05 	0.00199855 	0
0.0272508 	-6.30155e-05 	0.00182475 	0
0.0276975 	-6.17965e-05 	0.00165095 	0
0.0281442 	-6.03258e-05 	0.00148914 	0
0.028591 	-5.89146e-05 	0.00133005 	0
0.0290377 	-5.74018e-05 	0.00117481 	0
0.0294844 	-5.5911e-05 	0.00102746 	0
0.0299312 	-5.44201e-05 	0.000880114 	0
0.0303779 	-5.28948e-05 	0.00074001 	0
0.0308246 	-5.14283e-05 	0.000601267 	0
0.0312714 	-4.99652e-05 	0.000464433 	0
0.0317181 	-4.8602e-05 	0.000331041 	0
0.0321648 	-4.72387e-05 	0.00019765 	0
0.0326116 	-4.60201e-05 	6.6042e-05 	0
0.0330583 	-4.48375e-05 	-6.53208e-05 	0
0.033505 	-4.37706e-05 	-0.000197146 	0
0.0339518 	-4.28666e-05 	-0.000329826 	0
0.0343985 	-4.19626e-05 	-0.000462505 	0
0.0348452 	-4.14155e-05 	-0.00059927 	0
0.035292 	-4.08756e-05 	-0.000736586 	0
0.0357387 	-4.05741e-05 	-0.000877028 	0
0.0361854 	-4.04924e-05 	-0.00102222 	0
0.0366322 	-4.04108e-05 	-0.00116742 	0
0.0370789 	-4.09387e-05 	-0.00132263 	0
0.0375256 	-4.14415e-05 	-0.00147883 	0
0.0379724 	-4.23493e-05 	-0.00164094 	-1.49543e-26
0.0384191 	-4.3578e-05 	-0.00181109 	-5.20994e-26
0.0388658 	-4.48068e-05 	-0.00198123 	-8.92446e-26
0.0393126 	-4.6979e-05 	-0.00216698 	-1.246e-25
0.0397593 	-4.90911e-05 	-0.00235378 	-1.61608e-25
0.040206 	-5.18128e-05 	-0.00254915 	-1.58359e-25
0.0406528 	-5.49848e-05 	-0.00275499 	-1.05097e-25
0.0410995 	-5.81567e-05 	-0.00296083 	-5.18359e-26
0.0415462 	-6.26863e-05 	-0.00318692 	1.57617e-27
0.041993 	-6.71149e-05 	-0.00341379 	5.44637e-26
0.0424397 	-7.24041e-05 	-0.00365138 	7.37078e-26
0.0428864 	-7.83053e-05 	-0.00390077 	5.75914e-26
0.0433332 	-8.42558e-05 	-0.00415033 	4.10792e-26
0.0437799 	-9.1963e-05 	-0.00442271 	2.3463e-26
0.0442266 	-9.95695e-05 	-0.00469552 	7.58377e-27
0.0446734 	-0.00010833 	-0.00498016 	-7.23006e-27
0.0451201 	-0.000117888 	-0.00527654 	-2.23687e-26
0.0455668 	-0.000127627 	-0.00557341 	-3.89103e-26
0.0460136 	-0.000139418 	-0.00589251 	-5.44585e-26
0.0464603 	-0.00015118 	-0.00621176 	-6.93719e-26
0.046907 	-0.000164415 	-0.00654218 	-6.84727e-26
0.0473538 	-0.000178637 	-0.00688255 	-5.33341e-26
0.0478005 	-0.000193135 	-0.00722371 	-3.62037e-26
0.0482472 	-0.00021006 	-0.00758229 	-2.12902e-26
0.048694 	-0.000226984 	-0.00794086 	-6.37683e-27
0.0491407 	-0.000245679 	-0.0083072 	0
0.0495874 	-0.000265527 	-0.00867966 	0
0.0500342 	-0.000285713 	-0.00905276 	1.16122e-27
0.0504809 	-0.00030867 	-0.0094332 	3.01265e-26
0.0509276 	-0.000331627 	-0.00981365 	5.90919e-26
0.0513744 	-0.000356559 	-0.0101944 	9.20541e-26
0.0518211 	-0.000382744 	-0.0105751 	1.21204e-25
0.0522678 	-0.000409297 	-0.0109552 	1.45299e-25
0.0527146 	-0.00043873 	-0.0113265 	1.16333e-25
0.0531613 	-0.000468162 	-0.0116977 	8.7368e-26
0.053608 	-0.000499515 	-0.0120562 	5.4368e-26
0.0540548 	-0.000532079 	-0.0124059 	2.52177e-26
0.0545015 	-0.000564949 	-0.0127517 	0
0.0549482 	-0.000600336 	-0.0130651 	0
0.055395 	-0.000635724 	-0.0133785 	0
0.0558417 	-0.000672428 	-0.0136586 	0
0.0562884 	-0.000710048 	-0.0139182 	0
0.0567352 	-0.000747676 	-0.0141678 	0
0.0571819 	-0.000786509 	-0.0143525 	0
0.0576286 	-0.000825342 	-0.0145373 	0
0.0580754 	-0.000863588 	-0.0146578 	0
0.0585221 	-0.000901912 	-0.0147433 	0
0.0589688 	-0.000939461 	-0.0148088 	0
0.0594156 	-0.000975469 	-0.0147705 	0
0.0598623 	-0.00101148 	-0.0147322 	0
0.060309 	-0.00104563 	-0.0146015 	0
0.0607558 	-0.0010798 	-0.0144263 	0
0.0612025 	-0.00111246 	-0.0142256 	0
0.0616492 	-0.00114212 	-0.013915 	0
0.062096 	-0.00117178 	-0.0136043 	0
0.0625427 	-0.00118663 	-0.0131391 	0
0.0629894 	-0.00119609 	-0.0126053 	0
0.0634362 	-0.00118165 	-0.0119418 	0
0.0638829 	-0.00107993 	-0.0107767 	0
0.0643296 	-0.000978221 	-0.00961163 	0
0.0647764 	-0.000767581 	-0.00767014 	0
0.0652231 	-0.000522221 	-0.00543615 	0
0.0656698 	-0.00030095 	-0.0033465 	0
0.0661166 	-0.000159632 	-0.00189046 	0
0.0665633 	-1.83137e-05 	-0.000434425 	0
0.0670101 	9.34585e-06 	-7.16909e-05 	0
0.0674568 	3.70011e-06 	-3.00318e-05 	0
0.0679035 	-3.41167e-07 	-2.45916e-07 	0
0.0683503 	-3.46043e-07 	-2.53982e-07 	0
0.068797 	-3.50919e-07 	-2.62048e-07 	0
0.0692437 	-3.17098e-07 	-2.68796e-07 	0
0.0696905 	-2.73944e-07 	-2.74218e-07 	0
0.0701372 	-2.36179e-07 	-2.79558e-07 	0
0.0705839 	-2.11126e-07 	-2.83543e-07 	0
0.0710307 	-1.86073e-07 	-2.87528e-07 	0
0.0714774 	-1.68386e-07 	-2.91522e-07 	0
0.0719241 	-1.52452e-07 	-2.953e-07 	0
0.0723709 	-1.38101e-07 	-2.99266e-07 	0
0.0728176 	-1.27154e-07 	-3.03329e-07 	0
0.0732643 	-1.16207e-07 	-3.07392e-07 	0
0.0737111 	-1.07693e-07 	-3.11908e-07 	0
0.0741578 	-9.96885e-08 	-3.16447e-07 	0
0.0746045 	-9.23066e-08 	-3.21209e-07 	-7.61823e-30
0.0750513 	-8.61578e-08 	-3.26291e-07 	-3.17962e-29
0.075498 	-8.0009e-08 	-3.31373e-07 	-5.59741e-29
0.0759447 	-7.49045e-08 	-3.36954e-07 	-7.95857e-29
0.0763915 	-6.99935e-08 	-3.42591e-07 	-9.91512e-29
0.0768382 	-6.53864e-08 	-3.48443e-07 	-1.02136e-28
0.0772849 	-6.13397e-08 	-3.54624e-07 	-7.79581e-29
0.0777317 	-5.72931e-08 	-3.60804e-07 	-5.37802e-29
0.0781784 	-5.37835e-08 	-3.67457e-07 	-3.11108e-29
0.0786251 	-5.03621e-08 	-3.74162e-07 	-1.15454e-29
0.0790719 	-4.71102e-08 	-3.81072e-07 	0
0.0795186 	-4.41526e-08 	-3.88281e-07 	0
0.0799653 	-4.11949e-08 	-3.95489e-07 	0
0.0804121 	-3.85414e-08 	-4.03142e-07 	0
0.0808588 	-3.5933e-08 	-4.10836e-07 	0
0.0813055 	-3.34236e-08 	-4.18729e-07 	-3.17471e-30
0.0817523 	-3.10796e-08 	-4.26893e-07 	-1.13131e-29
0.082199 	-2.87356e-08 	-4.35056e-07 	-1.94515e-29
0.0826457 	-2.65658e-08 	-4.43646e-07 	-2.39195e-29
0.0830925 	-2.44207e-08 	-4.52267e-07 	-2.78066e-29
0.0835392 	-2.23301e-08 	-4.61086e-07 	-2.59526e-29
0.0839859 	-2.03317e-08 	-4.70154e-07 	-1.73102e-29
0.0844327 	-1.83332e-08 	-4.79222e-07 	-8.66778e-30
0.0848794 	-1.64231e-08 	-4.88712e-07 	-6.662e-30
0.0853261 	-1.45277e-08 	-4.98221e-07 	-4.79919e-30
0.0857729 	-1.26532e-08 	-5.07933e-07 	-4.27994e-30
0.0862196 	-1.08234e-08 	-5.1788e-07 	-4.78393e-30
0.0866663 	-8.9936e-09 	-5.27826e-07 	-5.28792e-30
0.0871131 	-7.18549e-09 	-5.38187e-07 	-3.01627e-30
0.0875598 	-5.38765e-09 	-5.48557e-07 	-9.92051e-31
0.0880065 	-3.58418e-09 	-4.50547e-07 	0
0.0884533 	-1.79454e-09 	-2.27867e-07 	0
0.0889 	0 	0 	0
