0 	0 	0 	0
0.000446734 	6.01369e-05 	0.00247712 	2.69874e-26
0.000893467 	0.000119624 	0.00493593 	5.37639e-26
0.0013402 	0.000138251 	0.00676316 	5.95719e-26
0.00178693 	0.000119619 	0.00800624 	4.60433e-26
0.00223367 	9.81688e-05 	0.00922621 	3.2326e-26
0.0026804 	3.04278e-05 	0.00987328 	1.90781e-26
0.00312714 	-3.73132e-05 	0.0105203 	5.83026e-27
0.00357387 	-0.000108394 	0.0110599 	5.66181e-27
0.0040206 	-0.000180655 	0.0115106 	1.66537e-26
0.00446734 	-0.000253173 	0.0119557 	2.79637e-26
0.00491407 	-0.000317037 	0.0122863 	4.68385e-26
0.0053608 	-0.000380902 	0.0126168 	6.57133e-26
0.00580754 	-0.00043896 	0.0128717 	7.19537e-26
0.00625427 	-0.000491557 	0.013067 	6.89884e-26
0.00670101 	-0.000543753 	0.013252 	6.4719e-26
0.00714774 	-0.000585496 	0.0133088 	4.58441e-26
0.00759447 	-0.000627239 	0.0133657 	2.69693e-26
0.00804121 	-0.000663528 	0.0133516 	1.50707e-26
0.00848794 	-0.000695473 	0.0132879 	7.04408e-27
0.00893467 	-0.000726756 	0.0132146 	0
0.00938141 	-0.000750014 	0.0130569 	0
0.00982814 	-0.000773273 	0.0128991 	0
0.0102749 	-0.000791924 	0.0126992 	0
0.0107216 	-0.000807453 	0.0124729 	0
0.0111683 	-0.000822175 	0.0122406 	0
0.0116151 	-0.000830765 	0.0119662 	0
0.0120618 	-0.000839355 	0.0116919 	0
0.0125085 	-0.000843996 	0.011397 	0
0.0129553 	-0.00084639 	0.0110903 	0
0.013402 	-0.000847924 	0.0107807 	0
0.0138487 	-0.000844905 	0.0104541 	0
0.0142955 	-0.000841886 	0.0101276 	0
0.0147422 	-0.000835736 	0.0097946 	0
0.0151889 	-0.000828127 	0.00945837 	0
0.0156357 	-0.000819734 	0.00912195 	0
0.0160824 	-0.000808349 	0.00878464 	0
0.0165291 	-0.000796964 	0.00844733 	0
0.0169759 	-0.00078336 	0.0081141 	0
0.0174226 	-0.000768964 	0.00778273 	0
0.0178693 	-0.000753937 	0.00745364 	0
0.0183161 	-0.000737225 	0.00713372 	0
0.0187628 	-0.000720513 	0.00681379 	0
0.0192095 	-0.000702412 	0.00650495 	0
0.0196563 	-0.000684005 	0.0062006 	0
0.020103 	-0.00066515 	0.0059004 	0
0.0205497 	-0.000645597 	0.00561454 	0
0.0209965 	-0.000626043 	0.00532868 	0
0.0214432 	-0.000605802 	0.00505787 	0
0.0218899 	-0.000585579 	0.00479242 	0
0.0223367 	-0.000565097 	0.00453232 	0
0.0227834 	-0.000544612 	0.00428832 	0
0.0232302 	-0.000524127 	0.00404432 	0
0.0236769 	-0.000503512 	0.00381693 	0
0.0241236 	-0.000483105 	0.00359471 	0
0.0245704 	-0.000462612 	0.00337841 	0
0.0250171 	-0.000442558 	0.00317771 	0
0.0254638 	-0.000422504 	0.00297702 	0
0.0259106 	-0.00040272 	0.00279267 	0
0.0263573 	-0.000383231 	0.00261273 	0
0.026804 	-0.000363793 	0.00243867 	0
0.0272508 	-0.000345021 	0.00227833 	0
0.0276975 	-0.000326249 	0.00211799 	0
0.0281442 	-0.000307988 	0.00197238 	0
0.028591 	-0.000290029 	0.00183017 	0
0.0290377 	-0.000272214 	0.00169328 	0
0.0294844 	-0.000255113 	0.00156747 	0
0.0299312 	-0.000238012 	0.00144166 	0
0.0303779 	-0.000221505 	0.00132799 	0
0.0308246 	-0.000205258 	0.00121667 	0
0.0312714 	-0.000189188 	0.00110972 	0
0.0317181 	-0.000173747 	0.00101086 	0
0.0321648 	-0.000158305 	0.000912004 	0
0.0326116 	-0.000143401 	0.000822069 	0
0.0330583 	-0.000128682 	0.000733546 	0
0.033505 	-0.000114125 	0.000648093 	0
0.0339518 	-0.000100016 	0.000567723 	0
0.0343985 	-8.59071e-05 	0.000487354 	0
0.0348452 	-7.21686e-05 	0.000412273 	0
0.035292 	-5.85321e-05 	0.000337845 	0
0.0357387 	-4.49916e-05 	0.000264923 	0
0.0361854 	-3.16696e-05 	0.000194214 	0
0.0366322 	-1.83476e-05 	0.000123505 	0
0.0370789 	-5.15191e-06 	5.41774e-05 	0
0.0375256 	8.0197e-06 	-1.50412e-05 	0
0.0379724 	2.11923e-05 	-8.4551e-05 	-1.65963e-26
0.0384191 	3.43863e-05 	-0.000154515 	-5.78201e-26
0.0388658 	4.75803e-05 	-0.000224479 	-9.90438e-26
0.0393126 	6.09309e-05 	-0.000297208 	-1.38382e-25
0.0397593 	7.43212e-05 	-0.000370152 	-1.79563e-25
0.040206 	8.78253e-05 	-0.000445406 	-1.75229e-25
0.0406528 	0.000101571 	-0.000523556 	-1.14279e-25
0.0410995 	0.000115317 	-0.000601705 	-5.33289e-26
0.0415462 	0.00012948 	-0.000686962 	8.3282e-27
0.041993 	0.000143726 	-0.000772533 	6.91743e-26
0.0424397 	0.000158185 	-0.000862632 	9.08159e-26
0.0428864 	0.000173054 	-0.000957816 	7.10896e-26
0.0433332 	0.000187904 	-0.00105307 	5.09374e-26
0.0437799 	0.000203401 	-0.00115975 	2.90557e-26
0.0442266 	0.000218987 	-0.0012667 	9.39144e-27
0.0446734 	0.000234846 	-0.00138051 	-9.25246e-27
0.0451201 	0.000251211 	-0.00150128 	-2.86257e-26
0.0455668 	0.00026749 	-0.00162232 	-4.98225e-26
0.0460136 	0.000284619 	-0.00175876 	-6.98534e-26
0.0464603 	0.000301783 	-0.00189532 	-8.91017e-26
0.046907 	0.000319209 	-0.00204106 	-8.80541e-26
0.0473538 	0.00033715 	-0.00219519 	-6.86809e-26
0.0478005 	0.000354958 	-0.00235001 	-4.6727e-26
0.0482472 	0.000373598 	-0.0025233 	-2.74787e-26
0.048694 	0.000392238 	-0.00269658 	-8.23039e-27
0.0491407 	0.000411023 	-0.00288108 	0
0.0495874 	0.000430232 	-0.00307479 	0
0.0500342 	0.000449288 	-0.00326983 	1.4975e-27
0.0504809 	0.000468878 	-0.00348489 	3.8851e-26
0.0509276 	0.000488467 	-0.00369995 	7.62045e-26
0.0513744 	0.000507948 	-0.00392754 	1.18428e-25
0.0518211 	0.000527666 	-0.00416439 	1.55506e-25
0.0522678 	0.000547181 	-0.00440315 	1.86029e-25
0.0527146 	0.000566712 	-0.00466168 	1.48675e-25
0.0531613 	0.000586242 	-0.00492021 	1.11322e-25
0.053608 	0.000605242 	-0.00519128 	6.91541e-26
0.0540548 	0.0006242 	-0.00547067 	3.20759e-26
0.0545015 	0.000642859 	-0.00575227 	0
0.0549482 	0.000660788 	-0.0060509 	0
0.055395 	0.000678718 	-0.00634953 	0
0.0558417 	0.000695501 	-0.00665862 	0
0.0562884 	0.000711876 	-0.00697388 	0
0.0567352 	0.000727793 	-0.007291 	0
0.0571819 	0.000742014 	-0.00761911 	0
0.0576286 	0.000756234 	-0.00794722 	0
0.0580754 	0.000768473 	-0.00828048 	0
0.0585221 	0.000779865 	-0.00861632 	0
0.0589688 	0.000790558 	-0.00895249 	0
0.0594156 	0.000798371 	-0.0092894 	0
0.0598623 	0.000806184 	-0.0096263 	0
0.060309 	0.000810948 	-0.00995857 	0
0.0607558 	0.00081437 	-0.0102883 	0
0.0612025 	0.000816765 	-0.0106151 	0
0.0616492 	0.000814957 	-0.0109279 	0
0.062096 	0.000813149 	-0.0112406 	0
0.0625427 	0.000807116 	-0.0115337 	0
0.0629894 	0.00079927 	-0.0118179 	0
0.0634362 	0.00079004 	-0.0120934 	0
0.0638829 	0.00077542 	-0.0123351 	0
0.0643296 	0.000760799 	-0.0125768 	0
0.0647764 	0.000740877 	-0.0127751 	0
0.0652231 	0.000718779 	-0.0129563 	0
0.0656698 	0.000694921 	-0.0131183 	0
0.0661166 	0.000664572 	-0.0132165 	0
0.0665633 	0.000634222 	-0.0133146 	0
0.0670101 	0.000597306 	-0.0133317 	0
0.0674568 	0.000557811 	-0.013321 	0
0.0679035 	0.000516069 	-0.0132764 	0
0.0683503 	0.000466498 	-0.0131352 	0
0.068797 	0.000416927 	-0.0129939 	0
0.0692437 	0.000359784 	-0.0127472 	0
0.0696905 	0.000299803 	-0.0124697 	0
0.0701372 	0.00023741 	-0.0121574 	0
0.0705839 	0.000166957 	-0.0117593 	0
0.0710307 	9.65043e-05 	-0.0113613 	0
0.0714774 	2.71412e-05 	-0.0108546 	0
0.0719241 	-4.24333e-05 	-0.0103199 	0
0.0723709 	-0.000101301 	-0.00966936 	0
0.0728176 	-0.000137232 	-0.00875051 	0
0.0732643 	-0.000173162 	-0.00783166 	0
0.0737111 	-0.000151067 	-0.00620204 	0
0.0741578 	-0.000117315 	-0.00441699 	0
0.0746045 	-7.98573e-05 	-0.00278011 	-1.78229e-29
0.0750513 	-4.21054e-05 	-0.00154484 	-7.43873e-29
0.075498 	-4.35354e-06 	-0.000309577 	-1.30952e-28
0.0759447 	3.30539e-07 	-9.7619e-05 	-1.94811e-28
0.0763915 	7.32846e-08 	-3.7325e-05 	-2.50999e-28
0.0768382 	-8.89931e-08 	-2.44242e-07 	-2.66256e-28
0.0772849 	-9.76417e-08 	-2.59073e-07 	-2.09691e-28
0.0777317 	-1.0629e-07 	-2.73904e-07 	-1.53127e-28
0.0781784 	-1.01903e-07 	-2.87378e-07 	-8.93446e-29
0.0786251 	-9.57626e-08 	-3.00706e-07 	-3.31562e-29
0.0790719 	-8.96083e-08 	-3.13774e-07 	0
0.0795186 	-8.33505e-08 	-3.26462e-07 	0
0.0799653 	-7.70927e-08 	-3.3915e-07 	0
0.0804121 	-7.14236e-08 	-3.52179e-07 	0
0.0808588 	-6.58228e-08 	-3.65233e-07 	0
0.0813055 	-6.05176e-08 	-3.7855e-07 	-3.0572e-29
0.0817523 	-5.56592e-08 	-3.92203e-07 	-1.08944e-28
0.082199 	-5.08008e-08 	-4.05857e-07 	-1.87315e-28
0.0826457 	-4.65209e-08 	-4.20103e-07 	-2.64055e-28
0.0830925 	-4.23011e-08 	-4.34381e-07 	-3.37137e-28
0.0835392 	-3.82871e-08 	-4.48932e-07 	-3.1503e-28
0.0839859 	-3.45656e-08 	-4.63809e-07 	-1.6772e-28
0.0844327 	-3.0844e-08 	-4.78686e-07 	-2.04105e-29
0.0848794 	-2.74583e-08 	-4.9411e-07 	1.24665e-28
0.0853261 	-2.41025e-08 	-5.09553e-07 	2.63627e-28
0.0857729 	-2.08513e-08 	-5.25254e-07 	3.04614e-28
0.0862196 	-1.77459e-08 	-5.4124e-07 	2.35676e-28
0.0866663 	-1.46405e-08 	-5.57226e-07 	1.66738e-28
0.0871131 	-1.16706e-08 	-5.73717e-07 	9.81674e-29
0.0875598 	-8.71545e-09 	-5.90217e-07 	3.22872e-29
0.0880065 	-5.78196e-09 	-4.87108e-07 	0
0.0884533 	-2.89374e-09 	-2.46407e-07 	0
0.0889 	0 	0 	0
