0 	0 	0 	0
0.000446734 	-1.30453e-05 	-6.18783e-05 	8.30339e-28
0.000893467 	-2.60906e-05 	-0.000123757 	1.66068e-27
0.0013402 	-4.23636e-05 	-0.000179481 	4.2658e-27
0.00178693 	-6.17068e-05 	-0.00022935 	8.55914e-27
0.00223367 	-8.08741e-05 	-0.000278498 	1.2738e-26
0.0026804 	-9.31808e-05 	-0.000299458 	1.2451e-26
0.00312714 	-0.000105488 	-0.000320418 	1.2164e-26
0.00357387 	-0.000106062 	-0.000318302 	7.80643e-27
0.0040206 	-9.65423e-05 	-0.000296327 	-5.37805e-29
0.00446734 	-8.5119e-05 	-0.000271634 	-7.65362e-27
0.00491407 	-3.75338e-05 	-0.000195272 	-1.03064e-26
0.0053608 	1.00514e-05 	-0.00011891 	-1.29591e-26
0.00580754 	8.86025e-05 	-7.34424e-06 	-7.94545e-27
0.00625427 	0.000191238 	0.000131602 	3.03095e-27
0.00670101 	0.000299211 	0.000275448 	1.43021e-26
0.00714774 	0.000473004 	0.000479717 	2.92085e-26
0.00759447 	0.000646797 	0.000683987 	4.41149e-26
0.00804121 	0.000868701 	0.000922901 	4.59107e-26
0.00848794 	0.00112439 	0.00118614 	3.85012e-26
0.00893467 	0.00138829 	0.0014535 	3.22777e-26
0.00938141 	0.00172617 	0.00175792 	3.67279e-26
0.00982814 	0.00206405 	0.00206234 	4.11781e-26
0.0102749 	0.00244487 	0.0023753 	8.40548e-26
0.0107216 	0.00285286 	0.00269366 	1.51242e-25
0.0111683 	0.0032669 	0.00300994 	2.0692e-25
0.0116151 	0.00372327 	0.00331164 	1.82027e-25
0.0120618 	0.00417965 	0.00361335 	1.57134e-25
0.0125085 	0.00465047 	0.00388728 	4.67196e-26
0.0129553 	0.00512951 	0.00414542 	-1.12325e-25
0.013402 	0.00560833 	0.00439425 	-2.64299e-25
0.0138487 	0.00608594 	0.00459038 	-3.76203e-25
0.0142955 	0.00656355 	0.0047865 	-4.88108e-25
0.0147422 	0.00702772 	0.00493589 	-4.59315e-25
0.0151889 	0.00748504 	0.00506146 	-3.58847e-25
0.0156357 	0.00793665 	0.00517472 	-2.23208e-25
0.0160824 	0.00836136 	0.00522992 	7.82352e-26
0.0165291 	0.00878606 	0.00528511 	3.79679e-25
0.0169759 	0.00918398 	0.00529624 	4.6796e-25
0.0174226 	0.00956974 	0.00528733 	4.59349e-25
0.0178693 	0.00994734 	0.00526754 	4.16082e-25
0.0183161 	0.0102924 	0.00520418 	2.34188e-25
0.0187628 	0.0106374 	0.00514082 	5.22944e-26
0.0192095 	0.0109542 	0.00504632 	0
0.0196563 	0.0112597 	0.00493925 	0
0.020103 	0.0115569 	0.00482468 	-5.39754e-26
0.0205497 	0.0118255 	0.00468425 	-2.93866e-25
0.0209965 	0.0120942 	0.00454383 	-5.33757e-25
0.0214432 	0.012338 	0.00438552 	-8.64603e-25
0.0218899 	0.0125731 	0.00422085 	-1.22782e-24
0.0223367 	0.0128007 	0.00405201 	-1.48317e-24
0.0227834 	0.0130055 	0.00387066 	-1.4149e-24
0.0232302 	0.0132103 	0.00368931 	-1.34662e-24
0.0236769 	0.0133944 	0.0034998 	-8.97801e-25
0.0241236 	0.013572 	0.00330776 	-3.30448e-25
0.0245704 	0.0137427 	0.00311404 	1.98734e-25
0.0250171 	0.0138956 	0.00291588 	6.27283e-25
0.0254638 	0.0140485 	0.00271772 	1.05583e-24
0.0259106 	0.0141836 	0.00251741 	1.08881e-24
0.0263573 	0.014314 	0.00231652 	1.01505e-24
0.026804 	0.014438 	0.00211552 	9.25029e-25
0.0272508 	0.0145475 	0.00191429 	7.97085e-25
0.0276975 	0.0146571 	0.00171306 	6.69141e-25
0.0281442 	0.0147507 	0.0015129 	6.94643e-25
0.028591 	0.0148408 	0.00131298 	7.55555e-25
0.0290377 	0.0149249 	0.00111384 	7.37857e-25
0.0294844 	0.0149965 	0.000916303 	5.56892e-25
0.0299312 	0.0150681 	0.000718769 	3.75927e-25
0.0303779 	0.0151248 	0.000523786 	-6.54948e-26
0.0308246 	0.0151787 	0.000329297 	-5.57454e-25
0.0312714 	0.0152265 	0.000136009 	-8.59035e-25
0.0317181 	0.0152631 	-5.50494e-05 	-8.0706e-25
0.0321648 	0.0152996 	-0.000246108 	-7.55084e-25
0.0326116 	0.0153212 	-0.000433985 	-2.42549e-25
0.0330583 	0.0153404 	-0.000621354 	3.43409e-25
0.033505 	0.0153531 	-0.000807241 	7.51037e-25
0.0339518 	0.0153549 	-0.000990657 	8.61446e-25
0.0343985 	0.0153567 	-0.00117407 	9.71856e-25
0.0348452 	0.0153426 	-0.00135369 	6.352e-25
0.035292 	0.0153265 	-0.00153282 	2.41874e-25
0.0357387 	0.0153031 	-0.00171005 	2.19453e-26
0.0361854 	0.0152685 	-0.00188442 	6.21114e-26
0.0366322 	0.0152339 	-0.0020588 	1.02278e-25
0.0370789 	0.0151816 	-0.00222819 	4.77918e-25
0.0375256 	0.0151276 	-0.00239711 	8.85728e-25
0.0379724 	0.0150649 	-0.00256327 	1.03353e-24
0.0384191 	0.0149904 	-0.0027257 	8.29551e-25
0.0388658 	0.0149158 	-0.00288812 	6.25573e-25
0.0393126 	0.0148205 	-0.00304303 	1.14713e-26
0.0397593 	0.0147238 	-0.00319744 	-6.29972e-25
0.040206 	0.0146161 	-0.00334725 	-1.0216e-24
0.0406528 	0.014495 	-0.00349145 	-1.1079e-24
0.0410995 	0.014374 	-0.00363564 	-1.19421e-24
0.0415462 	0.0142264 	-0.00376699 	-9.09319e-25
0.041993 	0.0140777 	-0.00389784 	-6.0997e-25
0.0424397 	0.013914 	-0.00402031 	-4.05233e-25
0.0428864 	0.0137336 	-0.00413351 	-3.05069e-25
0.0433332 	0.0135531 	-0.00424671 	-2.04904e-25
0.0437799 	0.013336 	-0.00433695 	-1.6185e-25
0.0442266 	0.0131185 	-0.00442689 	-1.1952e-25
0.0446734 	0.0128794 	-0.00450183 	-7.85846e-26
0.0451201 	0.0126187 	-0.00456176 	-3.90452e-26
0.0455668 	0.0123574 	-0.00462122 	1.12806e-27
0.0460136 	0.0120481 	-0.00464382 	9.13726e-26
0.0464603 	0.0117388 	-0.00466641 	1.81617e-25
0.046907 	0.0114022 	-0.00466585 	3.30838e-25
0.0473538 	0.0110409 	-0.00464433 	5.33419e-25
0.0478005 	0.0106776 	-0.00462098 	7.26593e-25
0.0482472 	0.0102649 	-0.00455063 	6.78314e-25
0.048694 	0.00985213 	-0.00448028 	6.30035e-25
0.0491407 	0.00941472 	-0.00438254 	5.00272e-25
0.0495874 	0.00895712 	-0.00426238 	3.03839e-25
0.0500342 	0.00849754 	-0.00413937 	1.19254e-25
0.0504809 	0.00800835 	-0.00397341 	1.1237e-25
0.0509276 	0.00751916 	-0.00380745 	1.05486e-25
0.0513744 	0.00702298 	-0.00362052 	9.90254e-26
0.0518211 	0.00652164 	-0.00341809 	9.28772e-26
0.0522678 	0.00602127 	-0.00321365 	8.41972e-26
0.0527146 	0.005531 	-0.00298832 	4.91151e-26
0.0531613 	0.00504072 	-0.002763 	1.40329e-26
0.053608 	0.00457095 	-0.00253315 	0
0.0540548 	0.00411484 	-0.00230029 	0
0.0545015 	0.00366469 	-0.00206816 	0
0.0549482 	0.00326147 	-0.00184176 	0
0.055395 	0.00285825 	-0.00161536 	0
0.0558417 	0.00249506 	-0.00139936 	-5.39202e-27
0.0562884 	0.0021559 	-0.0011896 	-1.40192e-26
0.0567352 	0.00182597 	-0.000983034 	-2.26246e-26
0.0571819 	0.00155397 	-0.000796472 	-3.10925e-26
0.0576286 	0.00128196 	-0.00060991 	-3.95604e-26
0.0580754 	0.00105192 	-0.000442715 	-4.01495e-26
0.0585221 	0.000844474 	-0.000285948 	-3.64961e-26
0.0589688 	0.00064676 	-0.000135934 	-3.07995e-26
0.0594156 	0.000499204 	-2.07247e-05 	-1.45722e-26
0.0598623 	0.000351649 	9.44849e-05 	1.65502e-27
0.060309 	0.000241444 	0.000169435 	1.26884e-26
0.0607558 	0.000149222 	0.000225002 	2.12209e-26
0.0612025 	6.6224e-05 	0.00026648 	2.59563e-26
0.0616492 	2.31922e-05 	0.000246912 	1.42376e-26
0.062096 	-1.98396e-05 	0.000227343 	2.51879e-27
0.0625427 	-3.67386e-05 	0.000158588 	-3.52295e-27
0.0629894 	-4.24379e-05 	6.8752e-05 	-7.13168e-27
0.0634362 	-4.39633e-05 	-2.78268e-05 	-8.27493e-27
0.0638829 	-3.0021e-05 	-0.000149395 	-2.81396e-28
0.0643296 	-1.60787e-05 	-0.000270962 	7.71213e-27
0.0647764 	-1.35098e-07 	-0.000363197 	2.174e-26
0.0652231 	1.65677e-05 	-0.000444305 	3.80568e-26
0.0656698 	2.90395e-05 	-0.000492425 	5.38019e-26
0.0661166 	2.79278e-05 	-0.000434634 	6.77114e-26
0.0665633 	2.68162e-05 	-0.000376844 	8.16208e-26
0.0670101 	1.94168e-05 	-0.000278786 	7.28604e-26
0.0674568 	9.92151e-06 	-0.000167305 	5.65434e-26
0.0679035 	2.63719e-06 	-7.61165e-05 	3.9786e-26
0.0683503 	1.56463e-06 	-4.19374e-05 	2.17916e-26
0.068797 	4.9207e-07 	-7.75825e-06 	3.79712e-27
0.0692437 	2.77364e-07 	-6.76726e-08 	-2.53953e-28
0.0696905 	3.11712e-07 	-6.73164e-08 	-2.5696e-28
0.0701372 	3.3583e-07 	-6.75686e-08 	-2.78074e-28
0.0705839 	3.34594e-07 	-6.93285e-08 	-3.44064e-28
0.0710307 	3.33357e-07 	-7.10885e-08 	-4.10054e-28
0.0714774 	3.31088e-07 	-7.32578e-08 	-3.83417e-28
0.0719241 	3.2856e-07 	-7.55294e-08 	-3.33624e-28
0.0723709 	3.25691e-07 	-7.79502e-08 	-2.31801e-28
0.0728176 	3.22073e-07 	-8.06993e-08 	-1.55139e-29
0.0732643 	3.18455e-07 	-8.34483e-08 	2.00773e-28
0.0737111 	3.14055e-07 	-8.6542e-08 	3.63991e-28
0.0741578 	3.0949e-07 	-8.97089e-08 	5.15952e-28
0.0746045 	3.04639e-07 	-9.29984e-08 	6.63415e-28
0.0750513 	2.99227e-07 	-9.65287e-08 	8.02049e-28
0.075498 	2.93815e-07 	-1.00059e-07 	9.40683e-28
0.0759447 	2.8774e-07 	-1.03868e-07 	9.05342e-28
0.0763915 	2.81549e-07 	-1.07726e-07 	8.39298e-28
0.0768382 	2.75092e-07 	-1.11697e-07 	6.56607e-28
0.0772849 	2.68167e-07 	-1.15869e-07 	2.68777e-28
0.0777317 	2.61242e-07 	-1.20041e-07 	-1.19053e-28
0.0781784 	2.53699e-07 	-1.24496e-07 	-4.25768e-28
0.0786251 	2.46069e-07 	-1.2899e-07 	-7.20895e-28
0.0790719 	2.38171e-07 	-1.33622e-07 	-9.33563e-28
0.0795186 	2.2985e-07 	-1.38469e-07 	-1.01589e-27
0.0799653 	2.2153e-07 	-1.43317e-07 	-1.09822e-27
0.0804121 	2.12598e-07 	-1.48526e-07 	-1.03727e-27
0.0808588 	2.03598e-07 	-1.53777e-07 	-9.60403e-28
0.0813055 	1.94321e-07 	-1.59222e-07 	-7.6256e-28
0.0817523 	1.84648e-07 	-1.64944e-07 	-3.92418e-28
0.082199 	1.74975e-07 	-1.70666e-07 	-2.22761e-29
0.0826457 	1.64691e-07 	-1.76908e-07 	3.35409e-28
0.0830925 	1.54358e-07 	-1.83192e-07 	6.92085e-28
0.0835392 	1.43746e-07 	-1.89768e-07 	8.89817e-28
0.0839859 	1.32776e-07 	-1.96722e-07 	8.83193e-28
0.0844327 	1.21805e-07 	-2.03675e-07 	8.76569e-28
0.0848794 	1.10274e-07 	-2.11383e-07 	4.83899e-28
0.0853261 	9.87139e-08 	-2.19131e-07 	7.09109e-29
0.0857729 	8.6918e-08 	-2.27309e-07 	-1.14642e-28
0.0862196 	7.48483e-08 	-2.35986e-07 	-3.58798e-29
0.0866663 	6.27787e-08 	-2.44663e-07 	4.28829e-29
0.0871131 	5.03347e-08 	-2.54365e-07 	6.57271e-28
0.0875598 	3.78811e-08 	-2.64094e-07 	1.28539e-27
0.0880065 	2.53256e-08 	-2.16346e-07 	1.29231e-27
0.0884533 	1.26628e-08 	-1.08173e-07 	6.46153e-28
0.0889 	3.76865e-22 	-7.43481e-21 	5.72087e-41
