0 	0 	0 	0
0.000446734 	3.85162e-05 	0.00212573 	4.67873e-26
0.000893467 	7.65218e-05 	0.00423599 	9.28075e-26
0.0013402 	8.06532e-05 	0.00579406 	1.02495e-25
0.00178693 	5.36668e-05 	0.00684026 	7.88142e-26
0.00223367 	2.42533e-05 	0.00786563 	5.45113e-26
0.0026804 	-4.78435e-05 	0.00836108 	3.21714e-26
0.00312714 	-0.00011994 	0.00885653 	9.83156e-27
0.00357387 	-0.000196361 	0.00924877 	9.82767e-27
0.0040206 	-0.000275019 	0.00955633 	2.89072e-26
0.00446734 	-0.000353873 	0.00985942 	4.88306e-26
0.00491407 	-0.000424766 	0.0100757 	7.89706e-26
0.0053608 	-0.000495659 	0.010292 	1.09111e-25
0.00580754 	-0.000560075 	0.0104557 	1.17461e-25
0.00625427 	-0.000618653 	0.0105779 	1.09794e-25
0.00670101 	-0.000676615 	0.0106928 	9.99164e-26
0.00714774 	-0.000722324 	0.0107152 	6.97764e-26
0.00759447 	-0.000768033 	0.0107376 	3.96364e-26
0.00804121 	-0.000806862 	0.0107073 	2.14295e-26
0.00848794 	-0.000840428 	0.0106398 	1.00162e-26
0.00893467 	-0.000873077 	0.0105653 	0
0.00938141 	-0.000895794 	0.0104273 	0
0.00982814 	-0.00091851 	0.0102893 	0
0.0102749 	-0.000935576 	0.0101212 	0
0.0107216 	-0.000948906 	0.00993402 	0
0.0111683 	-0.000961279 	0.00974301 	0
0.0116151 	-0.000966577 	0.00952528 	0
0.0120618 	-0.000971875 	0.00930755 	0
0.0125085 	-0.000972797 	0.00907947 	0
0.0129553 	-0.00097122 	0.00884549 	0
0.013402 	-0.000968738 	0.00861064 	0
0.0138487 	-0.000961275 	0.00837067 	0
0.0142955 	-0.000953813 	0.00813069 	0
0.0147422 	-0.000942997 	0.00789157 	0
0.0151889 	-0.000930537 	0.00765282 	0
0.0156357 	-0.000917288 	0.00741523 	0
0.0160824 	-0.000900653 	0.00718281 	0
0.0165291 	-0.000884018 	0.00695039 	0
0.0169759 	-0.000864971 	0.00672485 	0
0.0174226 	-0.000844926 	0.00650237 	0
0.0178693 	-0.000824266 	0.00628241 	0
0.0183161 	-0.000801515 	0.00607233 	0
0.0187628 	-0.000778764 	0.00586226 	0
0.0192095 	-0.000754462 	0.00566214 	0
0.0196563 	-0.000729642 	0.00546599 	0
0.020103 	-0.000704407 	0.00527317 	0
0.0205497 	-0.000678082 	0.00509168 	0
0.0209965 	-0.000651757 	0.0049102 	0
0.0214432 	-0.000624612 	0.00473964 	0
0.0218899 	-0.000597274 	0.00457294 	0
0.0223367 	-0.00056972 	0.00440985 	0
0.0227834 	-0.000541787 	0.00425752 	0
0.0232302 	-0.000513854 	0.00410519 	0
0.0236769 	-0.000485667 	0.00396325 	0
0.0241236 	-0.000457481 	0.00382452 	0
0.0245704 	-0.000429243 	0.00368925 	0
0.0250171 	-0.000401069 	0.00356306 	0
0.0254638 	-0.000372895 	0.00343686 	0
0.0259106 	-0.000344832 	0.00331956 	0
0.0263573 	-0.000316859 	0.00320464 	0
0.026804 	-0.000288942 	0.00309271 	0
0.0272508 	-0.00026129 	0.0029877 	0
0.0276975 	-0.000233637 	0.00288269 	0
0.0281442 	-0.000206256 	0.00278457 	0
0.028591 	-0.000178979 	0.00268803 	0
0.0290377 	-0.000151799 	0.00259378 	0
0.0294844 	-0.000124901 	0.00250427 	0
0.0299312 	-9.80025e-05 	0.00241475 	0
0.0303779 	-7.13704e-05 	0.00232993 	0
0.0308246 	-4.48129e-05 	0.00224601 	0
0.0312714 	-1.83377e-05 	0.00216356 	0
0.0317181 	7.94896e-06 	0.00208382 	0
0.0321648 	3.42356e-05 	0.00200409 	0
0.0326116 	6.03694e-05 	0.00192681 	0
0.0330583 	8.64716e-05 	0.00184991 	0
0.033505 	0.00011254 	0.00177359 	0
0.0339518 	0.00013855 	0.00169821 	0
0.0343985 	0.000164559 	0.00162284 	0
0.0348452 	0.000190558 	0.00154773 	0
0.035292 	0.000216561 	0.00147263 	0
0.0357387 	0.000242579 	0.00139719 	0
0.0361854 	0.000268641 	0.00132119 	0
0.0366322 	0.000294704 	0.00124518 	0
0.0370789 	0.000320847 	0.00116734 	0
0.0375256 	0.000347011 	0.0010893 	0
0.0379724 	0.000373206 	0.00100996 	-2.29674e-26
0.0384191 	0.000399478 	0.000928845 	-8.00166e-26
0.0388658 	0.000425749 	0.000847728 	-1.37066e-25
0.0393126 	0.000452062 	0.000762861 	-1.92419e-25
0.0397593 	0.000478397 	0.000677732 	-2.50409e-25
0.040206 	0.000504699 	0.00059045 	-2.44583e-25
0.0406528 	0.000531 	0.000500519 	-1.59406e-25
0.0410995 	0.000557302 	0.000410587 	-7.42295e-26
0.0415462 	0.00058343 	0.000315465 	1.35238e-26
0.041993 	0.000609571 	0.000220139 	1.00138e-25
0.0424397 	0.000635527 	0.000122095 	1.31029e-25
0.0428864 	0.000661315 	2.10616e-05 	1.02901e-25
0.0433332 	0.000687074 	-8.00079e-05 	7.41595e-26
0.0437799 	0.000712283 	-0.000186767 	4.22953e-26
0.0442266 	0.00073747 	-0.000293622 	1.36708e-26
0.0446734 	0.000762225 	-0.00040343 	-1.36494e-26
0.0451201 	0.000786577 	-0.000516152 	-4.22291e-26
0.0455668 	0.000810878 	-0.000628999 	-7.35046e-26
0.0460136 	0.00083419 	-0.000747486 	-1.03088e-25
0.0464603 	0.000857477 	-0.000866 	-1.31523e-25
0.046907 	0.000880066 	-0.000987463 	-1.30003e-25
0.0473538 	0.000902048 	-0.00111153 	-1.01423e-25
0.0478005 	0.00092396 	-0.00123583 	-6.90288e-26
0.0482472 	0.000944415 	-0.00136509 	-4.05937e-26
0.048694 	0.000964869 	-0.00149434 	-1.21586e-26
0.0491407 	0.000984371 	-0.00162626 	0
0.0495874 	0.00100312 	-0.00176027 	0
0.0500342 	0.00102173 	-0.0018946 	2.2015e-27
0.0504809 	0.00103864 	-0.00203296 	5.71152e-26
0.0509276 	0.00105554 	-0.00217132 	1.12029e-25
0.0513744 	0.00107133 	-0.00231205 	1.73952e-25
0.0518211 	0.00108632 	-0.00245446 	2.28188e-25
0.0522678 	0.00110112 	-0.00259725 	2.72767e-25
0.0527146 	0.00111419 	-0.00274361 	2.17854e-25
0.0531613 	0.00112725 	-0.00288996 	1.6294e-25
0.053608 	0.00113919 	-0.00303884 	1.01155e-25
0.0540548 	0.00115039 	-0.00318935 	4.69192e-26
0.0545015 	0.00116139 	-0.00334041 	0
0.0549482 	0.00117088 	-0.00349562 	0
0.055395 	0.00118036 	-0.00365083 	0
0.0558417 	0.00118887 	-0.0038096 	0
0.0562884 	0.00119684 	-0.00397048 	0
0.0567352 	0.00120459 	-0.00413234 	0
0.0571819 	0.00121126 	-0.00430026 	0
0.0576286 	0.00121793 	-0.00446818 	0
0.0580754 	0.00122388 	-0.0046418 	0
0.0585221 	0.0012295 	-0.0048185 	0
0.0589688 	0.00123496 	-0.00499693 	0
0.0594156 	0.00123977 	-0.00518435 	0
0.0598623 	0.00124458 	-0.00537178 	0
0.060309 	0.00124893 	-0.00556777 	0
0.0607558 	0.00125312 	-0.00576789 	0
0.0612025 	0.00125717 	-0.00597069 	0
0.0616492 	0.00126084 	-0.00618512 	0
0.062096 	0.00126451 	-0.00639956 	0
0.0625427 	0.00126773 	-0.00662459 	0
0.0629894 	0.00127084 	-0.00685415 	0
0.0634362 	0.00127374 	-0.00708683 	0
0.0638829 	0.00127607 	-0.00733095 	0
0.0643296 	0.00127841 	-0.00757507 	0
0.0647764 	0.00127982 	-0.00782801 	0
0.0652231 	0.00128093 	-0.00808421 	0
0.0656698 	0.00128157 	-0.00834222 	0
0.0661166 	0.00128078 	-0.00860559 	0
0.0665633 	0.00127999 	-0.00886895 	0
0.0670101 	0.00127707 	-0.00913197 	0
0.0674568 	0.00127346 	-0.00939466 	0
0.0679035 	0.00126881 	-0.00965437 	0
0.0683503 	0.00126119 	-0.00990481 	0
0.068797 	0.00125358 	-0.0101553 	0
0.0692437 	0.00124175 	-0.0103839 	0
0.0696905 	0.00122862 	-0.0106058 	0
0.0701372 	0.00121347 	-0.0108137 	0
0.0705839 	0.00119286 	-0.0109853 	0
0.0710307 	0.00117225 	-0.0111569 	0
0.0714774 	0.00114387 	-0.0112681 	0
0.0719241 	0.00111331 	-0.0113634 	0
0.0723709 	0.00107908 	-0.0114277 	0
0.0728176 	0.00103589 	-0.0114216 	0
0.0732643 	0.000992695 	-0.0114156 	0
0.0737111 	0.000937557 	-0.0113135 	0
0.0741578 	0.00087943 	-0.0111906 	0
0.0746045 	0.00081653 	-0.0110298 	-7.36069e-27
0.0750513 	0.000742985 	-0.0107941 	-3.07213e-26
0.075498 	0.000669441 	-0.0105583 	-5.40819e-26
0.0759447 	0.000584273 	-0.0102446 	-8.08345e-26
0.0763915 	0.000496473 	-0.00991699 	-1.04498e-25
0.0768382 	0.000408036 	-0.00955011 	-1.11163e-25
0.0772849 	0.000317629 	-0.00911179 	-8.78027e-26
0.0777317 	0.000227223 	-0.00867348 	-6.44421e-26
0.0781784 	0.00015521 	-0.00794957 	-3.76276e-26
0.0786251 	8.54988e-05 	-0.00718056 	-1.39638e-26
0.0790719 	3.47851e-05 	-0.00609373 	0
0.0795186 	1.26105e-05 	-0.00448948 	0
0.0799653 	-9.56416e-06 	-0.00288522 	0
0.0804121 	-6.93202e-06 	-0.00170604 	0
0.0808588 	-2.50286e-06 	-0.000615982 	0
0.0813055 	7.84124e-12 	-3.93827e-10 	-3.44938e-36
0.0817523 	4.02119e-12 	-2.02247e-10 	-1.22919e-35
0.082199 	2.01134e-13 	-1.06666e-11 	-2.11344e-35
0.0826457 	1.89922e-16 	-3.63923e-13 	-2.23211e-35
0.0830925 	6.16365e-17 	-1.32508e-13 	-2.23211e-35
0.0835392 	-5.44997e-18 	-6.03908e-15 	-1.7929e-35
0.0839859 	-2.76447e-18 	-3.06065e-15 	-9.08649e-36
0.0844327 	-7.89698e-20 	-8.22101e-17 	-2.43969e-37
0.0848794 	-5.04675e-21 	-3.80427e-20 	2.1752e-41
0.0853261 	-5.17647e-21 	-4.14222e-20 	4.61443e-41
0.0857729 	-4.87888e-21 	-4.48565e-20 	5.33383e-41
0.0862196 	-4.13447e-21 	-4.835e-20 	4.12378e-41
0.0866663 	-3.39006e-21 	-5.18436e-20 	2.91373e-41
0.0871131 	-2.69689e-21 	-5.54433e-20 	1.71642e-41
0.0875598 	-2.00695e-21 	-5.90443e-20 	5.6453e-42
0.0880065 	-1.32799e-21 	-4.95858e-20 	0
0.0884533 	-6.64466e-22 	-2.51008e-20 	0
0.0889 	0 	0 	0
