0 	506.15 	-1.5215e-05
0.000446734 	506.126 	-1.53918e-05
0.000893467 	506.102 	-1.55694e-05
0.0013402 	506.078 	-1.60344e-05
0.00178693 	506.054 	-1.67787e-05
0.00223367 	506.03 	-1.75429e-05
0.0026804 	506.006 	-1.90061e-05
0.00312714 	505.983 	-2.04693e-05
0.00357387 	505.959 	-2.22518e-05
0.0040206 	505.936 	-2.43069e-05
0.00446734 	505.913 	-2.63871e-05
0.00491407 	505.891 	-2.89313e-05
0.0053608 	505.87 	-3.14754e-05
0.00580754 	505.849 	-3.42406e-05
0.00625427 	505.828 	-3.7175e-05
0.00670101 	505.808 	-4.013e-05
0.00714774 	505.79 	-4.33166e-05
0.00759447 	505.771 	-4.65032e-05
0.00804121 	505.754 	-4.97559e-05
0.00848794 	505.737 	-5.30521e-05
0.00893467 	505.721 	-5.63483e-05
0.00938141 	505.707 	-5.96292e-05
0.00982814 	505.692 	-6.29101e-05
0.0102749 	505.679 	-6.61218e-05
0.0107216 	505.667 	-6.9288e-05
0.0111683 	505.655 	-7.24315e-05
0.0116151 	505.645 	-7.54101e-05
0.0120618 	505.634 	-7.83887e-05
0.0125085 	505.625 	-8.12173e-05
0.0129553 	505.617 	-8.39597e-05
0.013402 	505.609 	-8.66628e-05
0.0138487 	505.602 	-8.91406e-05
0.0142955 	505.595 	-9.16185e-05
0.0147422 	505.589 	-9.39136e-05
0.0151889 	505.584 	-9.61153e-05
0.0156357 	505.579 	-9.8269e-05
0.0160824 	505.575 	-0.000100196
0.0165291 	505.571 	-0.000102123
0.0169759 	505.568 	-0.00010387
0.0174226 	505.565 	-0.000105534
0.0178693 	505.563 	-0.000107149
0.0183161 	505.561 	-0.000108568
0.0187628 	505.559 	-0.000109987
0.0192095 	505.558 	-0.000111247
0.0196563 	505.557 	-0.000112443
0.020103 	505.557 	-0.000113595
0.0205497 	505.556 	-0.000114592
0.0209965 	505.556 	-0.000115589
0.0214432 	505.556 	-0.000116457
0.0218899 	505.557 	-0.000117279
0.0223367 	505.557 	-0.000118063
0.0227834 	505.558 	-0.000118732
0.0232302 	505.559 	-0.000119402
0.0236769 	505.56 	-0.00011997
0.0241236 	505.561 	-0.000120508
0.0245704 	505.562 	-0.000121015
0.0250171 	505.564 	-0.000121439
0.0254638 	505.565 	-0.000121863
0.0259106 	505.567 	-0.000122209
0.0263573 	505.569 	-0.000122535
0.026804 	505.571 	-0.000122835
0.0272508 	505.573 	-0.000123075
0.0276975 	505.575 	-0.000123315
0.0281442 	505.577 	-0.000123494
0.028591 	505.579 	-0.000123658
0.0290377 	505.581 	-0.000123799
0.0294844 	505.583 	-0.000123894
0.0299312 	505.585 	-0.000123988
0.0303779 	505.587 	-0.000124028
0.0308246 	505.589 	-0.000124056
0.0312714 	505.592 	-0.000124063
0.0317181 	505.594 	-0.000124027
0.0321648 	505.596 	-0.000123991
0.0326116 	505.598 	-0.000123899
0.0330583 	505.6 	-0.000123797
0.033505 	505.602 	-0.000123668
0.0339518 	505.605 	-0.000123496
0.0343985 	505.607 	-0.000123323
0.0348452 	505.609 	-0.000123081
0.035292 	505.61 	-0.00012283
0.0357387 	505.612 	-0.000122544
0.0361854 	505.614 	-0.000122205
0.0366322 	505.616 	-0.000121866
0.0370789 	505.617 	-0.000121434
0.0375256 	505.619 	-0.000120994
0.0379724 	505.62 	-0.000120503
0.0384191 	505.621 	-0.000119944
0.0388658 	505.623 	-0.000119386
0.0393126 	505.623 	-0.000118699
0.0397593 	505.624 	-0.000118004
0.040206 	505.625 	-0.000117237
0.0406528 	505.625 	-0.000116384
0.0410995 	505.626 	-0.00011553
0.0415462 	505.625 	-0.000114501
0.041993 	505.625 	-0.000113465
0.0424397 	505.625 	-0.000112331
0.0428864 	505.624 	-0.000111088
0.0433332 	505.623 	-0.000109843
0.0437799 	505.621 	-0.000108374
0.0442266 	505.619 	-0.000106899
0.0446734 	505.617 	-0.000105298
0.0451201 	505.614 	-0.000103568
0.0455668 	505.612 	-0.000101834
0.0460136 	505.608 	-9.98327e-05
0.0464603 	505.604 	-9.78294e-05
0.046907 	505.6 	-9.56762e-05
0.0473538 	505.595 	-9.33866e-05
0.0478005 	505.589 	-9.10865e-05
0.0482472 	505.583 	-8.85078e-05
0.048694 	505.576 	-8.59291e-05
0.0491407 	505.569 	-8.31977e-05
0.0495874 	505.561 	-8.03407e-05
0.0500342 	505.552 	-7.74684e-05
0.0504809 	505.542 	-7.43611e-05
0.0509276 	505.532 	-7.12539e-05
0.0513744 	505.521 	-6.80312e-05
0.0518211 	505.509 	-6.47228e-05
0.0522678 	505.497 	-6.14034e-05
0.0527146 	505.483 	-5.79683e-05
0.0531613 	505.469 	-5.45331e-05
0.053608 	505.454 	-5.10827e-05
0.0540548 	505.438 	-4.76225e-05
0.0545015 	505.422 	-4.41732e-05
0.0549482 	505.404 	-4.08138e-05
0.055395 	505.386 	-3.74544e-05
0.0558417 	505.366 	-3.42484e-05
0.0562884 	505.347 	-3.11362e-05
0.0567352 	505.327 	-2.80777e-05
0.0571819 	505.305 	-2.53748e-05
0.0576286 	505.284 	-2.26718e-05
0.0580754 	505.262 	-2.03046e-05
0.0585221 	505.239 	-1.81239e-05
0.0589688 	505.217 	-1.60219e-05
0.0594156 	505.194 	-1.43613e-05
0.0598623 	505.17 	-1.27007e-05
0.060309 	505.147 	-1.14051e-05
0.0607558 	505.123 	-1.03086e-05
0.0612025 	505.1 	-9.53791e-06
0.0616492 	505.075 	-1.04912e-05
0.062096 	505.051 	-1.14445e-05
0.0625427 	505.015 	-1.27214e-05
0.0629894 	504.975 	-1.40972e-05
0.0634362 	504.932 	-1.4947e-05
0.0638829 	504.879 	-1.37866e-05
0.0643296 	504.825 	-1.26262e-05
0.0647764 	504.773 	-1.07879e-05
0.0652231 	504.722 	-8.66971e-06
0.0656698 	504.67 	-6.68294e-06
0.0661166 	504.62 	-5.0409e-06
0.0665633 	504.569 	-3.39886e-06
0.0670101 	504.519 	-2.02533e-06
0.0674568 	504.469 	-7.32934e-07
0.0679035 	504.419 	4.9295e-07
0.0683503 	504.369 	1.53702e-06
0.068797 	504.32 	2.5811e-06
0.0692437 	504.27 	3.48534e-06
0.0696905 	504.221 	4.34805e-06
0.0701372 	504.172 	5.17274e-06
0.0705839 	504.123 	5.89783e-06
0.0710307 	504.074 	6.62291e-06
0.0714774 	504.025 	7.26331e-06
0.0719241 	503.976 	7.88024e-06
0.0723709 	503.927 	8.47172e-06
0.0728176 	503.879 	9.0012e-06
0.0732643 	503.83 	9.53069e-06
0.0737111 	503.782 	1.00023e-05
0.0741578 	503.733 	1.04594e-05
0.0746045 	503.685 	1.08977e-05
0.0750513 	503.636 	1.12938e-05
0.075498 	503.588 	1.169e-05
0.0759447 	503.54 	1.20433e-05
0.0763915 	503.491 	1.23872e-05
0.0768382 	503.443 	1.27161e-05
0.0772849 	503.395 	1.30145e-05
0.0777317 	503.347 	1.3313e-05
0.0781784 	503.299 	1.35777e-05
0.0786251 	503.251 	1.38362e-05
0.0790719 	503.203 	1.4082e-05
0.0795186 	503.155 	1.43047e-05
0.0799653 	503.107 	1.45275e-05
0.0804121 	503.059 	1.47222e-05
0.0808588 	503.011 	1.49127e-05
0.0813055 	502.963 	1.50918e-05
0.0817523 	502.915 	1.52527e-05
0.082199 	502.867 	1.54136e-05
0.0826457 	502.819 	1.55498e-05
0.0830925 	502.771 	1.56832e-05
0.0835392 	502.724 	1.58059e-05
0.0839859 	502.676 	1.59134e-05
0.0844327 	502.628 	1.6021e-05
0.0848794 	502.58 	1.61055e-05
0.0853261 	502.532 	1.61883e-05
0.0857729 	502.484 	1.62604e-05
0.0862196 	502.437 	1.63193e-05
0.0866663 	502.389 	1.63781e-05
0.0871131 	502.341 	1.64143e-05
0.0875598 	502.293 	1.64496e-05
0.0880065 	502.246 	1.64735e-05
0.0884533 	502.198 	1.64853e-05
0.0889 	502.15 	1.64971e-05
