0 	0 	0 	0
0.000446734 	0.000142831 	0.00294414 	3.20808e-26
0.000893467 	0.00028538 	0.00586883 	6.40547e-26
0.0013402 	0.000391216 	0.00810459 	7.13331e-26
0.00178693 	0.000462419 	0.00969307 	5.56286e-26
0.00223367 	0.000529865 	0.0112503 	3.96988e-26
0.0026804 	0.00052584 	0.0119919 	2.34294e-26
0.00312714 	0.000521814 	0.0127334 	7.16e-27
0.00357387 	0.000505254 	0.0132903 	7.80006e-27
0.0040206 	0.000479936 	0.013695 	2.29432e-26
0.00446734 	0.00045388 	0.0140906 	3.85629e-26
0.00491407 	0.00042683 	0.0143206 	6.46082e-26
0.0053608 	0.00039978 	0.0145506 	9.06535e-26
0.00580754 	0.000372859 	0.0146952 	9.91477e-26
0.00625427 	0.000346888 	0.0147735 	9.47749e-26
0.00670101 	0.000320586 	0.0148414 	8.85591e-26
0.00714774 	0.000295312 	0.0147848 	6.25138e-26
0.00759447 	0.000270038 	0.0147281 	3.64685e-26
0.00804121 	0.000245115 	0.0146072 	2.02223e-26
0.00848794 	0.000220928 	0.0144417 	9.45193e-27
0.00893467 	0.00019672 	0.0142678 	0
0.00938141 	0.000174277 	0.0140203 	0
0.00982814 	0.000151833 	0.0137728 	0
0.0102749 	0.000130651 	0.0134892 	0
0.0107216 	0.000110454 	0.0131829 	0
0.0111683 	9.05266e-05 	0.0128715 	0
0.0116151 	7.28549e-05 	0.0125253 	0
0.0120618 	5.51832e-05 	0.0121791 	0
0.0125085 	3.91873e-05 	0.0118172 	0
0.0129553 	2.41261e-05 	0.0114466 	0
0.013402 	9.50923e-06 	0.0110741 	0
0.0138487 	-2.98411e-06 	0.0106918 	0
0.0142955 	-1.54775e-05 	0.0103094 	0
0.0147422 	-2.62565e-05 	0.00992614 	0
0.0151889 	-3.6309e-05 	0.00954242 	0
0.0156357 	-4.58395e-05 	0.00915987 	0
0.0160824 	-5.36343e-05 	0.008783 	0
0.0165291 	-6.1429e-05 	0.00840613 	0
0.0169759 	-6.76718e-05 	0.00803833 	0
0.0174226 	-7.34259e-05 	0.00767467 	0
0.0178693 	-7.86545e-05 	0.0073146 	0
0.0183161 	-8.26014e-05 	0.00696886 	0
0.0187628 	-8.65482e-05 	0.00662311 	0
0.0192095 	-8.92041e-05 	0.00629245 	0
0.0196563 	-9.15818e-05 	0.00596787 	0
0.020103 	-9.34828e-05 	0.0056485 	0
0.0205497 	-9.45258e-05 	0.00534704 	0
0.0209965 	-9.55688e-05 	0.00504558 	0
0.0214432 	-9.5618e-05 	0.00476186 	0
0.0218899 	-9.55509e-05 	0.00448443 	0
0.0223367 	-9.50884e-05 	0.00421302 	0
0.0227834 	-9.41195e-05 	0.00395962 	0
0.0232302 	-9.31506e-05 	0.00370621 	0
0.0236769 	-9.14772e-05 	0.00347057 	0
0.0241236 	-8.97956e-05 	0.00324042 	0
0.0245704 	-8.78152e-05 	0.00301633 	0
0.0250171 	-8.55899e-05 	0.00280807 	0
0.0254638 	-8.33645e-05 	0.00259982 	0
0.0259106 	-8.06917e-05 	0.00240735 	0
0.0263573 	-7.80696e-05 	0.0022191 	0
0.026804 	-7.52476e-05 	0.00203621 	0
0.0272508 	-7.23545e-05 	0.00186568 	0
0.0276975 	-6.94614e-05 	0.00169515 	0
0.0281442 	-6.63341e-05 	0.00153694 	0
0.028591 	-6.32763e-05 	0.00138153 	0
0.0290377 	-6.01136e-05 	0.00123015 	0
0.0294844 	-5.69819e-05 	0.00108701 	0
0.0299312 	-5.38501e-05 	0.00094387 	0
0.0303779 	-5.06616e-05 	0.000808508 	0
0.0308246 	-4.75342e-05 	0.000674612 	0
0.0312714 	-4.43899e-05 	0.000542885 	0
0.0317181 	-4.13252e-05 	0.000415085 	0
0.0321648 	-3.82604e-05 	0.000287285 	0
0.0326116 	-3.52732e-05 	0.000161996 	0
0.0330583 	-3.23182e-05 	3.7069e-05 	0
0.033505 	-2.94294e-05 	-8.79688e-05 	0
0.0339518 	-2.66379e-05 	-0.000213279 	0
0.0343985 	-2.38463e-05 	-0.000338588 	0
0.0348452 	-2.12732e-05 	-0.000467085 	0
0.035292 	-1.86973e-05 	-0.000596021 	0
0.0357387 	-1.62792e-05 	-0.000727655 	0
0.0361854 	-1.39761e-05 	-0.000863405 	0
0.0366322 	-1.16729e-05 	-0.000999156 	0
0.0370789 	-9.76049e-06 	-0.00114392 	0
0.0375256 	-7.80919e-06 	-0.00128958 	0
0.0379724 	-6.13973e-06 	-0.00144068 	-1.53073e-26
0.0384191 	-4.63968e-06 	-0.00159919 	-5.33295e-26
0.0388658 	-3.13962e-06 	-0.0017577 	-9.13517e-26
0.0393126 	-2.28088e-06 	-0.00193081 	-1.27539e-25
0.0397593 	-1.34826e-06 	-0.00210491 	-1.65418e-25
0.040206 	-8.59561e-07 	-0.00228713 	-1.61982e-25
0.0406528 	-6.30786e-07 	-0.0024793 	-1.07207e-25
0.0410995 	-4.0201e-07 	-0.00267146 	-5.24324e-26
0.0415462 	-1.14709e-06 	-0.00288304 	2.54383e-27
0.041993 	-1.7812e-06 	-0.00309538 	5.69496e-26
0.0424397 	-3.06919e-06 	-0.00331811 	7.66709e-26
0.0428864 	-4.74851e-06 	-0.00355231 	5.99184e-26
0.0433332 	-6.47367e-06 	-0.00378666 	4.27618e-26
0.0437799 	-9.51071e-06 	-0.00404343 	2.44195e-26
0.0442266 	-1.24402e-05 	-0.00430062 	7.89293e-27
0.0446734 	-1.6285e-05 	-0.00456958 	-7.54441e-27
0.0451201 	-2.06896e-05 	-0.00485025 	-2.33412e-26
0.0455668 	-2.52674e-05 	-0.0051314 	-4.06052e-26
0.0460136 	-3.14206e-05 	-0.00543508 	-5.68266e-26
0.0464603 	-3.75424e-05 	-0.00573891 	-7.23887e-26
0.046907 	-4.48842e-05 	-0.0060543 	-7.14506e-26
0.0473538 	-5.29778e-05 	-0.00638003 	-5.56538e-26
0.0478005 	-6.13371e-05 	-0.00670658 	-3.77785e-26
0.0482472 	-7.16618e-05 	-0.00705185 	-2.22164e-26
0.048694 	-8.19865e-05 	-0.00739712 	-6.65422e-27
0.0491407 	-9.38523e-05 	-0.00775122 	0
0.0495874 	-0.000106662 	-0.00811237 	0
0.0500342 	-0.000119803 	-0.00847432 	1.20108e-27
0.0504809 	-0.000135336 	-0.0088462 	3.11605e-26
0.0509276 	-0.000150868 	-0.00921808 	6.11199e-26
0.0513744 	-0.000168224 	-0.00959235 	9.51313e-26
0.0518211 	-0.000186681 	-0.00996811 	1.25133e-25
0.0522678 	-0.000205523 	-0.0103436 	1.49896e-25
0.0527146 	-0.000227049 	-0.0107145 	1.19936e-25
0.0531613 	-0.000248576 	-0.0110853 	8.99768e-26
0.053608 	-0.000272067 	-0.0114468 	5.59567e-26
0.0540548 	-0.000296729 	-0.0118017 	2.59546e-26
0.0545015 	-0.000321782 	-0.0121535 	0
0.0549482 	-0.000349531 	-0.012479 	0
0.055395 	-0.00037728 	-0.0128044 	0
0.0558417 	-0.000406811 	-0.0131016 	0
0.0562884 	-0.000437415 	-0.0133813 	0
0.0567352 	-0.000468285 	-0.0136524 	0
0.0571819 	-0.000501226 	-0.0138668 	0
0.0576286 	-0.000534167 	-0.0140812 	0
0.0580754 	-0.000567931 	-0.0142381 	0
0.0585221 	-0.000602313 	-0.0143636 	0
0.0589688 	-0.000636537 	-0.0144707 	0
0.0594156 	-0.00067102 	-0.0144805 	0
0.0598623 	-0.000705502 	-0.0144903 	0
0.060309 	-0.000738889 	-0.0144054 	0
0.0607558 	-0.00077211 	-0.0142745 	0
0.0612025 	-0.000804658 	-0.0141149 	0
0.0616492 	-0.000835954 	-0.0138308 	0
0.062096 	-0.000867249 	-0.0135467 	0
0.0625427 	-0.000897889 	-0.013151 	0
0.0629894 	-0.00092871 	-0.0127076 	0
0.0634362 	-0.000953033 	-0.0122126 	0
0.0638829 	-0.00095049 	-0.0115202 	0
0.0643296 	-0.000947946 	-0.0108278 	0
0.0647764 	-0.000828776 	-0.00974815 	0
0.0652231 	-0.000663336 	-0.00851843 	0
0.0656698 	-0.00048628 	-0.00711998 	0
0.0661166 	-0.000305884 	-0.0051975 	0
0.0665633 	-0.000125488 	-0.00327501 	0
0.0670101 	-5.67824e-05 	-0.00192554 	0
0.0674568 	-2.36415e-05 	-0.000803041 	0
0.0679035 	4.44154e-08 	-3.37042e-07 	0
0.0683503 	3.11308e-09 	-2.75673e-07 	0
0.068797 	-3.81893e-08 	-2.14305e-07 	0
0.0692437 	-5.39067e-08 	-2.12755e-07 	0
0.0696905 	-6.26828e-08 	-2.2641e-07 	0
0.0701372 	-6.99507e-08 	-2.38604e-07 	0
0.0705839 	-7.31986e-08 	-2.47671e-07 	0
0.0710307 	-7.64464e-08 	-2.56738e-07 	0
0.0714774 	-7.72854e-08 	-2.64e-07 	0
0.0719241 	-7.74778e-08 	-2.70917e-07 	0
0.0723709 	-7.71569e-08 	-2.77534e-07 	0
0.0728176 	-7.56772e-08 	-2.83634e-07 	0
0.0732643 	-7.41975e-08 	-2.89733e-07 	0
0.0737111 	-7.20441e-08 	-2.95699e-07 	0
0.0741578 	-6.97513e-08 	-3.01663e-07 	0
0.0746045 	-6.73432e-08 	-3.07684e-07 	-8.20321e-30
0.0750513 	-6.47325e-08 	-3.13843e-07 	-3.42377e-29
0.075498 	-6.21217e-08 	-3.20003e-07 	-6.02722e-29
0.0759447 	-5.94572e-08 	-3.26457e-07 	-8.5986e-29
0.0763915 	-5.6795e-08 	-3.32966e-07 	-1.07403e-28
0.0768382 	-5.41515e-08 	-3.39626e-07 	-1.10895e-28
0.0772849 	-5.15703e-08 	-3.4655e-07 	-8.48603e-29
0.0777317 	-4.89891e-08 	-3.53474e-07 	-5.88258e-29
0.0781784 	-4.65181e-08 	-3.60786e-07 	-3.40552e-29
0.0786251 	-4.4075e-08 	-3.6815e-07 	-1.26381e-29
0.0790719 	-4.1681e-08 	-3.7569e-07 	0
0.0795186 	-3.93916e-08 	-3.835e-07 	0
0.0799653 	-3.71022e-08 	-3.91309e-07 	0
0.0804121 	-3.49357e-08 	-3.99521e-07 	0
0.0808588 	-3.27939e-08 	-4.07773e-07 	0
0.0813055 	-3.06962e-08 	-4.16209e-07 	-4.72045e-30
0.0817523 	-2.86851e-08 	-4.249e-07 	-1.68214e-29
0.082199 	-2.6674e-08 	-4.33591e-07 	-2.89223e-29
0.0826457 	-2.47534e-08 	-4.42685e-07 	-3.76505e-29
0.0830925 	-2.28507e-08 	-4.51808e-07 	-4.56156e-29
0.0835392 	-2.09752e-08 	-4.61122e-07 	-4.25977e-29
0.0839859 	-1.91566e-08 	-4.70675e-07 	-2.58305e-29
0.0844327 	-1.7338e-08 	-4.80227e-07 	-9.06334e-30
0.0848794 	-1.55664e-08 	-4.90186e-07 	1.62349e-30
0.0853261 	-1.38072e-08 	-5.00165e-07 	1.17852e-29
0.0857729 	-1.20547e-08 	-5.10341e-07 	1.47508e-29
0.0862196 	-1.03301e-08 	-5.20745e-07 	1.00846e-29
0.0866663 	-8.60564e-09 	-5.31148e-07 	5.41832e-30
0.0871131 	-6.88186e-09 	-5.41955e-07 	3.27315e-30
0.0875598 	-5.16766e-09 	-5.52772e-07 	1.07654e-30
0.0880065 	-3.44184e-09 	-4.5417e-07 	0
0.0884533 	-1.72335e-09 	-2.29704e-07 	0
0.0889 	0 	0 	0
