0 	0 	0 	0
0.000446734 	4.00746e-06 	0.00018183 	-8.11987e-27
0.000893467 	8.01493e-06 	0.00036366 	-1.62397e-26
0.0013402 	1.18979e-05 	0.000449185 	-1.8139e-26
0.00178693 	1.56625e-05 	0.000443105 	-1.41211e-26
0.00223367 	1.93789e-05 	0.000434757 	-1.01012e-26
0.0026804 	2.12213e-05 	0.000337974 	-5.99917e-27
0.00312714 	2.30636e-05 	0.000241191 	-1.89717e-27
0.00357387 	1.93691e-05 	0.000140928 	0
0.0040206 	1.09104e-05 	3.76712e-05 	0
0.00446734 	1.10692e-06 	-6.29854e-05 	0
0.00491407 	-3.42465e-05 	-0.000114241 	0
0.0053608 	-6.95999e-05 	-0.000165496 	0
0.00580754 	-0.000128875 	-0.000174474 	0
0.00625427 	-0.000206757 	-0.000150569 	0
0.00670101 	-0.000288535 	-0.000121541 	-5.16184e-28
0.00714774 	-0.000418383 	-2.93356e-05 	-7.39864e-27
0.00759447 	-0.00054823 	6.28701e-05 	-1.42811e-26
0.00804121 	-0.000711791 	0.000184311 	-2.07502e-26
0.00848794 	-0.000899022 	0.000326278 	-2.69291e-26
0.00893467 	-0.00109242 	0.000471664 	-3.18019e-26
0.00938141 	-0.00134135 	0.000647819 	-2.49194e-26
0.00982814 	-0.00159027 	0.000823973 	-1.8037e-26
0.0102749 	-0.00187858 	0.00101523 	-1.15854e-26
0.0107216 	-0.00219181 	0.00121604 	-5.40654e-27
0.0111683 	-0.00251281 	0.00141899 	-1.76873e-28
0.0116151 	-0.00288825 	0.00163696 	-1.59186e-27
0.0120618 	-0.00326369 	0.00185493 	-3.00684e-27
0.0125085 	-0.00367281 	0.00207762 	-3.929e-27
0.0129553 	-0.00410109 	0.00230299 	-4.57093e-27
0.013402 	-0.00453479 	0.0025275 	-4.90432e-27
0.0138487 	-0.00499916 	0.00274708 	-3.48934e-27
0.0142955 	-0.00546354 	0.00296666 	-2.07435e-27
0.0147422 	-0.00593759 	0.00317258 	-1.17152e-27
0.0151889 	-0.00641656 	0.00337154 	-5.2959e-28
0.0156357 	-0.0068942 	0.00356453 	0
0.0160824 	-0.00736554 	0.00372938 	0
0.0165291 	-0.00783688 	0.00389423 	0
0.0169759 	-0.0082898 	0.00402902 	0
0.0174226 	-0.00873436 	0.00415013 	0
0.0178693 	-0.00917086 	0.0042616 	0
0.0183161 	-0.0095751 	0.00433446 	0
0.0187628 	-0.00997935 	0.00440731 	0
0.0192095 	-0.0103498 	0.00444606 	0
0.0196563 	-0.0107066 	0.00447104 	0
0.020103 	-0.0110524 	0.00448618 	0
0.0205497 	-0.0113602 	0.00446743 	0
0.0209965 	-0.0116681 	0.00444868 	0
0.0214432 	-0.0119417 	0.00440232 	0
0.0218899 	-0.0122032 	0.00434613 	0
0.0223367 	-0.0124542 	0.00428232 	1.08937e-27
0.0227834 	-0.012674 	0.00419564 	5.44683e-27
0.0232302 	-0.0128937 	0.00410896 	9.8043e-27
0.0236769 	-0.0130857 	0.00400399 	1.4411e-26
0.0241236 	-0.013269 	0.00389331 	1.90954e-26
0.0245704 	-0.0134436 	0.00377754 	2.12933e-26
0.0250171 	-0.0135953 	0.00364832 	1.69358e-26
0.0254638 	-0.0137469 	0.0035191 	1.25784e-26
0.0259106 	-0.0138766 	0.00337861 	1.61143e-26
0.0263573 	-0.0140005 	0.00323509 	2.17803e-26
0.026804 	-0.0141168 	0.00308822 	2.89681e-26
0.0272508 	-0.0142157 	0.00293354 	3.97067e-26
0.0276975 	-0.0143146 	0.00277886 	5.04454e-26
0.0281442 	-0.014395 	0.00261696 	4.40492e-26
0.028591 	-0.0144711 	0.0024534 	3.36989e-26
0.0290377 	-0.0145403 	0.00228748 	2.32223e-26
0.0294844 	-0.0145952 	0.00211666 	1.24837e-26
0.0299312 	-0.01465 	0.00194584 	1.74503e-27
0.0303779 	-0.0146881 	0.00176993 	0
0.0308246 	-0.0147229 	0.00159302 	0
0.0312714 	-0.0147509 	0.00141427 	0
0.0317181 	-0.0147666 	0.00123211 	0
0.0321648 	-0.0147822 	0.00104995 	0
0.0326116 	-0.0147819 	0.000863803 	2.28719e-26
0.0330583 	-0.0147791 	0.000677016 	4.939e-26
0.033505 	-0.0147695 	0.000488678 	7.61692e-26
0.0339518 	-0.0147486 	0.000297755 	1.03384e-25
0.0343985 	-0.0147277 	0.000106831 	1.30598e-25
0.0348452 	-0.0146909 	-8.73788e-05 	1.10125e-25
0.035292 	-0.0146521 	-0.000282005 	8.36065e-26
0.0357387 	-0.0146062 	-0.000477925 	5.68099e-26
0.0361854 	-0.0145495 	-0.000675785 	2.95956e-26
0.0366322 	-0.0144927 	-0.000873644 	2.38125e-27
0.0370789 	-0.0144192 	-0.00107386 	-6.1193e-27
0.0375256 	-0.0143441 	-0.0012743 	-1.28254e-26
0.0379724 	-0.0142609 	-0.00147541 	-1.95563e-26
0.0384191 	-0.0141666 	-0.00167743 	-2.63208e-26
0.0388658 	-0.0140723 	-0.00187946 	-3.30852e-26
0.0393126 	-0.0139591 	-0.00208156 	-2.72211e-26
0.0397593 	-0.0138446 	-0.00228368 	-2.0515e-26
0.040206 	-0.0137202 	-0.00248485 	-1.37826e-26
0.0406528 	-0.0135839 	-0.00268487 	-7.01815e-27
0.0410995 	-0.0134476 	-0.0028849 	-2.53668e-28
0.0415462 	-0.0132884 	-0.00307994 	0
0.041993 	-0.0131283 	-0.00327478 	0
0.0424397 	-0.0129557 	-0.00346516 	0
0.0428864 	-0.0127694 	-0.00365059 	0
0.0433332 	-0.0125831 	-0.00383602 	0
0.0437799 	-0.0123678 	-0.00400658 	-6.04665e-27
0.0442266 	-0.0121521 	-0.00417695 	-1.21698e-26
0.0446734 	-0.01192 	-0.00433616 	-1.80706e-26
0.0451201 	-0.0116715 	-0.00448421 	-2.37489e-26
0.0455668 	-0.0114225 	-0.00463187 	-2.92796e-26
0.0460136 	-0.0111373 	-0.00474863 	-2.31564e-26
0.0464603 	-0.0108521 	-0.0048654 	-1.70332e-26
0.046907 	-0.0105456 	-0.00496026 	-1.11436e-26
0.0473538 	-0.0102201 	-0.00503529 	-5.46535e-27
0.0478005 	-0.00989292 	-0.00510833 	1.36168e-28
0.0482472 	-0.0095246 	-0.00513036 	3.76732e-27
0.048694 	-0.00915628 	-0.00515239 	7.39848e-27
0.0491407 	-0.00876456 	-0.0051394 	1.05782e-26
0.0495874 	-0.00835368 	-0.00509777 	1.33886e-26
0.0500342 	-0.00794043 	-0.00505168 	1.57964e-26
0.0504809 	-0.00749168 	-0.00493859 	1.21652e-26
0.0509276 	-0.00704292 	-0.00482549 	8.53404e-27
0.0513744 	-0.00657873 	-0.00467017 	7.33236e-27
0.0518211 	-0.00610312 	-0.00448364 	7.92638e-27
0.0522678 	-0.00562679 	-0.00429128 	8.64994e-27
0.0527146 	-0.00514281 	-0.00403819 	1.07245e-26
0.0531613 	-0.00465883 	-0.00378509 	1.2799e-26
0.053608 	-0.00418497 	-0.00350266 	1.15862e-26
0.0540548 	-0.00371785 	-0.00320066 	8.18182e-27
0.0545015 	-0.00325583 	-0.00289627 	4.92704e-27
0.0549482 	-0.00283414 	-0.00257304 	2.8525e-27
0.055395 	-0.00241245 	-0.0022498 	7.77954e-28
0.0558417 	-0.00203527 	-0.00193394 	0
0.0562884 	-0.00168481 	-0.00162251 	0
0.0567352 	-0.00134634 	-0.00131692 	0
0.0571819 	-0.00108307 	-0.00104795 	0
0.0576286 	-0.000819802 	-0.000778979 	0
0.0580754 	-0.000614258 	-0.000551155 	0
0.0585221 	-0.000439798 	-0.000345485 	0
0.0589688 	-0.000277895 	-0.000151463 	-5.22177e-29
0.0594156 	-0.000180712 	-1.74735e-05 	-3.73557e-28
0.0598623 	-8.35301e-05 	0.000116516 	-6.94897e-28
0.060309 	-2.58577e-05 	0.00020239 	-1.07079e-27
0.0607558 	1.27913e-05 	0.000265097 	-1.47294e-27
0.0612025 	4.42887e-05 	0.000315063 	-1.73944e-27
0.0616492 	4.4795e-05 	0.000309823 	-1.4181e-27
0.062096 	4.53013e-05 	0.000304583 	-1.09676e-27
0.0625427 	3.65931e-05 	0.00025626 	-7.18848e-28
0.0629894 	2.39358e-05 	0.000189473 	-3.16695e-28
0.0634362 	1.2738e-05 	0.000125972 	0
0.0638829 	6.94866e-06 	7.4645e-05 	0
0.0643296 	1.15935e-06 	2.3318e-05 	0
0.0647764 	-3.65466e-07 	6.51467e-06 	0
0.0652231 	-2.72707e-07 	2.8065e-06 	0
0.0656698 	-2.0849e-07 	-2.10648e-08 	-6.90455e-31
0.0661166 	-2.35907e-07 	-2.14441e-08 	-3.59763e-30
0.0665633 	-2.63324e-07 	-2.18235e-08 	-6.50481e-30
0.0670101 	-2.70608e-07 	-2.24814e-08 	-1.02387e-29
0.0674568 	-2.71182e-07 	-2.32323e-08 	-1.42482e-29
0.0679035 	-2.71606e-07 	-2.41393e-08 	-1.64421e-29
0.0683503 	-2.71609e-07 	-2.5485e-08 	-1.35349e-29
0.068797 	-2.71612e-07 	-2.68308e-08 	-1.06278e-29
0.0692437 	-2.71127e-07 	-2.86056e-08 	-6.86628e-30
0.0696905 	-2.705e-07 	-3.05049e-08 	-2.85677e-30
0.0701372 	-2.69687e-07 	-3.25423e-08 	0
0.0705839 	-2.6841e-07 	-3.49217e-08 	0
0.0710307 	-2.67134e-07 	-3.73011e-08 	0
0.0714774 	-2.65335e-07 	-4.00046e-08 	-6.32587e-30
0.0719241 	-2.63406e-07 	-4.27892e-08 	-1.42332e-29
0.0723709 	-2.61273e-07 	-4.56808e-08 	-2.24154e-29
0.0728176 	-2.58693e-07 	-4.88081e-08 	-3.12021e-29
0.0732643 	-2.56114e-07 	-5.19354e-08 	-3.99889e-29
0.0737111 	-2.53001e-07 	-5.53079e-08 	-3.5003e-29
0.0741578 	-2.49774e-07 	-5.87324e-08 	-2.70957e-29
0.0746045 	-2.4633e-07 	-6.22476e-08 	-1.88915e-29
0.0750513 	-2.42459e-07 	-6.5941e-08 	-1.01048e-29
0.075498 	-2.38587e-07 	-6.96344e-08 	-1.31801e-30
0.0759447 	-2.34166e-07 	-7.35461e-08 	0
0.0763915 	-2.29649e-07 	-7.74963e-08 	0
0.0768382 	-2.24895e-07 	-8.15406e-08 	0
0.0772849 	-2.19728e-07 	-8.57503e-08 	0
0.0777317 	-2.14561e-07 	-8.996e-08 	0
0.0781784 	-2.08821e-07 	-9.44116e-08 	0
0.0786251 	-2.02999e-07 	-9.88976e-08 	0
0.0790719 	-1.96922e-07 	-1.03503e-07 	0
0.0795186 	-1.90441e-07 	-1.08296e-07 	0
0.0799653 	-1.83959e-07 	-1.13089e-07 	0
0.0804121 	-1.76881e-07 	-1.182e-07 	0
0.0808588 	-1.69736e-07 	-1.23345e-07 	0
0.0813055 	-1.62317e-07 	-1.28661e-07 	0
0.0817523 	-1.54509e-07 	-1.3422e-07 	0
0.082199 	-1.46701e-07 	-1.39779e-07 	0
0.0826457 	-1.38287e-07 	-1.45791e-07 	0
0.0830925 	-1.29824e-07 	-1.51839e-07 	0
0.0835392 	-1.21085e-07 	-1.58144e-07 	0
0.0839859 	-1.11991e-07 	-1.64776e-07 	0
0.0844327 	-1.02898e-07 	-1.71409e-07 	0
0.0848794 	-9.32496e-08 	-1.78701e-07 	0
0.0853261 	-8.35724e-08 	-1.86027e-07 	0
0.0857729 	-7.36627e-08 	-1.93728e-07 	0
0.0862196 	-6.34829e-08 	-2.01865e-07 	0
0.0866663 	-5.33031e-08 	-2.10003e-07 	0
0.0871131 	-4.27534e-08 	-2.19037e-07 	0
0.0875598 	-3.21943e-08 	-2.28093e-07 	0
0.0880065 	-2.15338e-08 	-1.87124e-07 	0
0.0884533 	-1.07669e-08 	-9.35618e-08 	0
0.0889 	-3.37774e-22 	-3.44468e-21 	0
