0 	506.15 	4.80675e-05
0.000446734 	506.127 	4.79455e-05
0.000893467 	506.103 	4.78222e-05
0.0013402 	506.08 	4.75491e-05
0.00178693 	506.056 	4.71321e-05
0.00223367 	506.033 	4.67068e-05
0.0026804 	506.01 	4.59161e-05
0.00312714 	505.987 	4.51253e-05
0.00357387 	505.964 	4.41098e-05
0.0040206 	505.941 	4.28999e-05
0.00446734 	505.919 	4.16686e-05
0.00491407 	505.898 	4.00307e-05
0.0053608 	505.876 	3.83927e-05
0.00580754 	505.855 	3.65346e-05
0.00625427 	505.835 	3.45067e-05
0.00670101 	505.815 	3.24547e-05
0.00714774 	505.797 	3.01259e-05
0.00759447 	505.778 	2.77971e-05
0.00804121 	505.761 	2.53559e-05
0.00848794 	505.744 	2.28386e-05
0.00893467 	505.727 	2.03117e-05
0.00938141 	505.712 	1.77153e-05
0.00982814 	505.697 	1.51189e-05
0.0102749 	505.683 	1.25292e-05
0.0107216 	505.67 	9.94605e-06
0.0111683 	505.657 	7.37227e-06
0.0116151 	505.646 	4.87402e-06
0.0120618 	505.635 	2.37577e-06
0.0125085 	505.625 	-3.56057e-08
0.0129553 	505.615 	-2.39595e-06
0.013402 	505.605 	-4.73092e-06
0.0138487 	505.597 	-6.9163e-06
0.0142955 	505.589 	-9.10167e-06
0.0147422 	505.582 	-1.11564e-05
0.0151889 	505.576 	-1.31436e-05
0.0156357 	505.569 	-1.50946e-05
0.0160824 	505.564 	-1.68723e-05
0.0165291 	505.559 	-1.865e-05
0.0169759 	505.554 	-2.02832e-05
0.0174226 	505.55 	-2.18502e-05
0.0178693 	505.546 	-2.33766e-05
0.0183161 	505.543 	-2.47394e-05
0.0187628 	505.54 	-2.61023e-05
0.0192095 	505.537 	-2.73286e-05
0.0196563 	505.535 	-2.84994e-05
0.020103 	505.532 	-2.96309e-05
0.0205497 	505.531 	-3.06257e-05
0.0209965 	505.529 	-3.16205e-05
0.0214432 	505.528 	-3.24987e-05
0.0218899 	505.527 	-3.33353e-05
0.0223367 	505.526 	-3.4137e-05
0.0227834 	505.526 	-3.48339e-05
0.0232302 	505.525 	-3.55309e-05
0.0236769 	505.525 	-3.61353e-05
0.0241236 	505.525 	-3.6711e-05
0.0245704 	505.525 	-3.7258e-05
0.0250171 	505.526 	-3.77297e-05
0.0254638 	505.526 	-3.82014e-05
0.0259106 	505.527 	-3.86038e-05
0.0263573 	505.527 	-3.89875e-05
0.026804 	505.528 	-3.93491e-05
0.0272508 	505.529 	-3.96591e-05
0.0276975 	505.53 	-3.99691e-05
0.0281442 	505.531 	-4.02293e-05
0.028591 	505.532 	-4.0478e-05
0.0290377 	505.533 	-4.07103e-05
0.0294844 	505.535 	-4.09085e-05
0.0299312 	505.536 	-4.11066e-05
0.0303779 	505.537 	-4.12699e-05
0.0308246 	505.539 	-4.14263e-05
0.0312714 	505.54 	-4.15708e-05
0.0317181 	505.542 	-4.16928e-05
0.0321648 	505.543 	-4.18149e-05
0.0326116 	505.545 	-4.19124e-05
0.0330583 	505.546 	-4.20059e-05
0.033505 	505.548 	-4.20905e-05
0.0339518 	505.55 	-4.216e-05
0.0343985 	505.551 	-4.22295e-05
0.0348452 	505.553 	-4.22807e-05
0.035292 	505.555 	-4.23296e-05
0.0357387 	505.556 	-4.23711e-05
0.0361854 	505.558 	-4.24015e-05
0.0366322 	505.56 	-4.2432e-05
0.0370789 	505.562 	-4.24469e-05
0.0375256 	505.563 	-4.24602e-05
0.0379724 	505.565 	-4.24665e-05
0.0384191 	505.567 	-4.24631e-05
0.0388658 	505.569 	-4.24597e-05
0.0393126 	505.57 	-4.24403e-05
0.0397593 	505.572 	-4.24197e-05
0.040206 	505.574 	-4.23907e-05
0.0406528 	505.576 	-4.23514e-05
0.0410995 	505.577 	-4.23121e-05
0.0415462 	505.579 	-4.22525e-05
0.041993 	505.581 	-4.2192e-05
0.0424397 	505.582 	-4.212e-05
0.0428864 	505.584 	-4.20348e-05
0.0433332 	505.586 	-4.19494e-05
0.0437799 	505.587 	-4.18356e-05
0.0442266 	505.589 	-4.17211e-05
0.0446734 	505.59 	-4.1589e-05
0.0451201 	505.592 	-4.1439e-05
0.0455668 	505.593 	-4.12882e-05
0.0460136 	505.595 	-4.10957e-05
0.0464603 	505.596 	-4.09027e-05
0.046907 	505.597 	-4.06826e-05
0.0473538 	505.598 	-4.04375e-05
0.0478005 	505.599 	-4.01903e-05
0.0482472 	505.6 	-3.98822e-05
0.048694 	505.601 	-3.95742e-05
0.0491407 	505.602 	-3.92248e-05
0.0495874 	505.603 	-3.88411e-05
0.0500342 	505.604 	-3.8452e-05
0.0504809 	505.604 	-3.79782e-05
0.0509276 	505.605 	-3.75044e-05
0.0513744 	505.605 	-3.69699e-05
0.0518211 	505.605 	-3.63899e-05
0.0522678 	505.605 	-3.57994e-05
0.0527146 	505.605 	-3.50957e-05
0.0531613 	505.604 	-3.43919e-05
0.053608 	505.604 	-3.36032e-05
0.0540548 	505.603 	-3.27572e-05
0.0545015 	505.602 	-3.18936e-05
0.0549482 	505.6 	-3.08865e-05
0.055395 	505.599 	-2.98794e-05
0.0558417 	505.597 	-2.87608e-05
0.0562884 	505.595 	-2.75744e-05
0.0567352 	505.593 	-2.63617e-05
0.0571819 	505.59 	-2.49797e-05
0.0576286 	505.587 	-2.35976e-05
0.0580754 	505.583 	-2.20805e-05
0.0585221 	505.579 	-2.04897e-05
0.0589688 	505.575 	-1.88643e-05
0.0594156 	505.57 	-1.70569e-05
0.0598623 	505.565 	-1.52496e-05
0.060309 	505.559 	-1.32963e-05
0.0607558 	505.552 	-1.12719e-05
0.0612025 	505.546 	-9.20888e-06
0.0616492 	505.538 	-6.97636e-06
0.062096 	505.53 	-4.74385e-06
0.0625427 	505.521 	-2.38018e-06
0.0629894 	505.512 	4.01429e-08
0.0634362 	505.503 	2.49314e-06
0.0638829 	505.492 	5.06799e-06
0.0643296 	505.481 	7.64285e-06
0.0647764 	505.468 	1.0295e-05
0.0652231 	505.456 	1.29763e-05
0.0656698 	505.443 	1.56679e-05
0.0661166 	505.428 	1.83906e-05
0.0665633 	505.414 	2.11133e-05
0.0670101 	505.398 	2.38044e-05
0.0674568 	505.382 	2.64839e-05
0.0679035 	505.365 	2.91263e-05
0.0683503 	505.347 	3.16598e-05
0.068797 	505.329 	3.41932e-05
0.0692437 	505.31 	3.65289e-05
0.0696905 	505.29 	3.8805e-05
0.0701372 	505.27 	4.09814e-05
0.0705839 	505.249 	4.2904e-05
0.0710307 	505.228 	4.48267e-05
0.0714774 	505.206 	4.64217e-05
0.0719241 	505.184 	4.79321e-05
0.0723709 	505.162 	4.93143e-05
0.0728176 	505.14 	5.04072e-05
0.0732643 	505.117 	5.15001e-05
0.0737111 	505.094 	5.22586e-05
0.0741578 	505.071 	5.29423e-05
0.0746045 	505.047 	5.34079e-05
0.0750513 	505.024 	5.34212e-05
0.075498 	505 	5.34344e-05
0.0759447 	504.97 	5.32206e-05
0.0763915 	504.938 	5.29895e-05
0.0768382 	504.891 	5.28445e-05
0.0772849 	504.819 	5.28378e-05
0.0777317 	504.747 	5.28311e-05
0.0781784 	504.646 	5.30048e-05
0.0786251 	504.542 	5.32093e-05
0.0790719 	504.437 	5.34758e-05
0.0795186 	504.332 	5.38269e-05
0.0799653 	504.228 	5.41779e-05
0.0804121 	504.123 	5.44431e-05
0.0808588 	504.018 	5.46997e-05
0.0813055 	503.914 	5.49322e-05
0.0817523 	503.809 	5.51309e-05
0.082199 	503.705 	5.53296e-05
0.0826457 	503.601 	5.54917e-05
0.0830925 	503.496 	5.56506e-05
0.0835392 	503.392 	5.5796e-05
0.0839859 	503.289 	5.59232e-05
0.0844327 	503.185 	5.60504e-05
0.0848794 	503.081 	5.61508e-05
0.0853261 	502.977 	5.62494e-05
0.0857729 	502.874 	5.63356e-05
0.0862196 	502.77 	5.64064e-05
0.0866663 	502.667 	5.64772e-05
0.0871131 	502.563 	5.65211e-05
0.0875598 	502.46 	5.65641e-05
0.0880065 	502.357 	5.65932e-05
0.0884533 	502.253 	5.66077e-05
0.0889 	502.15 	5.66221e-05
