0 	0 	0 	0
0.000446734 	-1.47819e-05 	-5.90482e-05 	6.86856e-26
0.000893467 	-2.95637e-05 	-0.000118096 	1.37371e-25
0.0013402 	-4.99093e-05 	-0.000178501 	2.40991e-25
0.00178693 	-7.55473e-05 	-0.000240196 	3.77842e-25
0.00223367 	-0.000101187 	-0.000301515 	5.09563e-25
0.0026804 	-0.000126911 	-0.000348193 	4.41249e-25
0.00312714 	-0.000152635 	-0.000394872 	3.72934e-25
0.00357387 	-0.000171984 	-0.000425877 	2.31416e-25
0.0040206 	-0.000185847 	-0.000443395 	2.69064e-26
0.00446734 	-0.000198455 	-0.000458875 	-1.69087e-25
0.00491407 	-0.000187195 	-0.000435649 	-2.03274e-25
0.0053608 	-0.000175935 	-0.000412424 	-2.37461e-25
0.00580754 	-0.000142498 	-0.000361033 	-1.57956e-25
0.00625427 	-9.18117e-05 	-0.000287737 	9.97409e-27
0.00670101 	-3.70146e-05 	-0.000210192 	1.77655e-25
0.00714774 	6.848e-05 	-8.02385e-05 	3.42259e-25
0.00759447 	0.000173975 	4.97146e-05 	5.06864e-25
0.00804121 	0.000320543 	0.000214437 	5.15853e-25
0.00848794 	0.000495952 	0.000403572 	4.15582e-25
0.00893467 	0.000679469 	0.000598186 	3.2183e-25
0.00938141 	0.00093597 	0.000842114 	2.86766e-25
0.00982814 	0.00119247 	0.00108604 	2.51701e-25
0.0102749 	0.00150005 	0.00135492 	3.57638e-25
0.0107216 	0.00183995 	0.00163959 	5.52779e-25
0.0111683 	0.0021891 	0.00192645 	7.07728e-25
0.0116151 	0.00260297 	0.00222864 	5.81334e-25
0.0120618 	0.00301685 	0.00253083 	4.5494e-25
0.0125085 	0.00346523 	0.00282634 	1.87655e-25
0.0129553 	0.00393324 	0.00311806 	-1.59743e-25
0.013402 	0.00440554 	0.0034042 	-4.76143e-25
0.0138487 	0.00490215 	0.0036588 	-6.16889e-25
0.0142955 	0.00539876 	0.00391339 	-7.57636e-25
0.0147422 	0.0058973 	0.00412997 	-6.99087e-25
0.0151889 	0.00639682 	0.00432718 	-5.39011e-25
0.0156357 	0.00689307 	0.00451233 	-3.37054e-25
0.0160824 	0.00737389 	0.00464065 	6.23409e-26
0.0165291 	0.0078547 	0.00476896 	4.61735e-25
0.0169759 	0.00831201 	0.00484789 	5.8117e-25
0.0174226 	0.00875863 	0.00490436 	5.7335e-25
0.0178693 	0.00919658 	0.00494721 	5.21499e-25
0.0183161 	0.00959985 	0.0049356 	2.93521e-25
0.0187628 	0.0100031 	0.00492398 	6.55436e-26
0.0192095 	0.0103728 	0.0048696 	0
0.0196563 	0.0107289 	0.00479796 	0
0.020103 	0.0110743 	0.00471507 	-6.85304e-26
0.0205497 	0.0113831 	0.00459349 	-3.7311e-25
0.0209965 	0.0116919 	0.0044719 	-6.7769e-25
0.0214432 	0.0119675 	0.00432117 	-1.10256e-24
0.0218899 	0.0122312 	0.00416006 	-1.57024e-24
0.0223367 	0.0124845 	0.00399148 	-1.90049e-24
0.0227834 	0.0127065 	0.00380051 	-1.81842e-24
0.0232302 	0.0129284 	0.00360954 	-1.73635e-24
0.0236769 	0.0131212 	0.00340219 	-1.1499e-24
0.0241236 	0.0133049 	0.00318974 	-4.0634e-25
0.0245704 	0.0134789 	0.00297328 	2.90348e-25
0.0250171 	0.0136275 	0.00274627 	8.63476e-25
0.0254638 	0.0137762 	0.00251926 	1.4366e-24
0.0259106 	0.0138993 	0.00228515 	1.48405e-24
0.0263573 	0.0140157 	0.00204914 	1.38965e-24
0.026804 	0.0141229 	0.00181174 	1.27305e-24
0.0272508 	0.014209 	0.00157113 	1.10465e-24
0.0276975 	0.0142951 	0.00133051 	9.36242e-25
0.0281442 	0.0143578 	0.00108899 	9.79528e-25
0.028591 	0.0144152 	0.000847256 	1.07167e-24
0.0290377 	0.0144634 	0.00060609 	1.0516e-24
0.0294844 	0.0144928 	0.000366095 	7.98492e-25
0.0299312 	0.0145222 	0.0001261 	5.45383e-25
0.0303779 	0.0145284 	-0.000110386 	-7.65065e-26
0.0308246 	0.0145301 	-0.000346191 	-7.69951e-25
0.0312714 	0.0145219 	-0.00057972 	-1.19588e-24
0.0317181 	0.0144956 	-0.000809026 	-1.12498e-24
0.0321648 	0.0144692 	-0.00103833 	-1.05409e-24
0.0326116 	0.0144181 	-0.00126002 	-3.42877e-25
0.0330583 	0.0143631 	-0.00148048 	4.70414e-25
0.033505 	0.014297 	-0.00169671 	1.03488e-24
0.0339518 	0.0142123 	-0.00190585 	1.18464e-24
0.0343985 	0.0141277 	-0.002115 	1.33441e-24
0.0348452 	0.0140158 	-0.00231165 	8.74655e-25
0.035292 	0.0139004 	-0.00250672 	3.3764e-25
0.0357387 	0.0137722 	-0.00269492 	3.20663e-26
0.0361854 	0.0136249 	-0.00287281 	7.36548e-26
0.0366322 	0.0134775 	-0.0030507 	1.15243e-25
0.0370789 	0.0132998 	-0.00320967 	5.87155e-25
0.0375256 	0.0131192 	-0.00336683 	1.10033e-24
0.0379724 	0.0129238 	-0.00351342 	1.28643e-24
0.0384191 	0.0127084 	-0.00364573 	1.03001e-24
0.0388658 	0.0124931 	-0.00377803 	7.73594e-25
0.0393126 	0.0122436 	-0.00388256 	4.81312e-26
0.0397593 	0.0119919 	-0.00398524 	-7.08601e-25
0.040206 	0.0117231 	-0.00407215 	-1.16227e-24
0.0406528 	0.0114334 	-0.00413981 	-1.24553e-24
0.0410995 	0.0111436 	-0.00420746 	-1.32879e-24
0.0415462 	0.0108159 	-0.0042359 	-9.98927e-25
0.041993 	0.0104868 	-0.00426281 	-6.52963e-25
0.0424397 	0.0101389 	-0.00426789 	-4.17784e-25
0.0428864 	0.00977026 	-0.00424885 	-3.05053e-25
0.0433332 	0.00940166 	-0.00422981 	-1.92321e-25
0.0437799 	0.00899686 	-0.00416202 	-1.50273e-25
0.0442266 	0.0085916 	-0.00409362 	-1.09121e-25
0.0446734 	0.00817155 	-0.00400053 	-7.07464e-26
0.0451201 	0.00773672 	-0.00388274 	-3.51507e-26
0.0455668 	0.00730167 	-0.0037644 	8.16639e-28
0.0460136 	0.00684961 	-0.00360197 	6.61478e-26
0.0464603 	0.00639755 	-0.00343953 	1.31479e-25
0.046907 	0.00594543 	-0.0032588 	2.35779e-25
0.0473538 	0.00549327 	-0.00306154 	3.75336e-25
0.0478005 	0.00504184 	-0.00286349 	5.08263e-25
0.0482472 	0.00460928 	-0.0026453 	4.7102e-25
0.048694 	0.00417672 	-0.00242711 	4.33777e-25
0.0491407 	0.00376528 	-0.00220606 	3.36087e-25
0.0495874 	0.00337111 	-0.00198268 	1.8894e-25
0.0500342 	0.00298024 	-0.00175994 	5.03939e-26
0.0504809 	0.00263888 	-0.0015468 	4.08679e-26
0.0509276 	0.00229751 	-0.00133366 	3.13419e-26
0.0513744 	0.00199128 	-0.00113498 	3.16575e-26
0.0518211 	0.00171102 	-0.000946971 	3.92473e-26
0.0522678 	0.00143636 	-0.00076261 	4.45488e-26
0.0527146 	0.00122012 	-0.000616258 	2.59868e-26
0.0531613 	0.00100388 	-0.000469905 	7.42481e-27
0.053608 	0.000825554 	-0.000359921 	0
0.0540548 	0.00067251 	-0.000274181 	0
0.0545015 	0.000526029 	-0.000196758 	0
0.0549482 	0.000431317 	-0.000184938 	0
0.055395 	0.000336605 	-0.000173118 	0
0.0558417 	0.000270884 	-0.00019999 	5.49687e-27
0.0562884 	0.000222557 	-0.000250077 	1.42919e-26
0.0567352 	0.000177904 	-0.000301033 	2.31016e-26
0.0571819 	0.00015629 	-0.00035744 	3.20041e-26
0.0576286 	0.000134677 	-0.000413847 	4.09065e-26
0.0580754 	0.000109275 	-0.000410106 	4.08388e-26
0.0585221 	8.18339e-05 	-0.000373976 	3.59411e-26
0.0589688 	5.52748e-05 	-0.000327953 	3.03899e-26
0.0594156 	3.32627e-05 	-0.000230941 	2.14704e-26
0.0598623 	1.12505e-05 	-0.000133929 	1.2551e-26
0.060309 	3.07413e-06 	-7.46287e-05 	7.02006e-27
0.0607558 	1.55934e-06 	-3.34853e-05 	3.12058e-27
0.0612025 	3.37087e-07 	-5.62337e-08 	-4.62006e-29
0.0616492 	3.82448e-07 	-5.62571e-08 	-3.79564e-29
0.062096 	4.27808e-07 	-5.62805e-08 	-2.97123e-29
0.0625427 	4.4031e-07 	-5.76793e-08 	-4.28895e-29
0.0629894 	4.38728e-07 	-5.96676e-08 	-6.52472e-29
0.0634362 	4.3689e-07 	-6.16552e-08 	-8.91738e-29
0.0638829 	4.34104e-07 	-6.36403e-08 	-1.18914e-28
0.0643296 	4.31318e-07 	-6.56254e-08 	-1.48654e-28
0.0647764 	4.2787e-07 	-6.76068e-08 	-2.08434e-28
0.0652231 	4.24171e-07 	-6.95868e-08 	-2.79609e-28
0.0656698 	4.20305e-07 	-7.15635e-08 	-3.47069e-28
0.0661166 	4.15906e-07 	-7.35295e-08 	-4.02606e-28
0.0665633 	4.11507e-07 	-7.54956e-08 	-4.58143e-28
0.0670101 	4.06697e-07 	-7.74476e-08 	-3.40547e-28
0.0674568 	4.0175e-07 	-7.93949e-08 	-1.6524e-28
0.0679035 	3.96687e-07 	-8.13383e-08 	1.46556e-29
0.0683503 	3.91295e-07 	-8.32704e-08 	2.07444e-28
0.068797 	3.85904e-07 	-8.52025e-08 	4.00233e-28
0.0692437 	3.80223e-07 	-8.71319e-08 	4.60148e-28
0.0696905 	3.74456e-07 	-8.90604e-08 	4.81487e-28
0.0701372 	3.68595e-07 	-9.09932e-08 	5.32157e-28
0.0705839 	3.62498e-07 	-9.29365e-08 	6.55514e-28
0.0710307 	3.56401e-07 	-9.48798e-08 	7.78872e-28
0.0714774 	3.50059e-07 	-9.68536e-08 	7.1767e-28
0.0719241 	3.43656e-07 	-9.88351e-08 	6.10329e-28
0.0723709 	3.37161e-07 	-1.00837e-07 	4.0027e-28
0.0728176 	3.30464e-07 	-1.02884e-07 	-3.57654e-29
0.0732643 	3.23767e-07 	-1.0493e-07 	-4.71801e-28
0.0737111 	3.16829e-07 	-1.07056e-07 	-7.95523e-28
0.0741578 	3.09839e-07 	-1.09198e-07 	-1.09542e-27
0.0746045 	3.02749e-07 	-1.11383e-07 	-1.39215e-27
0.0750513 	2.95461e-07 	-1.13653e-07 	-1.68268e-27
0.075498 	2.88172e-07 	-1.15923e-07 	-1.9732e-27
0.0759447 	2.8062e-07 	-1.18331e-07 	-1.91406e-27
0.0763915 	2.73021e-07 	-1.20765e-07 	-1.79321e-27
0.0768382 	2.65303e-07 	-1.23272e-07 	-1.43163e-27
0.0772849 	2.57377e-07 	-1.25907e-07 	-6.46708e-28
0.0777317 	2.4945e-07 	-1.28543e-07 	1.38218e-28
0.0781784 	2.4122e-07 	-1.31394e-07 	7.50189e-28
0.0786251 	2.32947e-07 	-1.34275e-07 	1.33745e-27
0.0790719 	2.24531e-07 	-1.37271e-07 	1.75236e-27
0.0795186 	2.1589e-07 	-1.40447e-07 	1.89485e-27
0.0799653 	2.07249e-07 	-1.43623e-07 	2.03734e-27
0.0804121 	1.98257e-07 	-1.47115e-07 	1.88109e-27
0.0808588 	1.89227e-07 	-1.50642e-07 	1.69165e-27
0.0813055 	1.80029e-07 	-1.54341e-07 	1.31083e-27
0.0817523 	1.70593e-07 	-1.58285e-07 	6.57463e-28
0.082199 	1.61156e-07 	-1.6223e-07 	4.09071e-30
0.0826457 	1.51333e-07 	-1.6663e-07 	-5.76582e-28
0.0830925 	1.41479e-07 	-1.71068e-07 	-1.15136e-27
0.0835392 	1.31442e-07 	-1.7576e-07 	-1.49457e-27
0.0839859 	1.21171e-07 	-1.80779e-07 	-1.54005e-27
0.0844327 	1.10901e-07 	-1.85799e-07 	-1.58553e-27
0.0848794 	1.00254e-07 	-1.91467e-07 	-1.01561e-27
0.0853261 	8.95868e-08 	-1.97169e-07 	-4.13297e-28
0.0857729 	7.87596e-08 	-2.03235e-07 	-7.45022e-29
0.0862196 	6.77457e-08 	-2.09725e-07 	-4.19578e-29
0.0866663 	5.67319e-08 	-2.16216e-07 	-9.41345e-30
0.0871131 	4.54616e-08 	-2.23569e-07 	-7.41811e-28
0.0875598 	3.41847e-08 	-2.30944e-07 	-1.49382e-27
0.0880065 	2.28385e-08 	-1.88722e-07 	-1.51094e-27
0.0884533 	1.14192e-08 	-9.43612e-08 	-7.55468e-28
0.0889 	3.40616e-22 	-6.46167e-21 	-6.09057e-41
