0 	0 	0 	0
0.000446734 	4.24285e-05 	0.00231904 	-1.10098e-25
0.000893467 	8.41851e-05 	0.00462081 	-2.1705e-25
0.0013402 	8.60281e-05 	0.00632655 	-2.37507e-25
0.00178693 	5.15873e-05 	0.00748234 	-1.79419e-25
0.00223367 	1.45426e-05 	0.0086171 	-1.19232e-25
0.0026804 	-6.49793e-05 	0.00923574 	-7.03685e-26
0.00312714 	-0.000144501 	0.00985438 	-2.15045e-26
0.00357387 	-0.000226722 	0.0103817 	-1.83536e-26
0.0040206 	-0.000309611 	0.0108337 	-5.39855e-26
0.00446734 	-0.000392706 	0.0112811 	-9.18274e-26
0.00491407 	-0.000466073 	0.0116314 	-1.38036e-25
0.0053608 	-0.000539439 	0.0119817 	-1.84244e-25
0.00580754 	-0.000606005 	0.0122627 	-1.90613e-25
0.00625427 	-0.000666303 	0.0124888 	-1.67489e-25
0.00670101 	-0.000726049 	0.0127051 	-1.40994e-25
0.00714774 	-0.000773221 	0.0127968 	-9.47861e-26
0.00759447 	-0.000820392 	0.0128886 	-4.85779e-26
0.00804121 	-0.000860806 	0.0129089 	-2.34845e-26
0.00848794 	-0.000895934 	0.0128792 	-1.09767e-26
0.00893467 	-0.000930221 	0.0128396 	0
0.00938141 	-0.000954774 	0.0127126 	0
0.00982814 	-0.000979326 	0.0125856 	0
0.0102749 	-0.000998402 	0.0124146 	0
0.0107216 	-0.00101379 	0.0122158 	0
0.0111683 	-0.00102825 	0.0120107 	0
0.0116151 	-0.00103563 	0.0117613 	0
0.0120618 	-0.00104302 	0.0115119 	0
0.0125085 	-0.00104594 	0.0112405 	0
0.0129553 	-0.0010463 	0.0109565 	0
0.013402 	-0.0010457 	0.0106692 	0
0.0138487 	-0.00103996 	0.010363 	0
0.0142955 	-0.00103422 	0.0100567 	0
0.0147422 	-0.00102499 	0.00974224 	0
0.0151889 	-0.00101409 	0.00942361 	0
0.0156357 	-0.00100234 	0.00910429 	0
0.0160824 	-0.000987223 	0.00878167 	0
0.0165291 	-0.000972104 	0.00845905 	0
0.0169759 	-0.000954557 	0.0081385 	0
0.0174226 	-0.000936106 	0.00781889 	0
0.0178693 	-0.000916992 	0.00750101 	0
0.0183161 	-0.000896016 	0.00719007 	0
0.0187628 	-0.000875041 	0.00687914 	0
0.0192095 	-0.000852605 	0.0065775 	0
0.0196563 	-0.000829824 	0.00627962 	0
0.020103 	-0.000806596 	0.00598541 	0
0.0205497 	-0.000782643 	0.00570383 	0
0.0209965 	-0.00075869 	0.00542225 	0
0.0214432 	-0.000734093 	0.00515435 	0
0.0218899 	-0.000709523 	0.00489133 	0
0.0223367 	-0.000684728 	0.00463329 	0
0.0227834 	-0.00066002 	0.00439023 	0
0.0232302 	-0.000635312 	0.00414718 	0
0.0236769 	-0.000610618 	0.00391986 	0
0.0241236 	-0.000586176 	0.00369747 	0
0.0245704 	-0.000561714 	0.00348076 	0
0.0250171 	-0.000537869 	0.0032791 	0
0.0254638 	-0.000514023 	0.00307744 	0
0.0259106 	-0.000490671 	0.00289175 	0
0.0263573 	-0.000467678 	0.00271039 	0
0.026804 	-0.000444828 	0.00253485 	0
0.0272508 	-0.000422871 	0.00237292 	0
0.0276975 	-0.000400915 	0.00221099 	0
0.0281442 	-0.000379738 	0.00206386 	0
0.028591 	-0.000358935 	0.00192015 	0
0.0290377 	-0.000338378 	0.00178188 	0
0.0294844 	-0.00031878 	0.00165492 	0
0.0299312 	-0.000299182 	0.00152797 	0
0.0303779 	-0.00028046 	0.00141363 	0
0.0308246 	-0.000262063 	0.00130175 	0
0.0312714 	-0.000243953 	0.00119451 	0
0.0317181 	-0.000226702 	0.0010959 	0
0.0321648 	-0.000209451 	0.00099728 	0
0.0326116 	-0.000193005 	0.000908458 	0
0.0330583 	-0.000176801 	0.0008212 	0
0.033505 	-0.000160859 	0.000737467 	0
0.0339518 	-0.00014557 	0.000659606 	0
0.0343985 	-0.00013028 	0.000581744 	0
0.0348452 	-0.000115595 	0.00051046 	0
0.035292 	-0.000101058 	0.000440004 	0
0.0357387 	-8.67018e-05 	0.000371719 	0
0.0361854 	-7.27322e-05 	0.000306666 	0
0.0366322 	-5.87627e-05 	0.000241614 	0
0.0370789 	-4.5099e-05 	0.000179683 	0
0.0375256 	-3.14957e-05 	0.000118037 	0
0.0379724 	-1.79484e-05 	5.70077e-05 	-1.48954e-28
0.0384191 	-4.50112e-06 	-3.2304e-06 	-5.18942e-28
0.0388658 	8.94616e-06 	-6.34685e-05 	-8.8893e-28
0.0393126 	2.24415e-05 	-0.000124239 	-1.116e-27
0.0397593 	3.59487e-05 	-0.000185069 	-1.34794e-27
0.040206 	4.95527e-05 	-0.000247038 	-1.49372e-27
0.0406528 	6.33329e-05 	-0.00031046 	-1.54847e-27
0.0410995 	7.71131e-05 	-0.000373882 	-1.60322e-27
0.0415462 	9.13085e-05 	-0.000441687 	-1.93415e-27
0.041993 	0.000105566 	-0.000509697 	-2.2043e-27
0.0424397 	0.000120079 	-0.0005808 	-2.16171e-27
0.0428864 	0.000135003 	-0.0006554 	-1.73697e-27
0.0433332 	0.000149915 	-0.000730049 	-1.31824e-27
0.0437799 	0.000165603 	-0.000813038 	-7.41873e-28
0.0442266 	0.000181366 	-0.000896226 	-2.3979e-28
0.0446734 	0.000197527 	-0.000984652 	3.21055e-28
0.0451201 	0.000214275 	-0.00107841 	9.93295e-28
0.0455668 	0.000230959 	-0.00117236 	1.73628e-27
0.0460136 	0.000248772 	-0.00127853 	2.44947e-27
0.0464603 	0.000266619 	-0.00138479 	3.14323e-27
0.046907 	0.000284957 	-0.00149856 	3.12322e-27
0.0473538 	0.000303979 	-0.0016192 	2.45098e-27
0.0478005 	0.000322906 	-0.00174041 	1.68416e-27
0.0482472 	0.000343131 	-0.0018772 	9.90405e-28
0.048694 	0.000363356 	-0.002014 	2.96645e-28
0.0491407 	0.000384077 	-0.00216051 	0
0.0495874 	0.000405479 	-0.00231506 	0
0.0500342 	0.000426787 	-0.00247076 	-3.58828e-29
0.0504809 	0.000449278 	-0.00264443 	-9.30936e-28
0.0509276 	0.000471768 	-0.0028181 	-1.82599e-27
0.0513744 	0.000494621 	-0.00300335 	-2.64353e-27
0.0518211 	0.00051804 	-0.00319721 	-3.18052e-27
0.0522678 	0.000541342 	-0.00339287 	-3.53603e-27
0.0527146 	0.000565454 	-0.00360758 	-2.64098e-27
0.0531613 	0.000589566 	-0.00382229 	-1.74593e-27
0.053608 	0.000613723 	-0.00404959 	-1.00153e-27
0.0540548 	0.000638214 	-0.00428531 	-4.64544e-28
0.0545015 	0.000662519 	-0.00452334 	0
0.0549482 	0.000686992 	-0.00477962 	0
0.055395 	0.000711464 	-0.00503589 	0
0.0558417 	0.000735448 	-0.00530432 	0
0.0562884 	0.000759427 	-0.00558 	0
0.0567352 	0.000783088 	-0.00585812 	0
0.0571819 	0.000806021 	-0.00615119 	0
0.0576286 	0.000828954 	-0.00644426 	0
0.0580754 	0.000850632 	-0.00674678 	0
0.0585221 	0.000871887 	-0.00705426 	0
0.0589688 	0.000892603 	-0.00736352 	0
0.0594156 	0.000911467 	-0.00768127 	0
0.0598623 	0.000930331 	-0.00799903 	0
0.060309 	0.000946912 	-0.00832018 	0
0.0607558 	0.000962585 	-0.00864277 	0
0.0612025 	0.000977393 	-0.00896515 	0
0.0616492 	0.000988994 	-0.00928574 	0
0.062096 	0.00100059 	-0.00960632 	0
0.0625427 	0.00100862 	-0.00991996 	0
0.0629894 	0.0010152 	-0.0102303 	0
0.0634362 	0.00102049 	-0.0105367 	0
0.0638829 	0.00102111 	-0.0108272 	0
0.0643296 	0.00102173 	-0.0111177 	0
0.0647764 	0.00101737 	-0.0113858 	0
0.0652231 	0.00101109 	-0.011645 	0
0.0656698 	0.00100304 	-0.0118937 	0
0.0661166 	0.000988977 	-0.0121073 	0
0.0665633 	0.000974912 	-0.012321 	0
0.0670101 	0.000954407 	-0.012487 	0
0.0674568 	0.00093157 	-0.0126365 	0
0.0679035 	0.000906344 	-0.0127636 	0
0.0683503 	0.000873574 	-0.012826 	0
0.068797 	0.000840803 	-0.0128884 	0
0.0692437 	0.000799672 	-0.0128648 	0
0.0696905 	0.000755712 	-0.0128157 	0
0.0701372 	0.000708637 	-0.0127299 	0
0.0705839 	0.000652418 	-0.0125518 	0
0.0710307 	0.000596198 	-0.0123737 	0
0.0714774 	0.000530695 	-0.0120936 	0
0.0719241 	0.000462261 	-0.0117879 	0
0.0723709 	0.0003909 	-0.0114491 	0
0.0728176 	0.000311285 	-0.011038 	0
0.0732643 	0.00023167 	-0.0106268 	0
0.0737111 	0.000152438 	-0.0101174 	0
0.0741578 	7.28254e-05 	-0.00958622 	0
0.0746045 	5.76139e-06 	-0.0089371 	-7.09166e-27
0.0750513 	-3.66859e-05 	-0.00804445 	-2.95984e-26
0.075498 	-7.91332e-05 	-0.00715181 	-5.21052e-26
0.0759447 	-7.2378e-05 	-0.00560206 	-7.03321e-26
0.0763915 	-5.79741e-05 	-0.00393314 	-8.40105e-26
0.0768382 	-4.00265e-05 	-0.0024312 	-8.3187e-26
0.0772849 	-2.06457e-05 	-0.00131687 	-6.06802e-26
0.0777317 	-1.2649e-06 	-0.000202542 	-3.81734e-26
0.0781784 	4.72192e-07 	-5.57482e-05 	-2.175e-26
0.0786251 	1.37639e-07 	-2.08423e-05 	-8.07154e-27
0.0790719 	-6.2909e-08 	-2.52315e-07 	0
0.0795186 	-6.9364e-08 	-2.71482e-07 	0
0.0799653 	-7.5819e-08 	-2.90648e-07 	0
0.0804121 	-7.28787e-08 	-3.08029e-07 	0
0.0808588 	-6.89132e-08 	-3.25299e-07 	0
0.0813055 	-6.46589e-08 	-3.42363e-07 	-1.20205e-28
0.0817523 	-5.99461e-08 	-3.59183e-07 	-4.28352e-28
0.082199 	-5.52332e-08 	-3.76003e-07 	-7.36499e-28
0.0826457 	-5.07231e-08 	-3.9319e-07 	-1.08845e-27
0.0830925 	-4.62354e-08 	-4.10404e-07 	-1.43025e-27
0.0835392 	-4.19172e-08 	-4.27888e-07 	-1.33365e-27
0.0839859 	-3.78432e-08 	-4.45699e-07 	-6.48829e-28
0.0844327 	-3.37691e-08 	-4.63509e-07 	3.59947e-29
0.0848794 	-3.00421e-08 	-4.81923e-07 	8.1854e-28
0.0853261 	-2.63467e-08 	-5.0036e-07 	1.57309e-27
0.0857729 	-2.27708e-08 	-5.19085e-07 	1.79923e-27
0.0862196 	-1.93609e-08 	-5.38132e-07 	1.42256e-27
0.0866663 	-1.5951e-08 	-5.57179e-07 	1.04588e-27
0.0871131 	-1.27076e-08 	-5.76793e-07 	6.15024e-28
0.0875598 	-9.481e-09 	-5.96418e-07 	2.02281e-28
0.0880065 	-6.28486e-09 	-4.93522e-07 	0
0.0884533 	-3.14543e-09 	-2.49681e-07 	0
0.0889 	0 	0 	0
