0 	0 	0 	0
0.000446734 	5.23856e-06 	0.000236015 	1.18321e-27
0.000893467 	1.04771e-05 	0.000472031 	2.36642e-27
0.0013402 	1.56654e-05 	0.000594113 	2.5681e-27
0.00178693 	2.08057e-05 	0.000607821 	1.83611e-27
0.00223367 	2.60475e-05 	0.000618462 	1.11114e-27
0.0026804 	3.52434e-05 	0.000509525 	6.59916e-28
0.00312714 	4.44392e-05 	0.000400587 	2.08691e-28
0.00357387 	5.62932e-05 	0.000271014 	0
0.0040206 	7.04344e-05 	0.000123685 	0
0.00446734 	8.42977e-05 	-2.2318e-05 	0
0.00491407 	9.28797e-05 	-0.000143116 	0
0.0053608 	0.000101462 	-0.000263915 	0
0.00580754 	9.76142e-05 	-0.000347257 	0
0.00625427 	8.40991e-05 	-0.000401466 	0
0.00670101 	6.7876e-05 	-0.000449964 	-8.61308e-29
0.00714774 	1.82543e-05 	-0.000428028 	-1.23454e-27
0.00759447 	-3.13675e-05 	-0.000406091 	-2.38295e-27
0.00804121 	-0.000106912 	-0.000347746 	-3.57848e-27
0.00848794 	-0.000200656 	-0.000263837 	-4.8071e-27
0.00893467 	-0.000299286 	-0.000175817 	-5.79801e-27
0.00938141 	-0.000441874 	-5.07964e-05 	-4.6496e-27
0.00982814 	-0.000584463 	7.42238e-05 	-3.50119e-27
0.0102749 	-0.000760102 	0.000215586 	-2.30365e-27
0.0107216 	-0.000956649 	0.000367287 	-1.07504e-27
0.0111683 	-0.00116068 	0.000521606 	-4.58334e-29
0.0116151 	-0.00141713 	0.000694251 	-4.12501e-28
0.0120618 	-0.00167357 	0.000866896 	-7.79168e-28
0.0125085 	-0.0019708 	0.00105186 	-9.60775e-28
0.0129553 	-0.00229122 	0.00124382 	-1.03715e-27
0.013402 	-0.00262106 	0.00143824 	-1.04707e-27
0.0138487 	-0.00300424 	0.00164654 	-6.80404e-28
0.0142955 	-0.00338742 	0.00185484 	-3.13737e-28
0.0147422 	-0.00380634 	0.00206909 	-1.39387e-28
0.0151889 	-0.00424346 	0.00228636 	-6.30107e-29
0.0156357 	-0.00468718 	0.00250316 	0
0.0160824 	-0.00516202 	0.00271773 	0
0.0165291 	-0.00563686 	0.00293231 	0
0.0169759 	-0.0061231 	0.00313556 	0
0.0174226 	-0.0066145 	0.00333366 	0
0.0178693 	-0.00710474 	0.00352586 	0
0.0183161 	-0.00759028 	0.00369446 	0
0.0187628 	-0.00807582 	0.00386306 	0
0.0192095 	-0.00854288 	0.00400358 	0
0.0196563 	-0.00900249 	0.00413277 	0
0.020103 	-0.00945288 	0.00425187 	0
0.0205497 	-0.00987152 	0.00433622 	0
0.0209965 	-0.0102902 	0.00442057 	0
0.0214432 	-0.010672 	0.00447126 	0
0.0218899 	-0.0110409 	0.00450996 	0
0.0223367 	-0.0113965 	0.00453801 	1.0186e-27
0.0227834 	-0.0117127 	0.00453411 	5.09301e-27
0.0232302 	-0.0120288 	0.00453021 	9.16742e-27
0.0236769 	-0.0123063 	0.00449811 	1.35533e-26
0.0241236 	-0.0125717 	0.00445721 	1.80362e-26
0.0245704 	-0.0128245 	0.004408 	2.01659e-26
0.0250171 	-0.013044 	0.00433688 	1.60915e-26
0.0254638 	-0.0132636 	0.00426576 	1.20171e-26
0.0259106 	-0.013452 	0.00417615 	1.55759e-26
0.0263573 	-0.0136319 	0.00408155 	2.11944e-26
0.026804 	-0.0138019 	0.0039817 	2.82665e-26
0.0272508 	-0.0139485 	0.0038696 	3.87299e-26
0.0276975 	-0.0140952 	0.0037575 	4.91933e-26
0.0281442 	-0.0142191 	0.00363507 	4.29478e-26
0.028591 	-0.0143378 	0.00351026 	3.28463e-26
0.0290377 	-0.0144488 	0.00338248 	2.26272e-26
0.0294844 	-0.0145439 	0.00324854 	1.21637e-26
0.0299312 	-0.0146389 	0.00311459 	1.70031e-27
0.0303779 	-0.0147168 	0.00297509 	0
0.0308246 	-0.0147914 	0.00283451 	0
0.0312714 	-0.0148595 	0.00269218 	0
0.0317181 	-0.0149157 	0.0025466 	0
0.0321648 	-0.014972 	0.00240103 	0
0.0326116 	-0.0150137 	0.00225203 	2.05486e-26
0.0330583 	-0.0150531 	0.00210248 	4.43732e-26
0.033505 	-0.0150866 	0.00195166 	6.83381e-26
0.0339518 	-0.0151102 	0.00179872 	9.25371e-26
0.0343985 	-0.0151338 	0.00164577 	1.16736e-25
0.0348452 	-0.015144 	0.00149006 	9.83143e-26
0.035292 	-0.0151526 	0.00133399 	7.44898e-26
0.0357387 	-0.0151553 	0.00117669 	5.05155e-26
0.0361854 	-0.0151493 	0.00101756 	2.63164e-26
0.0366322 	-0.0151432 	0.000858432 	2.11742e-27
0.0370789 	-0.0151241 	0.000696445 	-5.65324e-27
0.0375256 	-0.0151038 	0.000534184 	-1.18486e-26
0.0379724 	-0.0150774 	0.000370537 	-1.81102e-26
0.0384191 	-0.0150428 	0.000205015 	-2.44614e-26
0.0388658 	-0.0150082 	3.94921e-05 	-3.08127e-26
0.0393126 	-0.0149602 	-0.000129231 	-2.54015e-26
0.0397593 	-0.0149113 	-0.000298167 	-1.92062e-26
0.040206 	-0.0148559 	-0.000468683 	-1.29407e-26
0.0406528 	-0.0147924 	-0.00064113 	-6.58944e-27
0.0410995 	-0.0147289 	-0.000813577 	-2.38173e-28
0.0415462 	-0.0146509 	-0.000989338 	0
0.041993 	-0.0145722 	-0.00116523 	0
0.0424397 	-0.0144861 	-0.00134259 	0
0.0428864 	-0.0143916 	-0.00152159 	0
0.0433332 	-0.0142971 	-0.00170059 	0
0.0437799 	-0.0141859 	-0.00188195 	-6.81103e-27
0.0442266 	-0.0140746 	-0.00206334 	-1.37083e-26
0.0446734 	-0.0139542 	-0.00224533 	-2.06391e-26
0.0451201 	-0.0138249 	-0.00242791 	-2.76035e-26
0.0455668 	-0.0136953 	-0.00261048 	-3.43946e-26
0.0460136 	-0.0135464 	-0.00279239 	-2.74973e-26
0.0464603 	-0.0133976 	-0.0029743 	-2.06001e-26
0.046907 	-0.0132376 	-0.00315445 	-1.36676e-26
0.0473538 	-0.0130675 	-0.003333 	-6.70322e-27
0.0478005 	-0.0128966 	-0.0035113 	2.54621e-28
0.0482472 	-0.0127033 	-0.00368279 	7.04452e-27
0.048694 	-0.0125099 	-0.00385429 	1.38344e-26
0.0491407 	-0.0123025 	-0.00401918 	2.04874e-26
0.0495874 	-0.0120835 	-0.00417866 	2.70283e-26
0.0500342 	-0.0118627 	-0.00433698 	3.2736e-26
0.0504809 	-0.0116151 	-0.00447803 	2.59461e-26
0.0509276 	-0.0113676 	-0.00461908 	1.91562e-26
0.0513744 	-0.0111018 	-0.00474492 	1.95396e-26
0.0518211 	-0.0108227 	-0.00485952 	2.52252e-26
0.0522678 	-0.0105404 	-0.00497097 	3.13772e-26
0.0527146 	-0.0102265 	-0.00504953 	4.23943e-26
0.0531613 	-0.00991257 	-0.00512809 	5.34114e-26
0.053608 	-0.00957628 	-0.00517857 	5.04824e-26
0.0540548 	-0.0092251 	-0.00521033 	3.8256e-26
0.0545015 	-0.00886965 	-0.00523558 	2.61656e-26
0.0549482 	-0.00848047 	-0.00520959 	1.51485e-26
0.055395 	-0.00809129 	-0.00518359 	4.13141e-27
0.0558417 	-0.00767998 	-0.00511569 	0
0.0562884 	-0.0072554 	-0.00502264 	0
0.0567352 	-0.00682702 	-0.00491969 	0
0.0571819 	-0.00637487 	-0.00475468 	0
0.0576286 	-0.00592272 	-0.00458966 	0
0.0580754 	-0.00546218 	-0.00437964 	0
0.0585221 	-0.00499712 	-0.00414539 	0
0.0589688 	-0.0045335 	-0.00390202 	-2.7091e-28
0.0594156 	-0.0040773 	-0.00361169 	-1.93805e-27
0.0598623 	-0.0036211 	-0.00332137 	-3.60519e-27
0.060309 	-0.00318891 	-0.00300959 	-4.86171e-27
0.0607558 	-0.00276828 	-0.00268749 	-5.92054e-27
0.0612025 	-0.00235931 	-0.00236549 	-6.46824e-27
0.0616492 	-0.00200079 	-0.00204398 	-4.8011e-27
0.062096 	-0.00164227 	-0.00172246 	-3.13397e-27
0.0625427 	-0.00134068 	-0.00142469 	-1.89265e-27
0.0629894 	-0.0010635 	-0.00113709 	-8.33824e-28
0.0634362 	-0.000804892 	-0.000862164 	0
0.0638829 	-0.00061509 	-0.000634235 	0
0.0643296 	-0.000425288 	-0.000406305 	0
0.0647764 	-0.00029299 	-0.00023117 	0
0.0652231 	-0.000182503 	-7.60595e-05 	0
0.0656698 	-8.67098e-05 	6.12549e-05 	-5.07742e-29
0.0661166 	-3.80873e-05 	0.000141436 	-2.64561e-28
0.0665633 	1.05352e-05 	0.000221616 	-4.78347e-28
0.0670101 	2.82527e-05 	0.000247935 	-6.5167e-28
0.0674568 	3.56685e-05 	0.000256301 	-8.11505e-28
0.0679035 	3.84313e-05 	0.000248142 	-8.73264e-28
0.0683503 	2.81214e-05 	0.000193557 	-6.59478e-28
0.068797 	1.78115e-05 	0.000138973 	-4.45691e-28
0.0692437 	1.06077e-05 	9.09376e-05 	-2.73717e-28
0.0696905 	4.30567e-06 	4.4804e-05 	-1.13882e-28
0.0701372 	-1.83013e-07 	1.05509e-05 	0
0.0705839 	-1.77796e-07 	5.74098e-06 	0
0.0710307 	-1.72578e-07 	9.31096e-07 	0
0.0714774 	-1.89959e-07 	-3.23555e-08 	1.4612e-30
0.0719241 	-2.1299e-07 	-3.41988e-08 	3.28771e-30
0.0723709 	-2.28804e-07 	-3.61712e-08 	5.19467e-30
0.0728176 	-2.28741e-07 	-3.84277e-08 	7.27867e-30
0.0732643 	-2.28678e-07 	-4.06842e-08 	9.36266e-30
0.0737111 	-2.27868e-07 	-4.35039e-08 	8.22049e-30
0.0741578 	-2.26899e-07 	-4.6443e-08 	6.39399e-30
0.0746045 	-2.25615e-07 	-4.95995e-08 	4.48058e-30
0.0750513 	-2.23715e-07 	-5.31828e-08 	2.39659e-30
0.075498 	-2.21816e-07 	-5.67661e-08 	3.12599e-31
0.0759447 	-2.19129e-07 	-6.08456e-08 	0
0.0763915 	-2.16304e-07 	-6.50127e-08 	0
0.0768382 	-2.13149e-07 	-6.93722e-08 	0
0.0772849 	-2.09412e-07 	-7.407e-08 	0
0.0777317 	-2.05676e-07 	-7.87678e-08 	0
0.0781784 	-2.01155e-07 	-8.3901e-08 	0
0.0786251 	-1.96521e-07 	-8.90965e-08 	0
0.0790719 	-1.91544e-07 	-9.44817e-08 	0
0.0795186 	-1.86025e-07 	-1.00167e-07 	0
0.0799653 	-1.80505e-07 	-1.05852e-07 	0
0.0804121 	-1.74198e-07 	-1.11995e-07 	0
0.0808588 	-1.67803e-07 	-1.18188e-07 	0
0.0813055 	-1.61051e-07 	-1.2461e-07 	0
0.0817523 	-1.53793e-07 	-1.31358e-07 	0
0.082199 	-1.46535e-07 	-1.38105e-07 	0
0.0826457 	-1.38499e-07 	-1.45432e-07 	0
0.0830925 	-1.30399e-07 	-1.52805e-07 	0
0.0835392 	-1.21948e-07 	-1.60496e-07 	0
0.0839859 	-1.13044e-07 	-1.68593e-07 	0
0.0844327 	-1.04141e-07 	-1.76691e-07 	0
0.0848794 	-9.45358e-08 	-1.85592e-07 	0
0.0853261 	-8.48936e-08 	-1.94535e-07 	0
0.0857729 	-7.49585e-08 	-2.03932e-07 	0
0.0862196 	-6.46829e-08 	-2.13856e-07 	0
0.0866663 	-5.44073e-08 	-2.23779e-07 	0
0.0871131 	-4.36659e-08 	-2.34782e-07 	0
0.0875598 	-3.29125e-08 	-2.45812e-07 	0
0.0880065 	-2.20313e-08 	-2.02183e-07 	0
0.0884533 	-1.10157e-08 	-1.01092e-07 	0
0.0889 	-3.4618e-22 	-3.73305e-21 	0
