0 	506.15 	-4.25318e-05
0.000446734 	506.13 	-4.25727e-05
0.000893467 	506.11 	-4.26136e-05
0.0013402 	506.09 	-4.26913e-05
0.00178693 	506.07 	-4.2804e-05
0.00223367 	506.05 	-4.29179e-05
0.0026804 	506.03 	-4.30764e-05
0.00312714 	506.01 	-4.32349e-05
0.00357387 	505.991 	-4.33944e-05
0.0040206 	505.971 	-4.35546e-05
0.00446734 	505.952 	-4.37123e-05
0.00491407 	505.933 	-4.38215e-05
0.0053608 	505.914 	-4.39307e-05
0.00580754 	505.896 	-4.3992e-05
0.00625427 	505.877 	-4.40162e-05
0.00670101 	505.859 	-4.4034e-05
0.00714774 	505.841 	-4.39719e-05
0.00759447 	505.824 	-4.39099e-05
0.00804121 	505.807 	-4.38133e-05
0.00848794 	505.79 	-4.36925e-05
0.00893467 	505.773 	-4.357e-05
0.00938141 	505.756 	-4.3432e-05
0.00982814 	505.74 	-4.32941e-05
0.0102749 	505.724 	-4.31679e-05
0.0107216 	505.708 	-4.30491e-05
0.0111683 	505.693 	-4.2935e-05
0.0116151 	505.678 	-4.28537e-05
0.0120618 	505.662 	-4.27725e-05
0.0125085 	505.648 	-4.27161e-05
0.0129553 	505.633 	-4.26737e-05
0.013402 	505.619 	-4.26359e-05
0.0138487 	505.605 	-4.26241e-05
0.0142955 	505.591 	-4.26122e-05
0.0147422 	505.577 	-4.2614e-05
0.0151889 	505.564 	-4.26226e-05
0.0156357 	505.551 	-4.26334e-05
0.0160824 	505.538 	-4.26544e-05
0.0165291 	505.525 	-4.26755e-05
0.0169759 	505.513 	-4.27014e-05
0.0174226 	505.501 	-4.27295e-05
0.0178693 	505.488 	-4.27584e-05
0.0183161 	505.477 	-4.27906e-05
0.0187628 	505.465 	-4.28228e-05
0.0192095 	505.453 	-4.28566e-05
0.0196563 	505.442 	-4.28911e-05
0.020103 	505.431 	-4.2926e-05
0.0205497 	505.42 	-4.29619e-05
0.0209965 	505.409 	-4.29979e-05
0.0214432 	505.399 	-4.30346e-05
0.0218899 	505.388 	-4.30715e-05
0.0223367 	505.378 	-4.31087e-05
0.0227834 	505.368 	-4.31464e-05
0.0232302 	505.358 	-4.31842e-05
0.0236769 	505.348 	-4.32222e-05
0.0241236 	505.338 	-4.32604e-05
0.0245704 	505.328 	-4.32984e-05
0.0250171 	505.319 	-4.33363e-05
0.0254638 	505.309 	-4.33741e-05
0.0259106 	505.3 	-4.34106e-05
0.0263573 	505.29 	-4.34466e-05
0.026804 	505.281 	-4.34815e-05
0.0272508 	505.272 	-4.35135e-05
0.0276975 	505.263 	-4.35455e-05
0.0281442 	505.254 	-4.35717e-05
0.028591 	505.245 	-4.35964e-05
0.0290377 	505.236 	-4.36177e-05
0.0294844 	505.227 	-4.36318e-05
0.0299312 	505.218 	-4.36458e-05
0.0303779 	505.209 	-4.36482e-05
0.0308246 	505.2 	-4.36483e-05
0.0312714 	505.191 	-4.3643e-05
0.0317181 	505.182 	-4.36276e-05
0.0321648 	505.173 	-4.36122e-05
0.0326116 	505.164 	-4.35846e-05
0.0330583 	505.155 	-4.35551e-05
0.033505 	505.146 	-4.35222e-05
0.0339518 	505.137 	-4.34838e-05
0.0343985 	505.128 	-4.34453e-05
0.0348452 	505.119 	-4.3406e-05
0.035292 	505.11 	-4.33665e-05
0.0357387 	505.101 	-4.333e-05
0.0361854 	505.091 	-4.32977e-05
0.0366322 	505.082 	-4.32655e-05
0.0370789 	505.069 	-4.32568e-05
0.0375256 	505.056 	-4.32503e-05
0.0379724 	505.041 	-4.29638e-05
0.0384191 	505.023 	-4.22983e-05
0.0388658 	505.005 	-4.16327e-05
0.0393126 	504.985 	-4.02807e-05
0.0397593 	504.965 	-3.88829e-05
0.040206 	504.944 	-3.74471e-05
0.0406528 	504.924 	-3.59651e-05
0.0410995 	504.903 	-3.44831e-05
0.0415462 	504.882 	-3.29535e-05
0.041993 	504.86 	-3.1422e-05
0.0424397 	504.839 	-2.98761e-05
0.0428864 	504.817 	-2.83144e-05
0.0433332 	504.796 	-2.67527e-05
0.0437799 	504.774 	-2.51705e-05
0.0442266 	504.752 	-2.35881e-05
0.0446734 	504.73 	-2.19976e-05
0.0451201 	504.708 	-2.03991e-05
0.0455668 	504.686 	-1.88004e-05
0.0460136 	504.663 	-1.71886e-05
0.0464603 	504.641 	-1.55768e-05
0.046907 	504.618 	-1.39591e-05
0.0473538 	504.595 	-1.23362e-05
0.0478005 	504.573 	-1.07129e-05
0.0482472 	504.55 	-9.08074e-06
0.048694 	504.527 	-7.44859e-06
0.0491407 	504.503 	-5.81252e-06
0.0495874 	504.48 	-4.17323e-06
0.0500342 	504.457 	-2.53362e-06
0.0504809 	504.433 	-8.89373e-07
0.0509276 	504.409 	7.54879e-07
0.0513744 	504.386 	2.40064e-06
0.0518211 	504.362 	4.04751e-06
0.0522678 	504.338 	5.6944e-06
0.0527146 	504.314 	7.34142e-06
0.0531613 	504.29 	8.98844e-06
0.053608 	504.265 	1.0634e-05
0.0540548 	504.241 	1.22786e-05
0.0545015 	504.216 	1.39226e-05
0.0549482 	504.192 	1.55621e-05
0.055395 	504.167 	1.72016e-05
0.0558417 	504.142 	1.88362e-05
0.0562884 	504.117 	2.04678e-05
0.0567352 	504.093 	2.2098e-05
0.0571819 	504.067 	2.37191e-05
0.0576286 	504.042 	2.53402e-05
0.0580754 	504.017 	2.69526e-05
0.0585221 	503.992 	2.85603e-05
0.0589688 	503.966 	3.01654e-05
0.0594156 	503.941 	3.1757e-05
0.0598623 	503.915 	3.33485e-05
0.060309 	503.89 	3.49273e-05
0.0607558 	503.864 	3.64999e-05
0.0612025 	503.838 	3.80684e-05
0.0616492 	503.812 	3.96193e-05
0.062096 	503.787 	4.11702e-05
0.0625427 	503.76 	4.27039e-05
0.0629894 	503.734 	4.42302e-05
0.0634362 	503.708 	4.57507e-05
0.0638829 	503.682 	4.72496e-05
0.0643296 	503.656 	4.87486e-05
0.0647764 	503.629 	5.02256e-05
0.0652231 	503.603 	5.16944e-05
0.0656698 	503.577 	5.31553e-05
0.0661166 	503.55 	5.4591e-05
0.0665633 	503.524 	5.60267e-05
0.0670101 	503.497 	5.74355e-05
0.0674568 	503.47 	5.88353e-05
0.0679035 	503.444 	6.02249e-05
0.0683503 	503.417 	6.15859e-05
0.068797 	503.39 	6.29468e-05
0.0692437 	503.363 	6.42754e-05
0.0696905 	503.336 	6.55945e-05
0.0701372 	503.309 	6.69008e-05
0.0705839 	503.282 	6.8175e-05
0.0710307 	503.255 	6.94493e-05
0.0714774 	503.228 	7.06852e-05
0.0719241 	503.201 	7.19114e-05
0.0723709 	503.174 	7.31217e-05
0.0728176 	503.146 	7.42967e-05
0.0732643 	503.119 	7.54717e-05
0.0737111 	503.092 	7.66017e-05
0.0741578 	503.065 	7.77222e-05
0.0746045 	503.037 	7.88231e-05
0.0750513 	503.01 	7.98855e-05
0.075498 	502.982 	8.09479e-05
0.0759447 	502.955 	8.19578e-05
0.0763915 	502.927 	8.29586e-05
0.0768382 	502.9 	8.39356e-05
0.0772849 	502.872 	8.48709e-05
0.0777317 	502.845 	8.58062e-05
0.0781784 	502.817 	8.66808e-05
0.0786251 	502.79 	8.75468e-05
0.0790719 	502.762 	8.83843e-05
0.0795186 	502.734 	8.91767e-05
0.0799653 	502.707 	8.99692e-05
0.0804121 	502.679 	9.06918e-05
0.0808588 	502.651 	9.14065e-05
0.0813055 	502.623 	9.20874e-05
0.0817523 	502.596 	9.272e-05
0.082199 	502.568 	9.33527e-05
0.0826457 	502.54 	9.39052e-05
0.0830925 	502.512 	9.44513e-05
0.0835392 	502.484 	9.49575e-05
0.0839859 	502.457 	9.54125e-05
0.0844327 	502.429 	9.58674e-05
0.0848794 	502.401 	9.62318e-05
0.0853261 	502.373 	9.65914e-05
0.0857729 	502.345 	9.6905e-05
0.0862196 	502.317 	9.71652e-05
0.0866663 	502.289 	9.74255e-05
0.0871131 	502.262 	9.75857e-05
0.0875598 	502.234 	9.77433e-05
0.0880065 	502.206 	9.78499e-05
0.0884533 	502.178 	9.79027e-05
0.0889 	502.15 	9.79555e-05
