0 	0 	0 	0
0.000446734 	5.82664e-06 	0.000206993 	-8.46297e-27
0.000893467 	1.16533e-05 	0.000413985 	-1.69259e-26
0.0013402 	1.80087e-05 	0.00051458 	-1.8906e-26
0.00178693 	2.48671e-05 	0.000513968 	-1.47193e-26
0.00223367 	3.17647e-05 	0.000510678 	-1.05304e-26
0.0026804 	4.01917e-05 	0.000402969 	-6.2541e-27
0.00312714 	4.86186e-05 	0.000295261 	-1.97779e-27
0.00357387 	5.52164e-05 	0.000176719 	0
0.0040206 	6.02404e-05 	4.88558e-05 	0
0.00446734 	6.43275e-05 	-7.68062e-05 	0
0.00491407 	5.06153e-05 	-0.000160646 	0
0.0053608 	3.69032e-05 	-0.000244485 	0
0.00580754 	2.98192e-06 	-0.000285663 	0
0.00625427 	-4.66575e-05 	-0.000293658 	0
0.00670101 	-9.98541e-05 	-0.00029606 	-5.57711e-28
0.00714774 	-0.000196923 	-0.000229469 	-7.99386e-27
0.00759447 	-0.000293992 	-0.000162879 	-1.543e-26
0.00804121 	-0.00042256 	-6.3594e-05 	-2.24975e-26
0.00848794 	-0.000573244 	5.8646e-05 	-2.93062e-26
0.00893467 	-0.000729785 	0.000184615 	-3.46904e-26
0.00938141 	-0.000939028 	0.000344144 	-2.72542e-26
0.00982814 	-0.00114827 	0.000503673 	-1.98181e-26
0.0102749 	-0.00139644 	0.000679588 	-1.27663e-26
0.0107216 	-0.00166922 	0.00086587 	-5.95759e-27
0.0111683 	-0.00195028 	0.00105482 	-2.43038e-28
0.0116151 	-0.00228923 	0.00126244 	-2.18734e-27
0.0120618 	-0.00262818 	0.00147006 	-4.13164e-27
0.0125085 	-0.0030072 	0.00168752 	-5.62645e-27
0.0129553 	-0.003409 	0.00191059 	-6.86566e-27
0.013402 	-0.00381853 	0.00213449 	-7.62735e-27
0.0138487 	-0.00427181 	0.00236315 	-5.68305e-27
0.0142955 	-0.00472509 	0.00259181 	-3.73875e-27
0.0147422 	-0.0052001 	0.00281513 	-2.26157e-27
0.0151889 	-0.00568616 	0.00303573 	-1.02235e-27
0.0156357 	-0.00617398 	0.00325231 	0
0.0160824 	-0.00667001 	0.00344992 	0
0.0165291 	-0.00716604 	0.00364754 	0
0.0169759 	-0.00765326 	0.00382033 	0
0.0174226 	-0.00813649 	0.00398186 	0
0.0178693 	-0.00861335 	0.00413437 	0
0.0183161 	-0.00906477 	0.00425087 	0
0.0187628 	-0.00951619 	0.00436737 	0
0.0192095 	-0.00993572 	0.00444911 	0
0.0196563 	-0.0103424 	0.00451682 	0
0.020103 	-0.0107375 	0.0045738 	0
0.0205497 	-0.0110931 	0.00459377 	0
0.0209965 	-0.0114486 	0.00461375 	0
0.0214432 	-0.011766 	0.00460196 	0
0.0218899 	-0.0120698 	0.00457886 	0
0.0223367 	-0.0123615 	0.00454666 	1.00981e-27
0.0227834 	-0.0126169 	0.00448713 	5.04905e-27
0.0232302 	-0.0128724 	0.00442761 	9.08829e-27
0.0236769 	-0.0130951 	0.0043458 	1.34081e-26
0.0241236 	-0.0133077 	0.00425704 	1.78152e-26
0.0245704 	-0.0135102 	0.00416207 	1.98996e-26
0.0250171 	-0.0136859 	0.00405072 	1.58603e-26
0.0254638 	-0.0138616 	0.00393937 	1.18211e-26
0.0259106 	-0.0140125 	0.00381459 	1.52514e-26
0.0263573 	-0.0141567 	0.00368618 	2.06974e-26
0.026804 	-0.0142928 	0.00355393 	2.75766e-26
0.0272508 	-0.0144099 	0.0034127 	3.78001e-26
0.0276975 	-0.0145271 	0.00327148 	4.80236e-26
0.0281442 	-0.0146248 	0.00312235 	4.19349e-26
0.028591 	-0.014718 	0.0029714 	3.20819e-26
0.0290377 	-0.0148043 	0.00281799 	2.21084e-26
0.0294844 	-0.014876 	0.00265946 	1.18849e-26
0.0299312 	-0.0149477 	0.00250093 	1.66132e-27
0.0303779 	-0.0150027 	0.00233727 	0
0.0308246 	-0.0150546 	0.00217262 	0
0.0312714 	-0.0150999 	0.00200617 	0
0.0317181 	-0.0151331 	0.00183638 	0
0.0321648 	-0.0151663 	0.00166658 	0
0.0326116 	-0.0151842 	0.00149288 	2.1259e-26
0.0330583 	-0.0151997 	0.00131856 	4.59072e-26
0.033505 	-0.0152087 	0.00114268 	7.08244e-26
0.0339518 	-0.0152071 	0.000964222 	9.61903e-26
0.0343985 	-0.0152056 	0.000785761 	1.21556e-25
0.0348452 	-0.0151892 	0.000603842 	1.02534e-25
0.035292 	-0.015171 	0.000421484 	7.78864e-26
0.0357387 	-0.0151462 	0.000237633 	5.29511e-26
0.0361854 	-0.0151116 	5.15424e-05 	2.75853e-26
0.0366322 	-0.015077 	-0.000134548 	2.21951e-27
0.0370789 	-0.0150273 	-0.000323911 	-5.89506e-27
0.0375256 	-0.0149763 	-0.000513587 	-1.23554e-26
0.0379724 	-0.0149181 	-0.000704683 	-1.88631e-26
0.0384191 	-0.0148503 	-0.000897699 	-2.54348e-26
0.0388658 	-0.0147825 	-0.00109071 	-3.20064e-26
0.0393126 	-0.0146984 	-0.0012864 	-2.63606e-26
0.0397593 	-0.0146132 	-0.00148226 	-1.99003e-26
0.040206 	-0.0145198 	-0.001679 	-1.33898e-26
0.0406528 	-0.0144164 	-0.00187684 	-6.81813e-27
0.0410995 	-0.014313 	-0.00207467 	-2.46438e-28
0.0415462 	-0.0141908 	-0.00227305 	0
0.041993 	-0.0140679 	-0.00247146 	0
0.0424397 	-0.013935 	-0.00266913 	0
0.0428864 	-0.0137911 	-0.002866 	0
0.0433332 	-0.0136471 	-0.00306287 	0
0.0437799 	-0.0134803 	-0.00325522 	-6.6382e-27
0.0442266 	-0.0133133 	-0.00344752 	-1.33604e-26
0.0446734 	-0.0131334 	-0.00363542 	-1.99924e-26
0.0451201 	-0.0129408 	-0.00381894 	-2.6534e-26
0.0455668 	-0.0127478 	-0.00400228 	-3.29099e-26
0.0460136 	-0.0125265 	-0.00417138 	-2.61877e-26
0.0464603 	-0.0123053 	-0.00434048 	-1.94655e-26
0.046907 	-0.0120671 	-0.00449818 	-1.2838e-26
0.0473538 	-0.0118137 	-0.00464557 	-6.29635e-27
0.0478005 	-0.011559 	-0.00479181 	1.96759e-28
0.0482472 	-0.0112695 	-0.00490843 	5.44368e-27
0.048694 	-0.01098 	-0.00502505 	1.06906e-26
0.0491407 	-0.0106686 	-0.00511888 	1.5557e-26
0.0495874 	-0.0103394 	-0.00519406 	2.01122e-26
0.0500342 	-0.0100075 	-0.00526593 	2.40547e-26
0.0504809 	-0.00963572 	-0.00528806 	1.88078e-26
0.0509276 	-0.00926398 	-0.00531018 	1.35609e-26
0.0513744 	-0.00886773 	-0.00529536 	1.26843e-26
0.0518211 	-0.00845335 	-0.00525322 	1.50379e-26
0.0522678 	-0.00803561 	-0.00520473 	1.76385e-26
0.0527146 	-0.00758282 	-0.00508986 	2.28147e-26
0.0531613 	-0.00713004 	-0.00497499 	2.79908e-26
0.053608 	-0.00666059 	-0.00481488 	2.5916e-26
0.0540548 	-0.00618003 	-0.0046246 	1.90072e-26
0.0545015 	-0.00569841 	-0.00442656 	1.22933e-26
0.0549482 	-0.00520841 	-0.00416729 	7.11718e-27
0.055395 	-0.0047184 	-0.00390801 	1.94105e-27
0.0558417 	-0.00423842 	-0.00361668 	0
0.0562884 	-0.00376445 	-0.00330613 	0
0.0567352 	-0.00329672 	-0.00299243 	0
0.0571819 	-0.00286811 	-0.00265905 	0
0.0576286 	-0.0024395 	-0.00232567 	0
0.0580754 	-0.00205782 	-0.00199989 	0
0.0585221 	-0.00170142 	-0.0016782 	0
0.0589688 	-0.00135949 	-0.00136368 	-2.47759e-29
0.0594156 	-0.00109215 	-0.00108606 	-1.77243e-28
0.0598623 	-0.000824807 	-0.000808442 	-3.2971e-28
0.060309 	-0.000618872 	-0.000575486 	-5.41118e-28
0.0607558 	-0.000442501 	-0.000364035 	-7.80905e-28
0.0612025 	-0.000280934 	-0.000166634 	-9.47144e-28
0.0616492 	-0.000183516 	-3.01182e-05 	-7.94677e-28
0.062096 	-8.60984e-05 	0.000106397 	-6.4221e-28
0.0625427 	-3.02189e-05 	0.00019099 	-4.28619e-28
0.0629894 	7.85847e-06 	0.00025333 	-1.88832e-28
0.0634362 	3.77425e-05 	0.00030078 	0
0.0638829 	3.72634e-05 	0.000293047 	0
0.0643296 	3.67842e-05 	0.000285315 	0
0.0647764 	2.84999e-05 	0.000235623 	0
0.0652231 	1.72552e-05 	0.000170016 	0
0.0656698 	7.79913e-06 	0.000108944 	-1.37412e-31
0.0661166 	4.08587e-06 	6.24339e-05 	-7.15988e-31
0.0665633 	3.72614e-07 	1.59236e-05 	-1.29456e-30
0.0670101 	-4.44641e-07 	2.99335e-06 	-2.76749e-30
0.0674568 	-2.96561e-07 	1.25642e-06 	-4.53854e-30
0.0679035 	-1.94006e-07 	-2.48175e-08 	-5.69282e-30
0.0683503 	-2.19355e-07 	-2.57494e-08 	-5.11424e-30
0.068797 	-2.44704e-07 	-2.66812e-08 	-4.53566e-30
0.0692437 	-2.50587e-07 	-2.78955e-08 	-3.03292e-30
0.0696905 	-2.50817e-07 	-2.91918e-08 	-1.26187e-30
0.0701372 	-2.50857e-07 	-3.06373e-08 	0
0.0705839 	-2.50425e-07 	-3.24526e-08 	0
0.0710307 	-2.49994e-07 	-3.42679e-08 	0
0.0714774 	-2.49011e-07 	-3.64969e-08 	-4.88043e-30
0.0719241 	-2.4789e-07 	-3.88293e-08 	-1.0981e-29
0.0723709 	-2.4655e-07 	-4.13108e-08 	-1.73804e-29
0.0728176 	-2.4473e-07 	-4.41203e-08 	-2.44373e-29
0.0732643 	-2.4291e-07 	-4.69299e-08 	-3.14942e-29
0.0737111 	-2.40511e-07 	-5.00913e-08 	-2.76962e-29
0.0741578 	-2.3799e-07 	-5.33272e-08 	-2.15957e-29
0.0746045 	-2.35231e-07 	-5.66917e-08 	-1.51723e-29
0.0750513 	-2.32006e-07 	-6.03084e-08 	-8.11544e-30
0.075498 	-2.28782e-07 	-6.39251e-08 	-1.05854e-30
0.0759447 	-2.24958e-07 	-6.78375e-08 	0
0.0763915 	-2.2103e-07 	-7.18022e-08 	0
0.0768382 	-2.16845e-07 	-7.5887e-08 	0
0.0772849 	-2.12209e-07 	-8.0183e-08 	0
0.0777317 	-2.07573e-07 	-8.44791e-08 	0
0.0781784 	-2.02317e-07 	-8.90657e-08 	0
0.0786251 	-1.96971e-07 	-9.36939e-08 	0
0.0790719 	-1.9135e-07 	-9.84577e-08 	0
0.0795186 	-1.85291e-07 	-1.03436e-07 	0
0.0799653 	-1.79233e-07 	-1.08414e-07 	0
0.0804121 	-1.72531e-07 	-1.1374e-07 	0
0.0808588 	-1.65758e-07 	-1.19105e-07 	0
0.0813055 	-1.58692e-07 	-1.24651e-07 	0
0.0817523 	-1.51208e-07 	-1.30457e-07 	0
0.082199 	-1.43724e-07 	-1.36262e-07 	0
0.0826457 	-1.35594e-07 	-1.42543e-07 	0
0.0830925 	-1.2741e-07 	-1.48862e-07 	0
0.0835392 	-1.18934e-07 	-1.55447e-07 	0
0.0839859 	-1.10079e-07 	-1.62373e-07 	0
0.0844327 	-1.01225e-07 	-1.69299e-07 	0
0.0848794 	-9.17815e-08 	-1.76905e-07 	0
0.0853261 	-8.23076e-08 	-1.84548e-07 	0
0.0857729 	-7.25874e-08 	-1.92577e-07 	0
0.0862196 	-6.25812e-08 	-2.01055e-07 	0
0.0866663 	-5.25749e-08 	-2.09534e-07 	0
0.0871131 	-4.21773e-08 	-2.18936e-07 	0
0.0875598 	-3.17697e-08 	-2.28361e-07 	0
0.0880065 	-2.12549e-08 	-1.87491e-07 	0
0.0884533 	-1.06275e-08 	-9.37454e-08 	0
0.0889 	-3.33546e-22 	-3.45448e-21 	0
