0 	506.15 	-0.0598823
0.000446734 	506.128 	-0.0598823
0.000893467 	506.105 	-0.0598823
0.0013402 	506.083 	-0.0598824
0.00178693 	506.061 	-0.0598824
0.00223367 	506.039 	-0.0598824
0.0026804 	506.017 	-0.0598824
0.00312714 	505.995 	-0.0598825
0.00357387 	505.973 	-0.0598825
0.0040206 	505.951 	-0.0598825
0.00446734 	505.93 	-0.0598825
0.00491407 	505.908 	-0.0598826
0.0053608 	505.887 	-0.0598826
0.00580754 	505.866 	-0.0598826
0.00625427 	505.845 	-0.0598827
0.00670101 	505.824 	-0.0598827
0.00714774 	505.804 	-0.0598828
0.00759447 	505.783 	-0.0598828
0.00804121 	505.763 	-0.0598829
0.00848794 	505.743 	-0.059883
0.00893467 	505.724 	-0.0598832
0.00938141 	505.704 	-0.0598833
0.00982814 	505.685 	-0.0598834
0.0102749 	505.667 	-0.0598836
0.0107216 	505.648 	-0.0598838
0.0111683 	505.63 	-0.0598839
0.0116151 	505.613 	-0.0598841
0.0120618 	505.596 	-0.0598843
0.0125085 	505.579 	-0.0598845
0.0129553 	505.563 	-0.0598847
0.013402 	505.546 	-0.0598849
0.0138487 	505.531 	-0.0598851
0.0142955 	505.516 	-0.0598854
0.0147422 	505.502 	-0.0598856
0.0151889 	505.488 	-0.0598859
0.0156357 	505.474 	-0.0598862
0.0160824 	505.461 	-0.0598865
0.0165291 	505.448 	-0.0598868
0.0169759 	505.436 	-0.0598872
0.0174226 	505.425 	-0.0598876
0.0178693 	505.414 	-0.0598881
0.0183161 	505.403 	-0.0598886
0.0187628 	505.393 	-0.0598891
0.0192095 	505.384 	-0.0598897
0.0196563 	505.375 	-0.0598903
0.020103 	505.366 	-0.0598909
0.0205497 	505.359 	-0.0598917
0.0209965 	505.351 	-0.0598924
0.0214432 	505.344 	-0.0598932
0.0218899 	505.337 	-0.0598941
0.0223367 	505.331 	-0.059895
0.0227834 	505.325 	-0.0598959
0.0232302 	505.32 	-0.0598968
0.0236769 	505.315 	-0.0598978
0.0241236 	505.31 	-0.0598988
0.0245704 	505.306 	-0.0598999
0.0250171 	505.302 	-0.0599009
0.0254638 	505.298 	-0.059902
0.0259106 	505.295 	-0.059903
0.0263573 	505.291 	-0.0599041
0.026804 	505.288 	-0.0599052
0.0272508 	505.286 	-0.0599062
0.0276975 	505.283 	-0.0599072
0.0281442 	505.281 	-0.0599083
0.028591 	505.278 	-0.0599093
0.0290377 	505.276 	-0.0599102
0.0294844 	505.274 	-0.0599112
0.0299312 	505.273 	-0.0599121
0.0303779 	505.271 	-0.0599129
0.0308246 	505.269 	-0.0599138
0.0312714 	505.268 	-0.0599146
0.0317181 	505.266 	-0.0599153
0.0321648 	505.265 	-0.059916
0.0326116 	505.264 	-0.0599166
0.0330583 	505.263 	-0.0599172
0.033505 	505.261 	-0.0599177
0.0339518 	505.26 	-0.0599182
0.0343985 	505.259 	-0.0599186
0.0348452 	505.258 	-0.0599189
0.035292 	505.257 	-0.0599192
0.0357387 	505.256 	-0.0599194
0.0361854 	505.255 	-0.0599195
0.0366322 	505.254 	-0.0599196
0.0370789 	505.253 	-0.0599196
0.0375256 	505.252 	-0.0599195
0.0379724 	505.251 	-0.0599193
0.0384191 	505.249 	-0.0599191
0.0388658 	505.248 	-0.0599188
0.0393126 	505.247 	-0.0599183
0.0397593 	505.246 	-0.0599178
0.040206 	505.245 	-0.0599173
0.0406528 	505.244 	-0.0599166
0.0410995 	505.242 	-0.0599159
0.0415462 	505.241 	-0.0599151
0.041993 	505.24 	-0.0599142
0.0424397 	505.238 	-0.0599132
0.0428864 	505.237 	-0.0599121
0.0433332 	505.235 	-0.0599111
0.0437799 	505.234 	-0.0599098
0.0442266 	505.232 	-0.0599085
0.0446734 	505.231 	-0.0599071
0.0451201 	505.229 	-0.0599057
0.0455668 	505.227 	-0.0599042
0.0460136 	505.225 	-0.0599026
0.0464603 	505.223 	-0.059901
0.046907 	505.221 	-0.0598993
0.0473538 	505.219 	-0.0598975
0.0478005 	505.217 	-0.0598957
0.0482472 	505.215 	-0.0598938
0.048694 	505.213 	-0.0598919
0.0491407 	505.21 	-0.0598899
0.0495874 	505.208 	-0.059888
0.0500342 	505.205 	-0.059886
0.0504809 	505.202 	-0.0598839
0.0509276 	505.2 	-0.0598819
0.0513744 	505.197 	-0.0598798
0.0518211 	505.194 	-0.0598778
0.0522678 	505.191 	-0.0598758
0.0527146 	505.188 	-0.0598738
0.0531613 	505.185 	-0.0598718
0.053608 	505.181 	-0.0598698
0.0540548 	505.178 	-0.0598679
0.0545015 	505.174 	-0.059866
0.0549482 	505.171 	-0.0598643
0.055395 	505.167 	-0.0598626
0.0558417 	505.163 	-0.0598609
0.0562884 	505.159 	-0.0598594
0.0567352 	505.155 	-0.0598579
0.0571819 	505.151 	-0.0598565
0.0576286 	505.147 	-0.0598552
0.0580754 	505.143 	-0.0598541
0.0585221 	505.138 	-0.059853
0.0589688 	505.134 	-0.059852
0.0594156 	505.129 	-0.0598513
0.0598623 	505.125 	-0.0598505
0.060309 	505.12 	-0.0598499
0.0607558 	505.115 	-0.0598494
0.0612025 	505.111 	-0.0598489
0.0616492 	505.106 	-0.0598486
0.062096 	505.101 	-0.0598483
0.0625427 	505.096 	-0.0598481
0.0629894 	505.09 	-0.059848
0.0634362 	505.085 	-0.0598479
0.0638829 	505.08 	-0.0598479
0.0643296 	505.075 	-0.0598478
0.0647764 	505.069 	-0.0598479
0.0652231 	505.064 	-0.0598479
0.0656698 	505.058 	-0.059848
0.0661166 	505.053 	-0.059848
0.0665633 	505.047 	-0.0598481
0.0670101 	505.042 	-0.0598482
0.0674568 	505.036 	-0.0598482
0.0679035 	505.03 	-0.0598483
0.0683503 	505.024 	-0.0598483
0.068797 	505.018 	-0.0598484
0.0692437 	505.012 	-0.0598484
0.0696905 	505.006 	-0.0598484
0.0701372 	505 	-0.0598485
0.0705839 	504.993 	-0.0598485
0.0710307 	504.985 	-0.0598485
0.0714774 	504.97 	-0.0598485
0.0719241 	504.953 	-0.0598485
0.0723709 	504.926 	-0.0598485
0.0728176 	504.875 	-0.0598484
0.0732643 	504.825 	-0.0598484
0.0737111 	504.753 	-0.0598479
0.0741578 	504.676 	-0.0598472
0.0746045 	504.6 	-0.0598463
0.0750513 	504.524 	-0.0598451
0.075498 	504.447 	-0.0598438
0.0759447 	504.371 	-0.0598426
0.0763915 	504.295 	-0.0598413
0.0768382 	504.218 	-0.0598401
0.0772849 	504.142 	-0.0598389
0.0777317 	504.066 	-0.0598376
0.0781784 	503.989 	-0.0598364
0.0786251 	503.913 	-0.0598353
0.0790719 	503.836 	-0.0598341
0.0795186 	503.76 	-0.059833
0.0799653 	503.684 	-0.0598319
0.0804121 	503.607 	-0.0598309
0.0808588 	503.531 	-0.0598298
0.0813055 	503.454 	-0.0598288
0.0817523 	503.377 	-0.0598279
0.082199 	503.301 	-0.059827
0.0826457 	503.224 	-0.0598261
0.0830925 	503.148 	-0.0598253
0.0835392 	503.071 	-0.0598245
0.0839859 	502.994 	-0.0598238
0.0844327 	502.918 	-0.0598231
0.0848794 	502.841 	-0.0598226
0.0853261 	502.764 	-0.059822
0.0857729 	502.687 	-0.0598215
0.0862196 	502.611 	-0.0598211
0.0866663 	502.534 	-0.0598207
0.0871131 	502.457 	-0.0598204
0.0875598 	502.38 	-0.0598202
0.0880065 	502.304 	-0.05982
0.0884533 	502.227 	-0.0598199
0.0889 	502.15 	-0.0598198
