5.55112e-20 	508 	-0.000147575
0.000446734 	506.984 	-0.000147761
0.000893467 	507.171 	-0.000148322
0.0013402 	507.842 	-0.000149217
0.00178693 	507.807 	-0.000150342
0.00223367 	507.408 	-0.000151717
0.0026804 	507.163 	-0.000153126
0.00312714 	507.093 	-0.000154493
0.00357387 	506.999 	-0.000155859
0.0040206 	506.885 	-0.000156565
0.00446734 	506.731 	-0.000157413
0.00491407 	506.642 	-0.000157517
0.0053608 	506.563 	-0.000157684
0.00580754 	506.489 	-0.000157152
0.00625427 	506.389 	-0.000156473
0.00670101 	506.299 	-0.000155562
0.00714774 	506.229 	-0.000154308
0.00759447 	506.152 	-0.000153188
0.00804121 	506.085 	-0.000151875
0.00848794 	506.03 	-0.000150815
0.00893467 	505.922 	-0.000149752
0.00938141 	505.805 	-0.000148904
0.00982814 	505.692 	-0.000148166
0.0102749 	505.578 	-0.000147558
0.0107216 	505.469 	-0.000147093
0.0111683 	505.373 	-0.000146724
0.0116151 	505.275 	-0.000146473
0.0120618 	505.197 	-0.000146301
0.0125085 	505.133 	-0.000146252
0.0129553 	505.027 	-0.000146343
0.013402 	504.942 	-0.000146559
0.0138487 	504.917 	-0.000146486
0.0142955 	504.918 	-0.000146407
0.0147422 	504.919 	-0.000145301
0.0151889 	504.92 	-0.000143262
0.0156357 	504.92 	-0.000141366
0.0160824 	504.921 	-0.000139447
0.0165291 	504.921 	-0.000137632
0.0169759 	504.921 	-0.00013581
0.0174226 	504.921 	-0.000134051
0.0178693 	504.922 	-0.000132305
0.0183161 	504.922 	-0.000130583
0.0187628 	504.922 	-0.00012889
0.0192095 	504.922 	-0.000127203
0.0196563 	504.923 	-0.000125549
0.020103 	504.923 	-0.000123894
0.0205497 	504.923 	-0.000122272
0.0209965 	504.923 	-0.000120647
0.0214432 	504.923 	-0.000119056
0.0218899 	504.924 	-0.000117468
0.0223367 	504.924 	-0.000115901
0.0227834 	504.924 	-0.000114346
0.0232302 	504.924 	-0.000112805
0.0236769 	504.924 	-0.000111283
0.0241236 	504.925 	-0.000109768
0.0245704 	504.925 	-0.000108278
0.0250171 	504.925 	-0.00010679
0.0254638 	504.925 	-0.000105335
0.0259106 	504.926 	-0.00010388
0.0263573 	504.926 	-0.000102453
0.026804 	504.926 	-0.000101034
0.0272508 	504.926 	-9.96338e-05
0.0276975 	504.927 	-9.825e-05
0.0281442 	504.927 	-9.68777e-05
0.028591 	504.927 	-9.55301e-05
0.0290377 	504.927 	-9.41855e-05
0.0294844 	504.928 	-9.28742e-05
0.0299312 	504.928 	-9.15631e-05
0.0303779 	504.928 	-9.02827e-05
0.0308246 	504.928 	-8.90082e-05
0.0312714 	504.929 	-8.77555e-05
0.0317181 	504.929 	-8.65176e-05
0.0321648 	504.929 	-8.52925e-05
0.0326116 	504.93 	-8.40908e-05
0.0330583 	504.93 	-8.28933e-05
0.033505 	504.93 	-8.17273e-05
0.0339518 	504.93 	-8.05612e-05
0.0343985 	504.931 	-7.94265e-05
0.0348452 	504.931 	-7.82962e-05
0.035292 	504.931 	-7.71879e-05
0.0357387 	504.932 	-7.60926e-05
0.0361854 	504.932 	-7.50107e-05
0.0366322 	504.932 	-7.39497e-05
0.0370789 	504.933 	-7.28938e-05
0.0375256 	504.933 	-7.18661e-05
0.0379724 	504.933 	-7.08383e-05
0.0384191 	504.934 	-6.98411e-05
0.0388658 	504.934 	-6.88466e-05
0.0393126 	504.934 	-6.78737e-05
0.0397593 	504.935 	-6.69118e-05
0.040206 	504.935 	-6.59631e-05
0.0406528 	504.935 	-6.50326e-05
0.0410995 	504.936 	-6.41078e-05
0.0415462 	504.936 	-6.32075e-05
0.041993 	504.937 	-6.2307e-05
0.0424397 	504.937 	-6.14359e-05
0.0428864 	504.937 	-6.05657e-05
0.0433332 	504.938 	-5.97164e-05
0.0437799 	504.938 	-5.88758e-05
0.0442266 	504.938 	-5.80484e-05
0.0446734 	504.939 	-5.72362e-05
0.0451201 	504.939 	-5.64302e-05
0.0455668 	504.94 	-5.56454e-05
0.0460136 	504.94 	-5.48608e-05
0.0464603 	504.94 	-5.41024e-05
0.046907 	504.941 	-5.33444e-05
0.0473538 	504.941 	-5.26063e-05
0.0478005 	504.942 	-5.18749e-05
0.0482472 	504.942 	-5.11563e-05
0.048694 	504.942 	-5.04504e-05
0.0491407 	504.943 	-4.9751e-05
0.0495874 	504.943 	-4.90695e-05
0.0500342 	504.944 	-4.83892e-05
0.0504809 	504.944 	-4.77314e-05
0.0509276 	504.944 	-4.70737e-05
0.0513744 	504.945 	-4.64351e-05
0.0518211 	504.945 	-4.58011e-05
0.0522678 	504.946 	-4.51799e-05
0.0527146 	504.946 	-4.45687e-05
0.0531613 	504.947 	-4.39646e-05
0.053608 	504.947 	-4.33753e-05
0.0540548 	504.947 	-4.27881e-05
0.0545015 	504.948 	-4.222e-05
0.0549482 	504.948 	-4.16519e-05
0.055395 	504.949 	-4.11019e-05
0.0558417 	504.949 	-4.0555e-05
0.0562884 	504.95 	-4.00204e-05
0.0567352 	504.95 	-3.94939e-05
0.0571819 	504.951 	-3.89746e-05
0.0576286 	504.951 	-3.84677e-05
0.0580754 	504.951 	-3.79633e-05
0.0585221 	504.952 	-3.74753e-05
0.0589688 	504.952 	-3.69872e-05
0.0594156 	504.953 	-3.65162e-05
0.0598623 	504.953 	-3.6047e-05
0.060309 	504.954 	-3.55897e-05
0.0607558 	504.954 	-3.51387e-05
0.0612025 	504.955 	-3.4695e-05
0.0616492 	504.955 	-3.42616e-05
0.062096 	504.956 	-3.38313e-05
0.0625427 	504.956 	-3.34148e-05
0.0629894 	504.957 	-3.29981e-05
0.0634362 	504.957 	-3.25977e-05
0.0638829 	504.957 	-3.21979e-05
0.0643296 	504.958 	-3.18096e-05
0.0647764 	504.958 	-3.14262e-05
0.0652231 	504.959 	-3.10501e-05
0.0656698 	504.959 	-3.06824e-05
0.0661166 	504.96 	-3.03183e-05
0.0665633 	504.96 	-2.99658e-05
0.0670101 	504.961 	-2.96135e-05
0.0674568 	504.961 	-2.92758e-05
0.0679035 	504.962 	-2.89383e-05
0.0683503 	504.962 	-2.86119e-05
0.068797 	504.963 	-2.82891e-05
0.0692437 	504.963 	-2.79736e-05
0.0696905 	504.964 	-2.76649e-05
0.0701372 	504.964 	-2.73601e-05
0.0705839 	504.965 	-2.70652e-05
0.0710307 	504.965 	-2.6771e-05
0.0714774 	504.966 	-2.64894e-05
0.0719241 	504.966 	-2.62079e-05
0.0723709 	504.967 	-2.59371e-05
0.0728176 	504.967 	-2.56688e-05
0.0732643 	504.968 	-2.54078e-05
0.0737111 	504.968 	-2.51523e-05
0.0741578 	504.969 	-2.4901e-05
0.0746045 	504.969 	-2.4658e-05
0.0750513 	504.97 	-2.44162e-05
0.075498 	504.97 	-2.41852e-05
0.0759447 	504.971 	-2.39543e-05
0.0763915 	504.971 	-2.37338e-05
0.0768382 	504.972 	-2.35148e-05
0.0772849 	504.973 	-2.33031e-05
0.0777317 	504.973 	-2.30958e-05
0.0781784 	504.974 	-2.28928e-05
0.0786251 	504.974 	-2.26968e-05
0.0790719 	504.975 	-2.25025e-05
0.0795186 	504.975 	-2.23175e-05
0.0799653 	504.976 	-2.21326e-05
0.0804121 	504.976 	-2.19576e-05
0.0808588 	504.977 	-2.17835e-05
0.0813055 	504.977 	-2.16166e-05
0.0817523 	504.978 	-2.14531e-05
0.082199 	504.978 	-2.12941e-05
0.0826457 	504.979 	-2.1141e-05
0.0830925 	504.979 	-2.09899e-05
0.0835392 	504.98 	-2.08469e-05
0.0839859 	504.98 	-2.07039e-05
0.0844327 	504.981 	-2.05705e-05
0.0848794 	504.982 	-2.04375e-05
0.0853261 	504.982 	-2.03115e-05
0.0857729 	504.983 	-2.01882e-05
0.0862196 	504.983 	-2.00695e-05
0.0866663 	504.984 	-1.99557e-05
0.0871131 	504.984 	-1.98443e-05
0.0875598 	504.985 	-1.97399e-05
0.0880065 	504.985 	-1.96356e-05
0.0884533 	504.986 	-1.95403e-05
0.0889 	504.986 	-1.9445e-05
