0 	0 	0 	0
0.000446734 	4.84696e-06 	0.000191744 	-8.64414e-27
0.000893467 	9.69393e-06 	0.000383487 	-1.72883e-26
0.0013402 	1.47816e-05 	0.000475304 	-1.93104e-26
0.00178693 	2.00981e-05 	0.000472068 	-1.50335e-26
0.00223367 	2.54112e-05 	0.000466395 	-1.07544e-26
0.0026804 	3.0587e-05 	0.000365667 	-6.38711e-27
0.00312714 	3.57629e-05 	0.000264939 	-2.01986e-27
0.00357387 	3.73492e-05 	0.000157057 	0
0.0040206 	3.58469e-05 	4.30174e-05 	0
0.00446734 	3.32302e-05 	-6.86739e-05 	0
0.00491407 	9.44057e-06 	-0.000135754 	0
0.0053608 	-1.4349e-05 	-0.000202834 	0
0.00580754 	-5.9678e-05 	-0.000228348 	0
0.00625427 	-0.00012176 	-0.000221535 	0
0.00670101 	-0.000187475 	-0.000209482 	-5.65464e-28
0.00714774 	-0.000298008 	-0.000132812 	-8.10499e-27
0.00759447 	-0.00040854 	-5.6142e-05 	-1.56445e-26
0.00804121 	-0.000550875 	5.08248e-05 	-2.27953e-26
0.00848794 	-0.00071554 	0.000179064 	-2.96732e-26
0.00893467 	-0.000886084 	0.000310814 	-3.51093e-26
0.00938141 	-0.00110953 	0.000474166 	-2.75697e-26
0.00982814 	-0.00133298 	0.000637517 	-2.00302e-26
0.0102749 	-0.00159484 	0.000816463 	-1.2896e-26
0.0107216 	-0.00188099 	0.00100527 	-6.01812e-27
0.0111683 	-0.00217505 	0.0011965 	-2.36468e-28
0.0116151 	-0.00252443 	0.00140458 	-2.12821e-27
0.0120618 	-0.00287381 	0.00161267 	-4.01996e-27
0.0125085 	-0.00325971 	0.00182823 	-5.44724e-27
0.0129553 	-0.00366636 	0.00204804 	-6.61041e-27
0.013402 	-0.00407958 	0.00226793 	-7.31535e-27
0.0138487 	-0.00452998 	0.00248824 	-5.4236e-27
0.0142955 	-0.00498038 	0.00270855 	-3.53185e-27
0.0147422 	-0.00544679 	0.00291995 	-2.12279e-27
0.0151889 	-0.00592136 	0.00312681 	-9.59616e-28
0.0156357 	-0.00639629 	0.00332887 	0
0.0160824 	-0.00687298 	0.0035083 	0
0.0165291 	-0.00734966 	0.00368773 	0
0.0169759 	-0.00781363 	0.00384058 	0
0.0174226 	-0.00827182 	0.00398136 	0
0.0178693 	-0.0087231 	0.00411306 	0
0.0183161 	-0.00914676 	0.00420851 	0
0.0187628 	-0.00957041 	0.00430395 	0
0.0192095 	-0.00996238 	0.00436587 	0
0.0196563 	-0.0103416 	0.00441427 	0
0.020103 	-0.0107099 	0.00445265 	0
0.0205497 	-0.0110407 	0.00445654 	0
0.0209965 	-0.0113715 	0.00446043 	0
0.0214432 	-0.0116673 	0.00443542 	0
0.0218899 	-0.0119506 	0.00440013 	0
0.0223367 	-0.012223 	0.0043567 	9.82887e-28
0.0227834 	-0.0124627 	0.00428884 	4.91443e-27
0.0232302 	-0.0127023 	0.00422098 	8.84598e-27
0.0236769 	-0.0129126 	0.0041333 	1.30442e-26
0.0241236 	-0.0131137 	0.00403946 	1.73256e-26
0.0245704 	-0.0133056 	0.00394005 	1.93483e-26
0.0250171 	-0.0134733 	0.003826 	1.54168e-26
0.0254638 	-0.0136409 	0.00371194 	1.14852e-26
0.0259106 	-0.0137855 	0.00358562 	1.48266e-26
0.0263573 	-0.013924 	0.00345599 	2.01305e-26
0.026804 	-0.0140546 	0.00332274 	2.68341e-26
0.0272508 	-0.0141672 	0.00318104 	3.68035e-26
0.0276975 	-0.0142797 	0.00303934 	4.67729e-26
0.0281442 	-0.0143732 	0.0028899 	4.08541e-26
0.028591 	-0.0144624 	0.00273868 	3.12689e-26
0.0290377 	-0.0145445 	0.00258495 	2.15588e-26
0.0294844 	-0.014612 	0.00242603 	1.15894e-26
0.0299312 	-0.0146795 	0.0022671 	1.62003e-27
0.0303779 	-0.01473 	0.0021028 	0
0.0308246 	-0.0147772 	0.00193745 	0
0.0312714 	-0.0148177 	0.00177018 	0
0.0317181 	-0.0148456 	0.00159932 	0
0.0321648 	-0.0148736 	0.00142846 	0
0.0326116 	-0.0148857 	0.00125339 	2.11586e-26
0.0330583 	-0.0148953 	0.00107764 	4.56903e-26
0.033505 	-0.0148982 	0.000900222 	7.05116e-26
0.0339518 	-0.0148899 	0.000720024 	9.58156e-26
0.0343985 	-0.0148816 	0.000539827 	1.2112e-25
0.0348452 	-0.0148578 	0.000355971 	1.02194e-25
0.035292 	-0.0148321 	0.000171652 	7.76627e-26
0.0357387 	-0.0147994 	-1.42036e-05 	5.2822e-26
0.0361854 	-0.0147564 	-0.000202365 	2.75181e-26
0.0366322 	-0.0147133 	-0.000390526 	2.2141e-27
0.0370789 	-0.0146544 	-0.000581904 	-5.79877e-27
0.0375256 	-0.0145939 	-0.000773591 	-1.21536e-26
0.0379724 	-0.0145258 	-0.000966568 	-1.8549e-26
0.0384191 	-0.0144474 	-0.00116129 	-2.49995e-26
0.0388658 	-0.0143691 	-0.00135601 	-3.145e-26
0.0393126 	-0.0142732 	-0.00155281 	-2.58955e-26
0.0397593 	-0.0141763 	-0.00174976 	-1.95406e-26
0.040206 	-0.0140704 	-0.00194711 	-1.31428e-26
0.0406528 	-0.0139538 	-0.00214498 	-6.69234e-27
0.0410995 	-0.0138371 	-0.00234285 	-2.41892e-28
0.0415462 	-0.0137001 	-0.00253975 	0
0.041993 	-0.0135623 	-0.00273661 	0
0.0424397 	-0.0134136 	-0.00293165 	0
0.0428864 	-0.0132529 	-0.0031247 	0
0.0433332 	-0.0130921 	-0.00331774 	0
0.0437799 	-0.0129064 	-0.00350318 	-6.25846e-27
0.0442266 	-0.0127204 	-0.00368852 	-1.25961e-26
0.0446734 	-0.0125203 	-0.00386738 	-1.87975e-26
0.0451201 	-0.0123062 	-0.00403977 	-2.48624e-26
0.0455668 	-0.0120916 	-0.00421191 	-3.07723e-26
0.0460136 	-0.011846 	-0.00436452 	-2.44347e-26
0.0464603 	-0.0116004 	-0.00451712 	-1.8097e-26
0.046907 	-0.0113363 	-0.00465485 	-1.19025e-26
0.0473538 	-0.0110556 	-0.00477913 	-5.83752e-27
0.0478005 	-0.0107734 	-0.00490196 	1.68248e-28
0.0482472 	-0.010454 	-0.00498773 	4.65486e-27
0.048694 	-0.0101345 	-0.0050735 	9.14147e-27
0.0491407 	-0.00979229 	-0.00513189 	1.32146e-26
0.0495874 	-0.00943144 	-0.00516787 	1.69495e-26
0.0500342 	-0.00906797 	-0.00520004 	2.01706e-26
0.0504809 	-0.00866526 	-0.00517503 	1.5684e-26
0.0509276 	-0.00826255 	-0.00515001 	1.11973e-26
0.0513744 	-0.0078378 	-0.00508471 	1.01516e-26
0.0518211 	-0.00739675 	-0.00498962 	1.16492e-26
0.0522678 	-0.00695316 	-0.00488804 	1.3333e-26
0.0527146 	-0.00648316 	-0.00471876 	1.6959e-26
0.0531613 	-0.00601316 	-0.00454949 	2.05849e-26
0.053608 	-0.00553576 	-0.00433814 	1.88958e-26
0.0540548 	-0.00505343 	-0.00409875 	1.36633e-26
0.0545015 	-0.00457237 	-0.00385313 	8.61159e-27
0.0549482 	-0.00410139 	-0.00355834 	4.98566e-27
0.055395 	-0.00363042 	-0.00326354 	1.35972e-27
0.0558417 	-0.00318406 	-0.00295007 	0
0.0562884 	-0.00275247 	-0.00262538 	0
0.0567352 	-0.00233 	-0.00230108 	0
0.0571819 	-0.00196468 	-0.00197919 	0
0.0576286 	-0.00159936 	-0.0016573 	0
0.0580754 	-0.00128926 	-0.00135841 	0
0.0585221 	-0.00100889 	-0.00107191 	0
0.0589688 	-0.000743156 	-0.000795101 	-3.08576e-29
0.0594156 	-0.000552863 	-0.000568278 	-2.20751e-28
0.0598623 	-0.000362571 	-0.000341456 	-4.10644e-28
0.060309 	-0.000227141 	-0.000162774 	-6.72912e-28
0.0607558 	-0.000118127 	-7.27143e-06 	-9.70028e-28
0.0612025 	-2.10064e-05 	0.000134556 	-1.17583e-27
0.0616492 	2.45764e-05 	0.000217122 	-9.85937e-28
0.062096 	7.01592e-05 	0.000299688 	-7.96044e-28
0.0625427 	8.61428e-05 	0.000331157 	-5.31095e-28
0.0629894 	8.94411e-05 	0.000340728 	-2.33979e-28
0.0634362 	8.74469e-05 	0.000331933 	0
0.0638829 	6.584e-05 	0.000255081 	0
0.0643296 	4.4233e-05 	0.000178228 	0
0.0647764 	2.71309e-05 	0.000111308 	0
0.0652231 	1.17376e-05 	4.81549e-05 	0
0.0656698 	2.04395e-10 	6.92831e-10 	-3.83507e-41
0.0661166 	1.13552e-10 	3.84912e-10 	-1.99827e-40
0.0665633 	2.27091e-11 	7.69934e-11 	-3.61304e-40
0.0670101 	-1.11173e-15 	9.55789e-15 	-4.01778e-40
0.0674568 	-4.71898e-16 	4.05751e-15 	-4.01917e-40
0.0679035 	-1.97776e-20 	8.79178e-19 	-3.59633e-40
0.0683503 	-1.98039e-20 	4.83059e-19 	-1.98156e-40
0.068797 	-1.98301e-20 	8.694e-20 	-3.668e-41
0.0692437 	-2.18383e-20 	-2.48585e-21 	-2.39417e-43
0.0696905 	-2.44219e-20 	-2.87175e-21 	-9.96115e-44
0.0701372 	-2.62293e-20 	-3.22352e-21 	0
0.0705839 	-2.6113e-20 	-3.49069e-21 	0
0.0710307 	-2.59967e-20 	-3.75785e-21 	0
0.0714774 	-2.58498e-20 	-4.02348e-21 	-4.1293e-43
0.0719241 	-2.56954e-20 	-4.28872e-21 	-9.29093e-43
0.0723709 	-2.55225e-20 	-4.56241e-21 	-1.47709e-42
0.0728176 	-2.53091e-20 	-4.85469e-21 	-2.09512e-42
0.0732643 	-2.50957e-20 	-5.14697e-21 	-2.71315e-42
0.0737111 	-2.48285e-20 	-5.46697e-21 	-2.39548e-42
0.0741578 	-2.45499e-20 	-5.79284e-21 	-1.87931e-42
0.0746045 	-2.42486e-20 	-6.13028e-21 	-1.32877e-42
0.0750513 	-2.39025e-20 	-6.49045e-21 	-7.10737e-43
0.075498 	-2.35565e-20 	-6.85062e-21 	-9.27049e-44
0.0759447 	-2.31521e-20 	-7.23956e-21 	0
0.0763915 	-2.27375e-20 	-7.63359e-21 	0
0.0768382 	-2.22976e-20 	-8.03989e-21 	0
0.0772849 	-2.18133e-20 	-8.46776e-21 	0
0.0777317 	-2.13291e-20 	-8.89564e-21 	0
0.0781784 	-2.07831e-20 	-9.35405e-21 	0
0.0786251 	-2.02284e-20 	-9.81682e-21 	0
0.0790719 	-1.9646e-20 	-1.0294e-20 	0
0.0795186 	-1.90199e-20 	-1.07941e-20 	0
0.0799653 	-1.83939e-20 	-1.12942e-20 	0
0.0804121 	-1.77032e-20 	-1.18315e-20 	0
0.0808588 	-1.70052e-20 	-1.23729e-20 	0
0.0813055 	-1.62777e-20 	-1.29337e-20 	0
0.0817523 	-1.5508e-20 	-1.35221e-20 	0
0.082199 	-1.47382e-20 	-1.41105e-20 	0
0.0826457 	-1.39029e-20 	-1.47496e-20 	0
0.0830925 	-1.30623e-20 	-1.53927e-20 	0
0.0835392 	-1.21919e-20 	-1.6064e-20 	0
0.0839859 	-1.12831e-20 	-1.67714e-20 	0
0.0844327 	-1.03743e-20 	-1.74789e-20 	0
0.0848794 	-9.40567e-21 	-1.82582e-20 	0
0.0853261 	-8.43393e-21 	-1.90413e-20 	0
0.0857729 	-7.43719e-21 	-1.98651e-20 	0
0.0862196 	-6.4114e-21 	-2.07363e-20 	0
0.0866663 	-5.38561e-21 	-2.16075e-20 	0
0.0871131 	-4.32029e-21 	-2.25764e-20 	0
0.0875598 	-3.25396e-21 	-2.35478e-20 	0
0.0880065 	-2.17685e-21 	-1.93332e-20 	0
0.0884533 	-1.08843e-21 	-9.6666e-21 	0
0.0889 	-3.41692e-35 	-3.56261e-34 	0
