0 	0 	0 	0
0.000446734 	0.000144552 	0.00298203 	3.62793e-26
0.000893467 	0.000288795 	0.00594419 	7.23509e-26
0.0013402 	0.000395125 	0.0082037 	8.04485e-26
0.00178693 	0.000465741 	0.00980333 	6.25717e-26
0.00223367 	0.000532547 	0.0113713 	4.4397e-26
0.0026804 	0.000527015 	0.0121138 	2.62022e-26
0.00312714 	0.000521482 	0.0128563 	8.00736e-27
0.00357387 	0.000503437 	0.0134135 	8.67335e-27
0.0040206 	0.000476668 	0.0138183 	2.55119e-26
0.00446734 	0.000449164 	0.014214 	4.2924e-26
0.00491407 	0.000420798 	0.0144443 	7.14961e-26
0.0053608 	0.000392433 	0.0146747 	1.00068e-25
0.00580754 	0.000364258 	0.0148196 	1.09152e-25
0.00625427 	0.000337092 	0.0148984 	1.03933e-25
0.00670101 	0.000309601 	0.0149668 	9.66722e-26
0.00714774 	0.000283293 	0.0149104 	6.81001e-26
0.00759447 	0.000256986 	0.0148541 	3.95281e-26
0.00804121 	0.000231126 	0.0147332 	2.18164e-26
0.00848794 	0.000206076 	0.0145676 	1.0197e-26
0.00893467 	0.000181016 	0.0143934 	0
0.00938141 	0.000157854 	0.014145 	0
0.00982814 	0.000134692 	0.0138966 	0
0.0102749 	0.000112859 	0.0136114 	0
0.0107216 	9.20577e-05 	0.0133033 	0
0.0111683 	7.15376e-05 	0.01299 	0
0.0116151 	5.33556e-05 	0.0126413 	0
0.0120618 	3.51737e-05 	0.0122927 	0
0.0125085 	1.87214e-05 	0.011928 	0
0.0129553 	3.23278e-06 	0.0115544 	0
0.013402 	-1.17983e-05 	0.011179 	0
0.0138487 	-2.46435e-05 	0.0107934 	0
0.0142955 	-3.74887e-05 	0.0104079 	0
0.0147422 	-4.85712e-05 	0.0100213 	0
0.0151889 	-5.89066e-05 	0.00963433 	0
0.0156357 	-6.87061e-05 	0.00924852 	0
0.0160824 	-7.67226e-05 	0.00886848 	0
0.0165291 	-8.47392e-05 	0.00848843 	0
0.0169759 	-9.11643e-05 	0.00811761 	0
0.0174226 	-9.7088e-05 	0.007751 	0
0.0178693 	-0.000102474 	0.00738803 	0
0.0183161 	-0.000106548 	0.00703964 	0
0.0187628 	-0.000110622 	0.00669125 	0
0.0192095 	-0.000113378 	0.00635819 	0
0.0196563 	-0.00011585 	0.00603131 	0
0.020103 	-0.000117837 	0.00570972 	0
0.0205497 	-0.000118952 	0.00540633 	0
0.0209965 	-0.000120067 	0.00510294 	0
0.0214432 	-0.000120175 	0.00481755 	0
0.0218899 	-0.000120166 	0.00453855 	0
0.0223367 	-0.000119759 	0.00426566 	0
0.0227834 	-0.000118844 	0.00401101 	0
0.0232302 	-0.000117929 	0.00375636 	0
0.0236769 	-0.000116308 	0.00351971 	0
0.0241236 	-0.000114683 	0.00328862 	0
0.0245704 	-0.000112759 	0.00306366 	0
0.0250171 	-0.000110598 	0.00285472 	0
0.0254638 	-0.000108437 	0.00264579 	0
0.0259106 	-0.000105838 	0.00245282 	0
0.0263573 	-0.000103294 	0.00226411 	0
0.026804 	-0.000100554 	0.00208082 	0
0.0272508 	-9.77576e-05 	0.00191003 	0
0.0276975 	-9.49616e-05 	0.00173924 	0
0.0281442 	-9.19498e-05 	0.0015809 	0
0.028591 	-8.90137e-05 	0.00142539 	0
0.0290377 	-8.59815e-05 	0.00127395 	0
0.0294844 	-8.30025e-05 	0.00113086 	0
0.0299312 	-8.00235e-05 	0.000987765 	0
0.0303779 	-7.70199e-05 	0.000852555 	0
0.0308246 	-7.40849e-05 	0.000718835 	0
0.0312714 	-7.11506e-05 	0.000587323 	0
0.0317181 	-6.83308e-05 	0.000459817 	0
0.0321648 	-6.5511e-05 	0.00033231 	0
0.0326116 	-6.28245e-05 	0.000207412 	0
0.0330583 	-6.01795e-05 	8.28919e-05 	0
0.033505 	-5.76292e-05 	-4.16977e-05 	0
0.0339518 	-5.5224e-05 	-0.000166486 	0
0.0343985 	-5.28187e-05 	-0.000291274 	0
0.0348452 	-5.07161e-05 	-0.000419143 	0
0.035292 	-4.86213e-05 	-0.000547436 	0
0.0357387 	-4.67303e-05 	-0.000678376 	0
0.0361854 	-4.5022e-05 	-0.000813351 	0
0.0366322 	-4.33138e-05 	-0.000948326 	0
0.0370789 	-4.21185e-05 	-0.00109219 	0
0.0375256 	-4.08954e-05 	-0.00123692 	0
0.0379724 	-4.00218e-05 	-0.00138704 	-1.64464e-26
0.0384191 	-3.94072e-05 	-0.00154447 	-5.72978e-26
0.0388658 	-3.87927e-05 	-0.0017019 	-9.81492e-26
0.0393126 	-3.89929e-05 	-0.00187378 	-1.37041e-25
0.0397593 	-3.91298e-05 	-0.00204663 	-1.77751e-25
0.040206 	-3.98074e-05 	-0.00222753 	-1.74008e-25
0.0406528 	-4.08604e-05 	-0.00241826 	-1.15023e-25
0.0410995 	-4.19134e-05 	-0.00260899 	-5.60378e-26
0.0415462 	-4.41746e-05 	-0.00281897 	3.20885e-27
0.041993 	-4.63323e-05 	-0.00302969 	6.18262e-26
0.0424397 	-4.92749e-05 	-0.00325072 	8.30389e-26
0.0428864 	-5.27498e-05 	-0.00348312 	6.49052e-26
0.0433332 	-5.62727e-05 	-0.00371567 	4.63397e-26
0.0437799 	-6.14035e-05 	-0.00397048 	2.64591e-26
0.0442266 	-6.64307e-05 	-0.00422572 	8.55216e-27
0.0446734 	-7.25415e-05 	-0.00449267 	-8.20773e-27
0.0451201 	-7.93759e-05 	-0.00477127 	-2.53935e-26
0.0455668 	-8.63915e-05 	-0.00505035 	-4.41778e-26
0.0460136 	-9.53355e-05 	-0.00535195 	-6.18553e-26
0.0464603 	-0.000104249 	-0.00565368 	-7.88185e-26
0.046907 	-0.000114591 	-0.00596706 	-7.78185e-26
0.0473538 	-0.000125869 	-0.00629082 	-6.06328e-26
0.0478005 	-0.000137431 	-0.00661541 	-4.11796e-26
0.0482472 	-0.000151363 	-0.00695903 	-2.42164e-26
0.048694 	-0.000165296 	-0.00730265 	-7.25327e-27
0.0491407 	-0.000181022 	-0.00765544 	0
0.0495874 	-0.000197897 	-0.00801553 	0
0.0500342 	-0.000215134 	-0.00837649 	1.32693e-27
0.0504809 	-0.000235221 	-0.00874828 	3.44257e-26
0.0509276 	-0.000255308 	-0.00912007 	6.75245e-26
0.0513744 	-0.000277524 	-0.00949506 	1.05196e-25
0.0518211 	-0.000301067 	-0.00987215 	1.38516e-25
0.0522678 	-0.000325042 	-0.0102492 	1.66059e-25
0.0527146 	-0.000352226 	-0.0106234 	1.3296e-25
0.0531613 	-0.00037941 	-0.0109976 	9.9861e-26
0.053608 	-0.000408914 	-0.0113641 	6.21445e-26
0.0540548 	-0.000439834 	-0.0117251 	2.88246e-26
0.0545015 	-0.000471203 	-0.0120834 	0
0.0549482 	-0.00050582 	-0.0124188 	0
0.055395 	-0.000540436 	-0.0127541 	0
0.0558417 	-0.000577179 	-0.0130641 	0
0.0562884 	-0.000615232 	-0.0133586 	0
0.0567352 	-0.000653585 	-0.0136453 	0
0.0571819 	-0.000694452 	-0.0138808 	0
0.0576286 	-0.00073532 	-0.0141164 	0
0.0580754 	-0.000777074 	-0.0142996 	0
0.0585221 	-0.000819558 	-0.0144542 	0
0.0589688 	-0.000861664 	-0.0145918 	0
0.0594156 	-0.000903368 	-0.0146399 	0
0.0598623 	-0.000945072 	-0.0146879 	0
0.060309 	-0.000983856 	-0.0146476 	0
0.0607558 	-0.0010218 	-0.0145644 	0
0.0612025 	-0.00105823 	-0.0144548 	0
0.0616492 	-0.0010911 	-0.0142316 	0
0.062096 	-0.00112396 	-0.0140084 	0
0.0625427 	-0.0011486 	-0.0136938 	0
0.0629894 	-0.00117049 	-0.0133406 	0
0.0634362 	-0.00118426 	-0.0129401 	0
0.0638829 	-0.00116928 	-0.0123579 	0
0.0643296 	-0.0011543 	-0.0117758 	0
0.0647764 	-0.000987412 	-0.010707 	0
0.0652231 	-0.000760224 	-0.00944877 	0
0.0656698 	-0.000526109 	-0.00797298 	0
0.0661166 	-0.00030636 	-0.00582635 	0
0.0665633 	-8.6611e-05 	-0.00367971 	0
0.0670101 	-2.44624e-05 	-0.00216698 	0
0.0674568 	-1.01993e-05 	-0.0009035 	0
0.0679035 	3.36422e-13 	4.19887e-12 	0
0.0683503 	1.83683e-13 	2.29256e-12 	0
0.068797 	3.09435e-14 	3.8625e-13 	0
0.0692437 	7.66328e-21 	3.48053e-17 	0
0.0696905 	-3.17776e-21 	1.42285e-17 	0
0.0701372 	-1.19091e-20 	2.4544e-20 	0
0.0705839 	-1.57814e-20 	9.73725e-21 	0
0.0710307 	-1.96537e-20 	-5.06954e-21 	0
0.0714774 	-2.06475e-20 	-1.25916e-20 	0
0.0719241 	-2.09174e-20 	-1.85839e-20 	0
0.0723709 	-2.06329e-20 	-2.34719e-20 	0
0.0728176 	-1.90705e-20 	-2.60811e-20 	0
0.0732643 	-1.75081e-20 	-2.86904e-20 	0
0.0737111 	-1.60705e-20 	-3.02207e-20 	0
0.0741578 	-1.46285e-20 	-3.15282e-20 	0
0.0746045 	-1.33164e-20 	-3.26745e-20 	-1.39539e-42
0.0750513 	-1.22189e-20 	-3.34948e-20 	-5.82393e-42
0.075498 	-1.11214e-20 	-3.4315e-20 	-1.02525e-41
0.0759447 	-1.02638e-20 	-3.50025e-20 	-1.49225e-41
0.0763915 	-9.44157e-21 	-3.56619e-20 	-1.89233e-41
0.0768382 	-8.69036e-21 	-3.63145e-20 	-1.98014e-41
0.0772849 	-8.05861e-21 	-3.69461e-20 	-1.53729e-41
0.0777317 	-7.42686e-21 	-3.75778e-20 	-1.09443e-41
0.0781784 	-6.90874e-21 	-3.82348e-20 	-6.36166e-42
0.0786251 	-6.40669e-21 	-3.88927e-20 	-2.36084e-42
0.0790719 	-5.93882e-21 	-3.95708e-20 	0
0.0795186 	-5.52664e-21 	-4.02761e-20 	0
0.0799653 	-5.11446e-21 	-4.09813e-20 	0
0.0804121 	-4.75864e-21 	-4.1737e-20 	0
0.0808588 	-4.41017e-21 	-4.24968e-20 	0
0.0813055 	-4.07953e-21 	-4.32807e-20 	-1.77272e-42
0.0817523 	-3.77698e-21 	-4.40965e-20 	-6.3171e-42
0.082199 	-3.47442e-21 	-4.49124e-20 	-1.08615e-41
0.0826457 	-3.20154e-21 	-4.57801e-20 	-1.51339e-41
0.0830925 	-2.93229e-21 	-4.66512e-20 	-1.91788e-41
0.0835392 	-2.67238e-21 	-4.75464e-20 	-1.79199e-41
0.0839859 	-2.42706e-21 	-4.84715e-20 	-9.72617e-42
0.0844327 	-2.18174e-21 	-4.93965e-20 	-1.53245e-42
0.0848794 	-1.95109e-21 	-5.03719e-20 	6.20416e-42
0.0853261 	-1.72239e-21 	-5.13495e-20 	1.3604e-41
0.0857729 	-1.49751e-21 	-5.23511e-20 	1.57844e-41
0.0862196 	-1.27946e-21 	-5.33802e-20 	1.21351e-41
0.0866663 	-1.0614e-21 	-5.44093e-20 	8.48572e-42
0.0871131 	-8.47607e-22 	-5.5488e-20 	4.99916e-42
0.0875598 	-6.35044e-22 	-5.65679e-20 	1.64422e-42
0.0880065 	-4.22221e-22 	-4.64657e-20 	0
0.0884533 	-2.11392e-22 	-2.35002e-20 	0
0.0889 	0 	0 	0
