0 	506.15 	-1.27499e-05
0.000446734 	506.125 	-1.27541e-05
0.000893467 	506.1 	-1.27582e-05
0.0013402 	506.075 	-1.27669e-05
0.00178693 	506.051 	-1.27798e-05
0.00223367 	506.026 	-1.27929e-05
0.0026804 	506.001 	-1.28149e-05
0.00312714 	505.977 	-1.28369e-05
0.00357387 	505.952 	-1.28662e-05
0.0040206 	505.928 	-1.29018e-05
0.00446734 	505.904 	-1.29387e-05
0.00491407 	505.88 	-1.30007e-05
0.0053608 	505.856 	-1.30627e-05
0.00580754 	505.833 	-1.31472e-05
0.00625427 	505.81 	-1.3249e-05
0.00670101 	505.787 	-1.33541e-05
0.00714774 	505.764 	-1.34995e-05
0.00759447 	505.742 	-1.3645e-05
0.00804121 	505.72 	-1.3813e-05
0.00848794 	505.698 	-1.39969e-05
0.00893467 	505.677 	-1.4184e-05
0.00938141 	505.656 	-1.44003e-05
0.00982814 	505.635 	-1.46166e-05
0.0102749 	505.616 	-1.48533e-05
0.0107216 	505.596 	-1.5103e-05
0.0111683 	505.577 	-1.53581e-05
0.0116151 	505.559 	-1.5652e-05
0.0120618 	505.541 	-1.59459e-05
0.0125085 	505.524 	-1.62806e-05
0.0129553 	505.508 	-1.66385e-05
0.013402 	505.491 	-1.70097e-05
0.0138487 	505.476 	-1.74566e-05
0.0142955 	505.461 	-1.79035e-05
0.0147422 	505.448 	-1.84258e-05
0.0151889 	505.434 	-1.89866e-05
0.0156357 	505.421 	-1.95707e-05
0.0160824 	505.409 	-2.02644e-05
0.0165291 	505.398 	-2.09581e-05
0.0169759 	505.387 	-2.17487e-05
0.0174226 	505.377 	-2.25832e-05
0.0178693 	505.367 	-2.34448e-05
0.0183161 	505.358 	-2.44143e-05
0.0187628 	505.349 	-2.53838e-05
0.0192095 	505.342 	-2.64355e-05
0.0196563 	505.334 	-2.75205e-05
0.020103 	505.327 	-2.86246e-05
0.0205497 	505.321 	-2.97948e-05
0.0209965 	505.315 	-3.0965e-05
0.0214432 	505.31 	-3.2171e-05
0.0218899 	505.305 	-3.33897e-05
0.0223367 	505.3 	-3.46107e-05
0.0227834 	505.296 	-3.58386e-05
0.0232302 	505.292 	-3.70665e-05
0.0236769 	505.288 	-3.8272e-05
0.0241236 	505.285 	-3.94704e-05
0.0245704 	505.282 	-4.06507e-05
0.0250171 	505.279 	-4.17833e-05
0.0254638 	505.276 	-4.29158e-05
0.0259106 	505.274 	-4.39702e-05
0.0263573 	505.271 	-4.50035e-05
0.026804 	505.269 	-4.59981e-05
0.0272508 	505.267 	-4.69022e-05
0.0276975 	505.265 	-4.78063e-05
0.0281442 	505.264 	-4.85839e-05
0.028591 	505.262 	-4.93323e-05
0.0290377 	505.261 	-5.00225e-05
0.0294844 	505.259 	-5.0592e-05
0.0299312 	505.258 	-5.11615e-05
0.0303779 	505.256 	-5.1565e-05
0.0308246 	505.255 	-5.19362e-05
0.0312714 	505.254 	-5.22326e-05
0.0317181 	505.253 	-5.239e-05
0.0321648 	505.251 	-5.25473e-05
0.0326116 	505.25 	-5.25101e-05
0.0330583 	505.249 	-5.24418e-05
0.033505 	505.248 	-5.2286e-05
0.0339518 	505.247 	-5.19842e-05
0.0343985 	505.245 	-5.16823e-05
0.0348452 	505.244 	-5.11701e-05
0.035292 	505.243 	-5.06311e-05
0.0357387 	505.241 	-4.9998e-05
0.0361854 	505.24 	-4.92238e-05
0.0366322 	505.239 	-4.84495e-05
0.0370789 	505.237 	-4.7467e-05
0.0375256 	505.236 	-4.64646e-05
0.0379724 	505.234 	-4.53704e-05
0.0384191 	505.232 	-4.41523e-05
0.0388658 	505.231 	-4.29341e-05
0.0393126 	505.229 	-4.15314e-05
0.0397593 	505.227 	-4.01165e-05
0.040206 	505.225 	-3.86244e-05
0.0406528 	505.223 	-3.70383e-05
0.0410995 	505.221 	-3.54521e-05
0.0415462 	505.219 	-3.37328e-05
0.041993 	505.217 	-3.20083e-05
0.0424397 	505.214 	-3.02371e-05
0.0428864 	505.212 	-2.84143e-05
0.0433332 	505.21 	-2.65915e-05
0.0437799 	505.207 	-2.47179e-05
0.0442266 	505.204 	-2.28438e-05
0.0446734 	505.201 	-2.09702e-05
0.0451201 	505.198 	-1.90973e-05
0.0455668 	505.196 	-1.7225e-05
0.0460136 	505.192 	-1.54097e-05
0.0464603 	505.189 	-1.35943e-05
0.046907 	505.186 	-1.18392e-05
0.0473538 	505.182 	-1.01386e-05
0.0478005 	505.179 	-8.44443e-06
0.0482472 	505.175 	-6.91299e-06
0.048694 	505.171 	-5.38155e-06
0.0491407 	505.168 	-3.96876e-06
0.0495874 	505.164 	-2.65305e-06
0.0500342 	505.16 	-1.35292e-06
0.0504809 	505.155 	-2.86484e-07
0.0509276 	505.151 	7.79952e-07
0.0513744 	505.147 	1.69428e-06
0.0518211 	505.142 	2.49619e-06
0.0522678 	505.138 	3.27555e-06
0.0527146 	505.133 	3.81977e-06
0.0531613 	505.128 	4.36399e-06
0.053608 	505.123 	4.77133e-06
0.0540548 	505.118 	5.08741e-06
0.0545015 	505.113 	5.38325e-06
0.0549482 	505.108 	5.51938e-06
0.055395 	505.103 	5.65552e-06
0.0558417 	505.098 	5.71537e-06
0.0562884 	505.092 	5.72944e-06
0.0567352 	505.087 	5.73441e-06
0.0571819 	505.081 	5.68233e-06
0.0576286 	505.075 	5.63024e-06
0.0580754 	505.069 	5.56359e-06
0.0585221 	505.064 	5.48908e-06
0.0589688 	505.058 	5.41528e-06
0.0594156 	505.051 	5.34511e-06
0.0598623 	505.045 	5.27494e-06
0.060309 	505.039 	5.21531e-06
0.0607558 	505.032 	5.16076e-06
0.0612025 	505.026 	5.10941e-06
0.0616492 	505.019 	5.07196e-06
0.062096 	505.013 	5.03451e-06
0.0625427 	505.006 	5.00803e-06
0.0629894 	504.999 	4.98625e-06
0.0634362 	504.991 	4.96829e-06
0.0638829 	504.98 	4.96444e-06
0.0643296 	504.968 	4.96059e-06
0.0647764 	504.942 	4.968e-06
0.0652231 	504.91 	4.97968e-06
0.0656698 	504.874 	5.16469e-06
0.0661166 	504.825 	5.90616e-06
0.0665633 	504.777 	6.64764e-06
0.0670101 	504.728 	7.94006e-06
0.0674568 	504.679 	9.41611e-06
0.0679035 	504.63 	1.08964e-05
0.0683503 	504.58 	1.23888e-05
0.068797 	504.53 	1.38811e-05
0.0692437 	504.479 	1.53796e-05
0.0696905 	504.429 	1.68798e-05
0.0701372 	504.378 	1.83793e-05
0.0705839 	504.327 	1.98771e-05
0.0710307 	504.275 	2.13749e-05
0.0714774 	504.224 	2.28622e-05
0.0719241 	504.172 	2.43469e-05
0.0723709 	504.121 	2.5824e-05
0.0728176 	504.069 	2.72848e-05
0.0732643 	504.017 	2.87455e-05
0.0737111 	503.964 	3.01779e-05
0.0741578 	503.912 	3.16042e-05
0.0746045 	503.86 	3.30153e-05
0.0750513 	503.807 	3.43969e-05
0.075498 	503.755 	3.57784e-05
0.0759447 	503.702 	3.71133e-05
0.0763915 	503.649 	3.84399e-05
0.0768382 	503.596 	3.97429e-05
0.0772849 	503.543 	4.10044e-05
0.0777317 	503.49 	4.2266e-05
0.0781784 	503.437 	4.34618e-05
0.0786251 	503.384 	4.46482e-05
0.0790719 	503.331 	4.58016e-05
0.0795186 	503.278 	4.69028e-05
0.0799653 	503.224 	4.8004e-05
0.0804121 	503.171 	4.90194e-05
0.0808588 	503.117 	5.00252e-05
0.0813055 	503.064 	5.09875e-05
0.0817523 	503.01 	5.18878e-05
0.082199 	502.957 	5.27882e-05
0.0826457 	502.903 	5.35816e-05
0.0830925 	502.85 	5.43664e-05
0.0835392 	502.796 	5.50964e-05
0.0839859 	502.742 	5.57559e-05
0.0844327 	502.688 	5.64154e-05
0.0848794 	502.635 	5.69471e-05
0.0853261 	502.581 	5.7472e-05
0.0857729 	502.527 	5.79308e-05
0.0862196 	502.473 	5.83128e-05
0.0866663 	502.419 	5.86948e-05
0.0871131 	502.366 	5.89308e-05
0.0875598 	502.312 	5.91631e-05
0.0880065 	502.258 	5.93202e-05
0.0884533 	502.204 	5.93982e-05
0.0889 	502.15 	5.94762e-05
