5.55112e-20 	-1.38674e-20 	4.73702e-19 	0
0.000446734 	-0.000142594 	0.00349951 	7.07597e-30
0.000893467 	-0.000499907 	0.00511711 	3.66924e-29
0.0013402 	-0.000989651 	0.00599109 	2.11233e-29
0.00178693 	-0.00143161 	0.00636705 	-1.73384e-28
0.00223367 	-0.00192332 	0.0064472 	-1.65391e-28
0.0026804 	-0.00236941 	0.00641478 	0
0.00312714 	-0.00278837 	0.00621547 	0
0.00357387 	-0.00320936 	0.00597318 	0
0.0040206 	-0.0035343 	0.00557831 	0
0.00446734 	-0.00391386 	0.0051696 	0
0.00491407 	-0.00415857 	0.00461417 	0
0.0053608 	-0.00446661 	0.00405809 	0
0.00580754 	-0.00462838 	0.003367 	0
0.00625427 	-0.00480705 	0.00267214 	0
0.00670101 	-0.00491283 	0.00190149 	1.9741e-28
0.00714774 	-0.00493103 	0.00111933 	9.256e-28
0.00759447 	-0.0049729 	0.000310834 	0
0.00804121 	-0.00484398 	-0.000486194 	1.43848e-27
0.00848794 	-0.00480862 	-0.00128053 	0
0.00893467 	-0.00458245 	-0.00202852 	-1.1059e-27
0.00938141 	-0.00444155 	-0.00275039 	2.71559e-28
0.00982814 	-0.00414754 	-0.00338664 	4.57925e-27
0.0102749 	-0.00386664 	-0.00395286 	1.74811e-26
0.0107216 	-0.00353895 	-0.00442257 	2.08039e-26
0.0111683 	-0.00313348 	-0.00473742 	1.47381e-26
0.0116151 	-0.00278473 	-0.00498588 	1.28081e-26
0.0120618 	-0.00232478 	-0.00501254 	6.29451e-27
0.0125085 	-0.00196316 	-0.00499784 	1.27341e-27
0.0129553 	-0.00153687 	-0.00477498 	5.20967e-28
0.013402 	-0.00118175 	-0.00452782 	2.12916e-28
0.0138487 	-0.000838008 	-0.00412369 	2.50778e-28
0.0142955 	-0.000517352 	-0.00370839 	5.91559e-29
0.0147422 	-0.000261827 	-0.00322377 	1.48641e-27
0.0151889 	-2.06128e-05 	-0.00274734 	5.6491e-27
0.0156357 	0.000162128 	-0.00227373 	7.85014e-27
0.0160824 	0.000303052 	-0.00185068 	7.07253e-27
0.0165291 	0.000418201 	-0.00146568 	7.67979e-27
0.0169759 	0.000465496 	-0.00115299 	3.67726e-27
0.0174226 	0.00051877 	-0.000901059 	1.89425e-28
0.0178693 	0.000500107 	-0.000728794 	-2.97769e-27
0.0183161 	0.000489345 	-0.000625063 	-7.73485e-27
0.0187628 	0.000434719 	-0.000587616 	-8.9696e-27
0.0192095 	0.000371566 	-0.000623968 	-8.70688e-27
0.0196563 	0.000308691 	-0.000687912 	-7.82928e-27
0.020103 	0.000228277 	-0.000800315 	-2.88021e-27
0.0205497 	0.000168472 	-0.000917956 	-5.08981e-28
0.0209965 	0.000103031 	-0.0010024 	6.499e-28
0.0214432 	6.1278e-05 	-0.00107931 	0
0.0218899 	2.68188e-05 	-0.00103248 	2.083e-28
0.0223367 	9.91512e-06 	-0.000947205 	3.00432e-30
0.0227834 	-1.26307e-06 	-0.000658853 	0
0.0232302 	-4.83093e-07 	-0.000245577 	0
0.0236769 	-1.064e-07 	-1.55642e-07 	0
0.0241236 	-1.3871e-07 	-1.04506e-07 	0
0.0245704 	-1.58887e-07 	-4.76923e-08 	0
0.0250171 	-1.6795e-07 	-3.81371e-08 	0
0.0254638 	-1.7463e-07 	-3.7028e-08 	1.7061e-30
0.0259106 	-1.77856e-07 	-3.58613e-08 	9.55179e-30
0.0263573 	-1.77724e-07 	-3.40872e-08 	2.28639e-29
0.026804 	-1.77401e-07 	-3.23835e-08 	2.00174e-29
0.0272508 	-1.76928e-07 	-3.04978e-08 	8.27517e-30
0.0276975 	-1.76316e-07 	-2.86618e-08 	-1.14341e-31
0.0281442 	-1.75685e-07 	-2.68399e-08 	-7.92873e-30
0.028591 	-1.75055e-07 	-2.51301e-08 	-1.56247e-29
0.0290377 	-1.74407e-07 	-2.34515e-08 	-8.64815e-30
0.0294844 	-1.73818e-07 	-2.19899e-08 	-3.86075e-30
0.0299312 	-1.73247e-07 	-2.05287e-08 	-1.00441e-29
0.0303779 	-1.72694e-07 	-1.93065e-08 	-1.46204e-29
0.0308246 	-1.72226e-07 	-1.8108e-08 	-1.64432e-29
0.0312714 	-1.71709e-07 	-1.70921e-08 	-2.15303e-29
0.0317181 	-1.71307e-07 	-1.61628e-08 	-1.85577e-29
0.0321648 	-1.70826e-07 	-1.53412e-08 	-1.11831e-29
0.0326116 	-1.70437e-07 	-1.46671e-08 	-8.339e-30
0.0330583 	-1.6999e-07 	-1.40266e-08 	-2.61688e-30
0.033505 	-1.69575e-07 	-1.35772e-08 	-4.02477e-31
0.0339518 	-1.69157e-07 	-1.31275e-08 	0
0.0343985 	-1.687e-07 	-1.28459e-08 	1.33519e-31
0.0348452 	-1.68279e-07 	-1.25908e-08 	1.15327e-30
0.035292 	-1.67783e-07 	-1.243e-08 	8.40116e-31
0.0357387 	-1.67325e-07 	-1.23404e-08 	1.82292e-30
0.0361854 	-1.66792e-07 	-1.22866e-08 	2.16985e-30
0.0366322 	-1.66265e-07 	-1.23281e-08 	2.08431e-30
0.0370789 	-1.65692e-07 	-1.23685e-08 	5.72297e-30
0.0375256 	-1.6508e-07 	-1.25056e-08 	8.15193e-30
0.0379724 	-1.64461e-07 	-1.26377e-08 	7.45345e-30
0.0384191 	-1.63767e-07 	-1.28388e-08 	8.31445e-30
0.0388658 	-1.63079e-07 	-1.30576e-08 	5.13623e-30
0.0393126 	-1.62319e-07 	-1.3295e-08 	1.65557e-30
0.0397593 	-1.61552e-07 	-1.35769e-08 	0
0.040206 	-1.60731e-07 	-1.38474e-08 	0
0.0406528 	-1.59879e-07 	-1.41657e-08 	0
0.0410995 	-1.58999e-07 	-1.4461e-08 	0
0.0415462 	-1.58061e-07 	-1.47907e-08 	0
0.041993 	-1.57122e-07 	-1.51115e-08 	0
0.0424397 	-1.56108e-07 	-1.54398e-08 	0
0.0428864 	-1.55093e-07 	-1.57772e-08 	0
0.0433332 	-1.54024e-07 	-1.60956e-08 	0
0.0437799 	-1.52936e-07 	-1.64374e-08 	0
0.0442266 	-1.51816e-07 	-1.67497e-08 	0
0.0446734 	-1.5066e-07 	-1.70792e-08 	-1.23825e-30
0.0451201 	-1.49492e-07 	-1.73815e-08 	-2.00538e-30
0.0455668 	-1.48276e-07 	-1.76863e-08 	-3.68404e-30
0.0460136 	-1.47062e-07 	-1.79814e-08 	-1.09246e-29
0.0464603 	-1.45795e-07 	-1.82573e-08 	-1.39822e-29
0.046907 	-1.44526e-07 	-1.85369e-08 	-1.44835e-29
0.0473538 	-1.43224e-07 	-1.87872e-08 	-1.49115e-29
0.0478005 	-1.41905e-07 	-1.9046e-08 	-9.26481e-30
0.0482472 	-1.40573e-07 	-1.92753e-08 	-3.36722e-30
0.048694 	-1.39212e-07 	-1.9506e-08 	0
0.0491407 	-1.37851e-07 	-1.97145e-08 	0
0.0495874 	-1.36459e-07 	-1.99128e-08 	0
0.0500342 	-1.3507e-07 	-2.01025e-08 	0
0.0504809 	-1.33653e-07 	-2.02682e-08 	0
0.0509276 	-1.32236e-07 	-2.04345e-08 	0
0.0513744 	-1.30803e-07 	-2.05738e-08 	2.87365e-31
0.0518211 	-1.2936e-07 	-2.07138e-08 	4.63779e-30
0.0522678 	-1.27915e-07 	-2.08315e-08 	1.17408e-29
0.0527146 	-1.26454e-07 	-2.09437e-08 	1.54478e-29
0.0531613 	-1.24997e-07 	-2.10412e-08 	1.47648e-29
0.053608 	-1.23526e-07 	-2.11256e-08 	1.36776e-29
0.0540548 	-1.22059e-07 	-2.12042e-08 	6.23034e-30
0.0545015 	-1.20583e-07 	-2.12625e-08 	2.09666e-30
0.0549482 	-1.19107e-07 	-2.13204e-08 	2.84088e-30
0.055395 	-1.1763e-07 	-2.13578e-08 	1.75241e-30
0.0558417 	-1.16147e-07 	-2.13927e-08 	4.69602e-30
0.0562884 	-1.14671e-07 	-2.14138e-08 	3.47781e-30
0.0567352 	-1.13188e-07 	-2.14269e-08 	1.85315e-30
0.0571819 	-1.11713e-07 	-2.14328e-08 	2.24197e-30
0.0576286 	-1.10233e-07 	-2.14261e-08 	1.47045e-31
0.0580754 	-1.0876e-07 	-2.14174e-08 	0
0.0585221 	-1.07289e-07 	-2.13935e-08 	0
0.0589688 	-1.05819e-07 	-2.13696e-08 	0
0.0594156 	-1.04358e-07 	-2.13321e-08 	-6.51757e-31
0.0598623 	-1.02894e-07 	-2.12913e-08 	-5.30456e-30
0.060309 	-1.01442e-07 	-2.12439e-08 	-1.29295e-29
0.0607558 	-9.99883e-08 	-2.1188e-08 	-1.56384e-29
0.0612025 	-9.85446e-08 	-2.11307e-08 	-1.53359e-29
0.0616492 	-9.71038e-08 	-2.10624e-08 	-1.35496e-29
0.062096 	-9.56697e-08 	-2.0996e-08 	-5.80071e-30
0.0625427 	-9.42442e-08 	-2.09185e-08 	-1.93426e-30
0.0629894 	-9.28198e-08 	-2.08421e-08 	-2.97258e-30
0.0634362 	-9.14104e-08 	-2.07574e-08 	-1.90108e-30
0.0638829 	-9.00003e-08 	-2.067e-08 	-4.9484e-30
0.0643296 	-8.86041e-08 	-2.0581e-08 	-3.011e-30
0.0647764 	-8.72098e-08 	-2.0484e-08 	-1.98005e-30
0.0652231 	-8.58264e-08 	-2.03898e-08 	-1.98233e-30
0.0656698 	-8.44495e-08 	-2.02862e-08 	0
0.0661166 	-8.30793e-08 	-2.01874e-08 	0
0.0665633 	-8.17211e-08 	-2.00804e-08 	0
0.0670101 	-8.0364e-08 	-1.99756e-08 	0
0.0674568 	-7.90247e-08 	-1.98666e-08 	9.40785e-31
0.0679035 	-7.76851e-08 	-1.97556e-08 	5.44188e-30
0.0683503 	-7.63608e-08 	-1.96464e-08 	1.27379e-29
0.068797 	-7.50399e-08 	-1.953e-08 	1.43479e-29
0.0692437 	-7.373e-08 	-1.9419e-08 	1.45217e-29
0.0696905 	-7.24281e-08 	-1.93001e-08 	1.19756e-29
0.0701372 	-7.11326e-08 	-1.91876e-08 	4.90652e-30
0.0705839 	-6.98501e-08 	-1.9069e-08 	1.47898e-30
0.0710307 	-6.8569e-08 	-1.89538e-08 	5.15438e-30
0.0714774 	-6.73056e-08 	-1.88368e-08 	1.03124e-29
0.0719241 	-6.60423e-08 	-1.87187e-08 	4.34455e-30
0.0723709 	-6.47946e-08 	-1.8604e-08 	-6.33229e-31
0.0728176 	-6.35504e-08 	-1.84837e-08 	-8.36935e-30
0.0732643 	-6.23169e-08 	-1.83698e-08 	-2.13342e-29
0.0737111 	-6.10916e-08 	-1.82496e-08 	-2.23809e-29
0.0741578 	-5.98724e-08 	-1.81363e-08 	-1.46138e-29
0.0746045 	-5.86655e-08 	-1.80184e-08 	-1.11149e-29
0.0750513 	-5.74604e-08 	-1.79048e-08 	-3.92687e-30
0.075498 	-5.62715e-08 	-1.77907e-08 	-5.59572e-31
0.0759447 	-5.50827e-08 	-1.76764e-08 	0
0.0763915 	-5.39092e-08 	-1.75662e-08 	0
0.0768382 	-5.27385e-08 	-1.74518e-08 	0
0.0772849 	-5.1578e-08 	-1.73443e-08 	0
0.0777317 	-5.04249e-08 	-1.72315e-08 	0
0.0781784 	-4.92775e-08 	-1.71258e-08 	0
0.0786251 	-4.81411e-08 	-1.70164e-08 	0
0.0790719 	-4.70065e-08 	-1.69121e-08 	0
0.0795186 	-4.58862e-08 	-1.68078e-08 	-5.76718e-31
0.0799653 	-4.47657e-08 	-1.6704e-08 	-3.8263e-30
0.0804121 	-4.36595e-08 	-1.66045e-08 	-1.00472e-29
0.0808588 	-4.25553e-08 	-1.65022e-08 	-9.32349e-30
0.0813055 	-4.14605e-08 	-1.64065e-08 	-1.04983e-29
0.0817523 	-4.03718e-08 	-1.63064e-08 	-9.71656e-30
0.082199 	-3.92882e-08 	-1.62133e-08 	-4.0017e-30
0.0826457 	-3.82141e-08 	-1.61173e-08 	-4.42103e-30
0.0830925 	-3.71417e-08 	-1.60266e-08 	-1.11226e-29
0.0835392 	-3.60811e-08 	-1.59361e-08 	-1.36665e-29
0.0839859 	-3.50202e-08 	-1.58466e-08 	-1.34887e-29
0.0844327 	-3.39721e-08 	-1.57615e-08 	-1.29935e-29
0.0848794 	-3.2925e-08 	-1.56744e-08 	-7.31684e-30
0.0853261 	-3.18862e-08 	-1.55934e-08 	-2.2913e-30
0.0857729 	-3.08523e-08 	-1.55091e-08 	1.44675e-31
0.0862196 	-2.98228e-08 	-1.54311e-08 	1.54337e-31
0.0866663 	-2.88009e-08 	-1.53509e-08 	1.17023e-30
0.0871131 	-2.77805e-08 	-1.52759e-08 	2.51425e-30
0.0875598 	-2.67695e-08 	-1.52011e-08 	2.56854e-30
0.0880065 	-2.57582e-08 	-1.51278e-08 	9.01985e-30
0.0884533 	-2.47574e-08 	-1.50584e-08 	1.13912e-29
0.0889 	-2.37571e-08 	-1.49878e-08 	1.04271e-29
