0 	0 	0 	0
0.000446734 	6.02355e-06 	0.000185956 	-8.67946e-27
0.000893467 	1.20471e-05 	0.000371912 	-1.73589e-26
0.0013402 	1.86923e-05 	0.000459913 	-1.93891e-26
0.00178693 	2.59288e-05 	0.000454738 	-1.50944e-26
0.00223367 	3.31679e-05 	0.00044717 	-1.07974e-26
0.0026804 	4.05058e-05 	0.00034632 	-6.41267e-27
0.00312714 	4.78438e-05 	0.000245469 	-2.02794e-27
0.00357387 	5.15259e-05 	0.00013787 	0
0.0040206 	5.20622e-05 	2.44638e-05 	0
0.00446734 	5.1456e-05 	-8.65522e-05 	0
0.00491407 	2.91429e-05 	-0.00015215 	0
0.0053608 	6.8298e-06 	-0.000217747 	0
0.00580754 	-3.75096e-05 	-0.000241192 	0
0.00625427 	-9.89807e-05 	-0.000231852 	0
0.00670101 	-0.000164143 	-0.000217232 	-5.63042e-28
0.00714774 	-0.000274828 	-0.0001375 	-8.07027e-27
0.00759447 	-0.000385514 	-5.77688e-05 	-1.55775e-26
0.00804121 	-0.000528183 	5.19882e-05 	-2.2692e-26
0.00848794 	-0.000693307 	0.000182827 	-2.95307e-26
0.00893467 	-0.000864302 	0.000317063 	-3.49348e-26
0.00938141 	-0.00108813 	0.000481881 	-2.74275e-26
0.00982814 	-0.00131196 	0.000646699 	-1.99203e-26
0.0102749 	-0.00157415 	0.000826464 	-1.28226e-26
0.0107216 	-0.00186061 	0.00101568 	-5.98386e-27
0.0111683 	-0.00215501 	0.00120726 	-2.33082e-28
0.0116151 	-0.00250495 	0.00141533 	-2.09774e-27
0.0120618 	-0.00285489 	0.0016234 	-3.96239e-27
0.0125085 	-0.00324177 	0.00183913 	-5.36072e-27
0.0129553 	-0.00364965 	0.0020592 	-6.49389e-27
0.013402 	-0.00406421 	0.00227945 	-7.17739e-27
0.0138487 	-0.00451669 	0.00250072 	-5.31273e-27
0.0142955 	-0.00496916 	0.00272199 	-3.44808e-27
0.0147422 	-0.0054382 	0.00293484 	-2.06803e-27
0.0151889 	-0.00591567 	0.0031434 	-9.34865e-28
0.0156357 	-0.00639361 	0.00334725 	0
0.0160824 	-0.00687376 	0.00352889 	0
0.0165291 	-0.00735391 	0.00371053 	0
0.0169759 	-0.00782145 	0.00386569 	0
0.0174226 	-0.00828326 	0.00400881 	0
0.0178693 	-0.0087381 	0.00414279 	0
0.0183161 	-0.009165 	0.00424024 	0
0.0187628 	-0.00959191 	0.00433769 	0
0.0192095 	-0.00998649 	0.00440106 	0
0.0196563 	-0.010368 	0.0044507 	0
0.020103 	-0.0107384 	0.00449007 	0
0.0205497 	-0.0110703 	0.0044941 	0
0.0209965 	-0.0114021 	0.00449813 	0
0.0214432 	-0.0116979 	0.00447238 	0
0.0218899 	-0.0119808 	0.00443603 	0
0.0223367 	-0.0122525 	0.00439127 	9.96782e-28
0.0227834 	-0.0124904 	0.00432124 	4.98391e-27
0.0232302 	-0.0127282 	0.00425122 	8.97104e-27
0.0236769 	-0.0129359 	0.00416073 	1.32228e-26
0.0241236 	-0.0131342 	0.00406387 	1.7557e-26
0.0245704 	-0.013323 	0.00396132 	1.96029e-26
0.0250171 	-0.0134871 	0.00384373 	1.56157e-26
0.0254638 	-0.0136512 	0.00372615 	1.16286e-26
0.0259106 	-0.0137921 	0.00359614 	1.49853e-26
0.0263573 	-0.0139268 	0.00346278 	2.03238e-26
0.026804 	-0.0140537 	0.00332581 	2.70748e-26
0.0272508 	-0.0141626 	0.00318042 	3.71221e-26
0.0276975 	-0.0142715 	0.00303503 	4.71693e-26
0.0281442 	-0.0143617 	0.00288205 	4.11941e-26
0.028591 	-0.0144475 	0.00272733 	3.15215e-26
0.0290377 	-0.0145264 	0.00257019 	2.17271e-26
0.0294844 	-0.0145911 	0.00240804 	1.16799e-26
0.0299312 	-0.0146558 	0.00224588 	1.63268e-27
0.0303779 	-0.014704 	0.0020786 	0
0.0308246 	-0.0147489 	0.00191033 	0
0.0312714 	-0.0147873 	0.00174023 	0
0.0317181 	-0.0148136 	0.00156674 	0
0.0321648 	-0.0148398 	0.00139325 	0
0.0326116 	-0.0148506 	0.0012158 	2.12469e-26
0.0330583 	-0.014859 	0.00103772 	4.58809e-26
0.033505 	-0.0148608 	0.000858086 	7.08063e-26
0.0339518 	-0.0148517 	0.000675852 	9.62171e-26
0.0343985 	-0.0148427 	0.000493618 	1.21628e-25
0.0348452 	-0.0148185 	0.000307991 	1.02624e-25
0.035292 	-0.0147924 	0.000121934 	7.79899e-26
0.0357387 	-0.0147596 	-6.55357e-05 	5.30451e-26
0.0361854 	-0.0147165 	-0.000255125 	2.76343e-26
0.0366322 	-0.0146734 	-0.000444714 	2.22345e-27
0.0370789 	-0.0146148 	-0.000637205 	-5.81206e-27
0.0375256 	-0.0145546 	-0.000829975 	-1.21814e-26
0.0379724 	-0.0144869 	-0.00102386 	-1.85899e-26
0.0384191 	-0.0144091 	-0.00121926 	-2.50511e-26
0.0388658 	-0.0143313 	-0.00141466 	-3.15124e-26
0.0393126 	-0.0142363 	-0.00161168 	-2.59449e-26
0.0397593 	-0.01414 	-0.00180881 	-1.95755e-26
0.040206 	-0.014035 	-0.0020061 	-1.31648e-26
0.0406528 	-0.0139193 	-0.00220358 	-6.70355e-27
0.0410995 	-0.0138036 	-0.00240105 	-2.42297e-28
0.0415462 	-0.0136676 	-0.00259689 	0
0.041993 	-0.0135308 	-0.00279267 	0
0.0424397 	-0.0133831 	-0.00298625 	0
0.0428864 	-0.0132234 	-0.00317739 	0
0.0433332 	-0.0130637 	-0.00336854 	0
0.0437799 	-0.012879 	-0.00355113 	-6.21643e-27
0.0442266 	-0.012694 	-0.00373362 	-1.25115e-26
0.0446734 	-0.0124948 	-0.00390908 	-1.86613e-26
0.0451201 	-0.0122815 	-0.00407752 	-2.46656e-26
0.0455668 	-0.0120679 	-0.00424569 	-3.05161e-26
0.0460136 	-0.011823 	-0.00439313 	-2.4221e-26
0.0464603 	-0.011578 	-0.00454057 	-1.79259e-26
0.046907 	-0.0113146 	-0.00467247 	-1.17834e-26
0.0473538 	-0.0110343 	-0.0047903 	-5.77914e-27
0.0478005 	-0.0107526 	-0.00490665 	1.63997e-28
0.0482472 	-0.0104334 	-0.00498478 	4.53724e-27
0.048694 	-0.0101142 	-0.00506291 	8.91048e-27
0.0491407 	-0.00977227 	-0.00511316 	1.28643e-26
0.0495874 	-0.00941167 	-0.00514059 	1.64751e-26
0.0500342 	-0.00904846 	-0.00516419 	1.95868e-26
0.0504809 	-0.00864624 	-0.00513033 	1.52135e-26
0.0509276 	-0.00824402 	-0.00509646 	1.08403e-26
0.0513744 	-0.00782013 	-0.00502269 	9.75364e-27
0.0518211 	-0.00738023 	-0.00491943 	1.10962e-26
0.0522678 	-0.00693789 	-0.00480985 	1.26148e-26
0.0527146 	-0.00647016 	-0.00463438 	1.59689e-26
0.0531613 	-0.00600243 	-0.0044589 	1.9323e-26
0.053608 	-0.00552819 	-0.00424338 	1.76926e-26
0.0540548 	-0.00504962 	-0.00400116 	1.27393e-26
0.0545015 	-0.00457249 	-0.00375321 	7.96593e-27
0.0549482 	-0.00410674 	-0.00346001 	4.61186e-27
0.055395 	-0.00364099 	-0.00316682 	1.25778e-27
0.0558417 	-0.0032004 	-0.00285783 	0
0.0562884 	-0.0027749 	-0.00253936 	0
0.0567352 	-0.00235847 	-0.00222176 	0
0.0571819 	-0.00199888 	-0.00190969 	0
0.0576286 	-0.00163928 	-0.00159762 	0
0.0580754 	-0.00133369 	-0.00130956 	0
0.0585221 	-0.00105716 	-0.00103444 	0
0.0589688 	-0.000794796 	-0.000768929 	1.92725e-29
0.0594156 	-0.00060537 	-0.000552918 	1.37873e-28
0.0598623 	-0.000415944 	-0.000336908 	2.56473e-28
0.060309 	-0.00027933 	-0.000167906 	2.95964e-28
0.0607558 	-0.000168145 	-2.15364e-05 	2.97365e-28
0.0612025 	-6.84544e-05 	0.000111469 	2.76267e-28
0.0616492 	-1.8577e-05 	0.000186566 	1.57666e-28
0.062096 	3.13004e-05 	0.000261663 	3.90661e-29
0.0625427 	5.2176e-05 	0.000287877 	2.50506e-30
0.0629894 	6.06223e-05 	0.000293141 	1.10363e-30
0.0634362 	6.40191e-05 	0.000283032 	0
0.0638829 	4.87031e-05 	0.000215956 	0
0.0643296 	3.33871e-05 	0.00014888 	0
0.0647764 	2.06721e-05 	9.24185e-05 	0
0.0652231 	8.94364e-06 	3.99837e-05 	0
0.0656698 	6.45941e-10 	2.02368e-09 	-2.4905e-40
0.0661166 	3.58855e-10 	1.12427e-09 	-1.29768e-39
0.0665633 	7.17696e-11 	2.24863e-10 	-2.34631e-39
0.0670101 	-1.31374e-15 	7.72152e-15 	-2.60853e-39
0.0674568 	-5.57647e-16 	3.27805e-15 	-2.60862e-39
0.0679035 	-2.86417e-20 	8.91601e-19 	-2.33341e-39
0.0683503 	-2.46206e-20 	4.8951e-19 	-1.28478e-39
0.068797 	-2.05995e-20 	8.74178e-20 	-2.36149e-40
0.0692437 	-2.17082e-20 	-3.28216e-21 	-1.42249e-43
0.0696905 	-2.4306e-20 	-3.57802e-21 	-5.91837e-44
0.0701372 	-2.61331e-20 	-3.85063e-21 	0
0.0705839 	-2.60499e-20 	-4.06561e-21 	0
0.0710307 	-2.59666e-20 	-4.28059e-21 	0
0.0714774 	-2.58418e-20 	-4.50334e-21 	-3.96793e-43
0.0719241 	-2.57065e-20 	-4.72803e-21 	-8.92785e-43
0.0723709 	-2.55502e-20 	-4.96349e-21 	-1.42178e-42
0.0728176 	-2.53476e-20 	-5.22261e-21 	-2.02337e-42
0.0732643 	-2.51449e-20 	-5.48173e-21 	-2.62497e-42
0.0737111 	-2.48841e-20 	-5.77389e-21 	-2.32106e-42
0.0741578 	-2.4611e-20 	-6.07307e-21 	-1.82506e-42
0.0746045 	-2.4314e-20 	-6.38573e-21 	-1.29343e-42
0.0750513 	-2.39703e-20 	-6.72487e-21 	-6.91835e-43
0.075498 	-2.36265e-20 	-7.06401e-21 	-9.02394e-44
0.0759447 	-2.32227e-20 	-7.43599e-21 	0
0.0763915 	-2.28084e-20 	-7.81377e-21 	0
0.0768382 	-2.23685e-20 	-8.20523e-21 	0
0.0772849 	-2.18834e-20 	-8.62076e-21 	0
0.0777317 	-2.13983e-20 	-9.03629e-21 	0
0.0781784 	-2.0851e-20 	-9.48509e-21 	0
0.0786251 	-2.02947e-20 	-9.93865e-21 	0
0.0790719 	-1.97107e-20 	-1.04076e-20 	0
0.0795186 	-1.90827e-20 	-1.0901e-20 	0
0.0799653 	-1.84547e-20 	-1.13944e-20 	0
0.0804121 	-1.77617e-20 	-1.19267e-20 	0
0.0808588 	-1.70615e-20 	-1.24634e-20 	0
0.0813055 	-1.63316e-20 	-1.30201e-20 	0
0.0817523 	-1.55594e-20 	-1.36054e-20 	0
0.082199 	-1.47871e-20 	-1.41907e-20 	0
0.0826457 	-1.39491e-20 	-1.48278e-20 	0
0.0830925 	-1.31057e-20 	-1.54691e-20 	0
0.0835392 	-1.22325e-20 	-1.6139e-20 	0
0.0839859 	-1.13207e-20 	-1.68456e-20 	0
0.0844327 	-1.0409e-20 	-1.75522e-20 	0
0.0848794 	-9.43722e-21 	-1.83315e-20 	0
0.0853261 	-8.46231e-21 	-1.91147e-20 	0
0.0857729 	-7.46231e-21 	-1.99389e-20 	0
0.0862196 	-6.43314e-21 	-2.08109e-20 	0
0.0866663 	-5.40398e-21 	-2.1683e-20 	0
0.0871131 	-4.33507e-21 	-2.26533e-20 	0
0.0875598 	-3.26514e-21 	-2.36261e-20 	0
0.0880065 	-2.18437e-21 	-1.93968e-20 	0
0.0884533 	-1.09218e-21 	-9.69838e-21 	0
0.0889 	-3.42878e-35 	-3.57421e-34 	0
