0 	0 	0 	0
0.000446734 	0.000133793 	0.00291734 	3.50801e-26
0.000893467 	0.000267232 	0.00581496 	6.99647e-26
0.0013402 	0.000362352 	0.00801764 	7.77883e-26
0.00178693 	0.000421543 	0.00956892 	6.04905e-26
0.00223367 	0.000477051 	0.0110896 	4.29133e-26
0.0026804 	0.000463937 	0.011817 	2.53265e-26
0.00312714 	0.000450823 	0.0125443 	7.73976e-27
0.00357387 	0.000426637 	0.0130957 	8.39467e-27
0.0040206 	0.000394903 	0.0135023 	2.46922e-26
0.00446734 	0.000362501 	0.0139 	4.15414e-26
0.00491407 	0.000330441 	0.0141369 	6.93454e-26
0.0053608 	0.000298382 	0.0143738 	9.71494e-26
0.00580754 	0.000267127 	0.0145261 	1.06077e-25
0.00625427 	0.000237358 	0.0146126 	1.01148e-25
0.00670101 	0.00020735 	0.0146888 	9.42253e-26
0.00714774 	0.000179525 	0.014641 	6.64213e-26
0.00759447 	0.0001517 	0.0145931 	3.86173e-26
0.00804121 	0.000124893 	0.0144813 	2.13466e-26
0.00848794 	9.92894e-05 	0.014325 	9.97746e-27
0.00893467 	7.37624e-05 	0.0141603 	0
0.00938141 	5.08789e-05 	0.0139222 	0
0.00982814 	2.79953e-05 	0.013684 	0
0.0102749 	6.88372e-06 	0.0134096 	0
0.0107216 	-1.29199e-05 	0.0131125 	0
0.0111683 	-3.23666e-05 	0.0128102 	0
0.0116151 	-4.89545e-05 	0.0124726 	0
0.0120618 	-6.55425e-05 	0.0121351 	0
0.0125085 	-8.01017e-05 	0.0117814 	0
0.0129553 	-9.35277e-05 	0.0114186 	0
0.013402 	-0.000106444 	0.0110538 	0
0.0138487 	-0.000116878 	0.0106784 	0
0.0142955 	-0.000127313 	0.010303 	0
0.0147422 	-0.000135823 	0.00992604 	0
0.0151889 	-0.000143503 	0.0095483 	0
0.0156357 	-0.00015062 	0.00917157 	0
0.0160824 	-0.000155822 	0.00879977 	0
0.0165291 	-0.000161025 	0.00842798 	0
0.0169759 	-0.000164575 	0.00806467 	0
0.0174226 	-0.000167597 	0.00770524 	0
0.0178693 	-0.000170075 	0.00734924 	0
0.0183161 	-0.000171216 	0.00700697 	0
0.0187628 	-0.000172358 	0.0066647 	0
0.0192095 	-0.000172192 	0.00633707 	0
0.0196563 	-0.000171748 	0.00601532 	0
0.020103 	-0.000170828 	0.00569869 	0
0.0205497 	-0.000169076 	0.00539958 	0
0.0209965 	-0.000167325 	0.00510047 	0
0.0214432 	-0.00016462 	0.00481885 	0
0.0218899 	-0.000161821 	0.00454342 	0
0.0223367 	-0.000158642 	0.00427399 	0
0.0227834 	-0.00015503 	0.00402242 	0
0.0232302 	-0.000151417 	0.00377085 	0
0.0236769 	-0.000147175 	0.00353705 	0
0.0241236 	-0.000142958 	0.00330875 	0
0.0245704 	-0.000138466 	0.00308655 	0
0.0250171 	-0.000133822 	0.00288034 	0
0.0254638 	-0.000129179 	0.00267412 	0
0.0259106 	-0.000124177 	0.00248399 	0
0.0263573 	-0.000119261 	0.00229816 	0
0.026804 	-0.000114173 	0.00211785 	0
0.0272508 	-0.000109108 	0.00195033 	0
0.0276975 	-0.000104043 	0.0017828 	0
0.0281442 	-9.88302e-05 	0.00162822 	0
0.028591 	-9.3718e-05 	0.00147658 	0
0.0290377 	-8.8525e-05 	0.00132928 	0
0.0294844 	-8.3444e-05 	0.00119089 	0
0.0299312 	-7.83629e-05 	0.0010525 	0
0.0303779 	-7.32893e-05 	0.000922856 	0
0.0308246 	-6.83019e-05 	0.000794874 	0
0.0312714 	-6.33143e-05 	0.000669529 	0
0.0317181 	-5.84692e-05 	0.000548993 	0
0.0321648 	-5.36241e-05 	0.000428458 	0
0.0326116 	-4.88971e-05 	0.000311751 	0
0.0330583 	-4.42218e-05 	0.000195618 	0
0.033505 	-3.96116e-05 	8.0007e-05 	0
0.0339518 	-3.51281e-05 	-3.48155e-05 	0
0.0343985 	-3.06447e-05 	-0.000149638 	0
0.0348452 	-2.63788e-05 	-0.000266022 	0
0.035292 	-2.21238e-05 	-0.000382637 	0
0.0357387 	-1.80102e-05 	-0.000501172 	0
0.0361854 	-1.40168e-05 	-0.000622655 	0
0.0366322 	-1.00233e-05 	-0.000744138 	0
0.0370789 	-6.36685e-06 	-0.000872786 	0
0.0375256 	-2.67941e-06 	-0.00100215 	0
0.0379724 	7.67995e-07 	-0.00113608 	-1.68353e-26
0.0384191 	4.07509e-06 	-0.00127624 	-5.86529e-26
0.0388658 	7.38218e-06 	-0.0014164 	-1.0047e-25
0.0393126 	1.01468e-05 	-0.00156925 	-1.40261e-25
0.0397593 	1.298e-05 	-0.00172297 	-1.81912e-25
0.040206 	1.54312e-05 	-0.00188393 	-1.77939e-25
0.0406528 	1.76749e-05 	-0.00205377 	-1.17253e-25
0.0410995 	1.99185e-05 	-0.00222361 	-5.65677e-26
0.0415462 	2.13248e-05 	-0.00241117 	4.41567e-27
0.041993 	2.28375e-05 	-0.00259943 	6.47131e-26
0.0424397 	2.37736e-05 	-0.00279737 	8.64389e-26
0.0428864 	2.43866e-05 	-0.003006 	6.75711e-26
0.0433332 	2.49559e-05 	-0.00321478 	4.82633e-26
0.0437799 	2.4367e-05 	-0.00344491 	2.75518e-26
0.0442266 	2.38833e-05 	-0.00367546 	8.90535e-27
0.0446734 	2.25657e-05 	-0.00391748 	-8.55013e-27
0.0451201 	2.07608e-05 	-0.00417095 	-2.64528e-26
0.0455668 	1.87869e-05 	-0.00442489 	-4.60246e-26
0.0460136 	1.53784e-05 	-0.00470151 	-6.44172e-26
0.0464603 	1.20019e-05 	-0.00497828 	-8.20693e-26
0.046907 	7.47042e-06 	-0.00526713 	-8.10158e-26
0.0473538 	2.24785e-06 	-0.00556682 	-6.31132e-26
0.0478005 	-3.24128e-06 	-0.0058674 	-4.2852e-26
0.0482472 	-1.06039e-05 	-0.00618872 	-2.51999e-26
0.048694 	-1.79666e-05 	-0.00651004 	-7.54786e-27
0.0491407 	-2.6857e-05 	-0.00684204 	0
0.0495874 	-3.66658e-05 	-0.00718263 	0
0.0500342 	-4.68201e-05 	-0.00752431 	1.35801e-27
0.0504809 	-5.93826e-05 	-0.00788054 	3.52321e-26
0.0509276 	-7.19451e-05 	-0.00823678 	6.91062e-26
0.0513744 	-8.64189e-05 	-0.00859923 	1.07497e-25
0.0518211 	-0.000102029 	-0.00896604 	1.41302e-25
0.0522678 	-0.000118067 	-0.00933335 	1.69174e-25
0.0527146 	-0.000136985 	-0.00970402 	1.353e-25
0.0531613 	-0.000155903 	-0.0100747 	1.01426e-25
0.053608 	-0.000177032 	-0.0104427 	6.30493e-26
0.0540548 	-0.000199453 	-0.0108086 	2.92443e-26
0.0545015 	-0.000222353 	-0.0111731 	0
0.0549482 	-0.000248374 	-0.0115236 	0
0.055395 	-0.000274395 	-0.0118741 	0
0.0558417 	-0.000302663 	-0.0122071 	0
0.0562884 	-0.000332228 	-0.0125293 	0
0.0567352 	-0.000362217 	-0.0128457 	0
0.0571819 	-0.000395 	-0.013124 	0
0.0576286 	-0.000427783 	-0.0134022 	0
0.0580754 	-0.000462067 	-0.01364 	0
0.0585221 	-0.000497275 	-0.0138555 	0
0.0589688 	-0.000532506 	-0.0140574 	0
0.0594156 	-0.000568709 	-0.0141871 	0
0.0598623 	-0.000604911 	-0.0143169 	0
0.060309 	-0.000640181 	-0.0143709 	0
0.0607558 	-0.000675316 	-0.0143882 	0
0.0612025 	-0.000709374 	-0.0143798 	0
0.0616492 	-0.000740257 	-0.0142596 	0
0.062096 	-0.000771141 	-0.0141393 	0
0.0625427 	-0.000798144 	-0.0139154 	0
0.0629894 	-0.000824084 	-0.0136472 	0
0.0634362 	-0.000847279 	-0.0133481 	0
0.0638829 	-0.000861567 	-0.0129352 	0
0.0643296 	-0.000875856 	-0.0125224 	0
0.0647764 	-0.000863544 	-0.0119399 	0
0.0652231 	-0.000841398 	-0.0112912 	0
0.0656698 	-0.000787249 	-0.0105094 	0
0.0661166 	-0.000628018 	-0.00928706 	0
0.0665633 	-0.000468787 	-0.00806474 	0
0.0670101 	-0.000307799 	-0.006282 	0
0.0674568 	-0.000154971 	-0.00431586 	0
0.0679035 	-3.95752e-05 	-0.00253434 	0
0.0683503 	-2.16076e-05 	-0.00138372 	0
0.068797 	-3.64006e-06 	-0.000233104 	0
0.0692437 	2.68055e-13 	-1.43099e-12 	0
0.0696905 	1.09451e-13 	-5.84303e-13 	0
0.0701372 	1.05034e-19 	-9.61799e-18 	0
0.0705839 	5.30842e-20 	-5.2079e-18 	0
0.0710307 	1.13409e-21 	-7.97816e-19 	0
0.0714774 	-9.0554e-21 	-1.61351e-20 	0
0.0719241 	-1.01811e-20 	-1.79204e-20 	0
0.0723709 	-1.09249e-20 	-1.97617e-20 	0
0.0728176 	-1.08933e-20 	-2.17007e-20 	0
0.0732643 	-1.08616e-20 	-2.36397e-20 	0
0.0737111 	-1.06591e-20 	-2.5287e-20 	0
0.0741578 	-1.0412e-20 	-2.68792e-20 	0
0.0746045 	-1.01147e-20 	-2.83482e-20 	-1.3177e-42
0.0750513 	-9.70266e-21 	-2.95898e-20 	-5.49969e-42
0.075498 	-9.29057e-21 	-3.08314e-20 	-9.68167e-42
0.0759447 	-8.83884e-21 	-3.18785e-20 	-1.41989e-41
0.0763915 	-8.37552e-21 	-3.2894e-20 	-1.81066e-41
0.0768382 	-7.91929e-21 	-3.38674e-20 	-1.90387e-41
0.0772849 	-7.46944e-21 	-3.47683e-20 	-1.48567e-41
0.0777317 	-7.01959e-21 	-3.56691e-20 	-1.06747e-41
0.0781784 	-6.60439e-21 	-3.6534e-20 	-6.21352e-42
0.0786251 	-6.19312e-21 	-3.73934e-20 	-2.30587e-42
0.0790719 	-5.79876e-21 	-3.82538e-20 	0
0.0795186 	-5.43101e-21 	-3.91142e-20 	0
0.0799653 	-5.06326e-21 	-3.99746e-20 	0
0.0804121 	-4.73112e-21 	-4.08574e-20 	0
0.0808588 	-4.40343e-21 	-4.1742e-20 	0
0.0813055 	-4.08896e-21 	-4.26422e-20 	-1.9518e-42
0.0817523 	-3.79508e-21 	-4.35631e-20 	-6.95526e-42
0.082199 	-3.5012e-21 	-4.44839e-20 	-1.19587e-41
0.0826457 	-3.23149e-21 	-4.54445e-20 	-1.67479e-41
0.0830925 	-2.96469e-21 	-4.64076e-20 	-2.1293e-41
0.0835392 	-2.70601e-21 	-4.7391e-20 	-1.9898e-41
0.0839859 	-2.45995e-21 	-4.83993e-20 	-1.07173e-41
0.0844327 	-2.21388e-21 	-4.94077e-20 	-1.53654e-42
0.0848794 	-1.98107e-21 	-5.04605e-20 	7.28959e-42
0.0853261 	-1.75e-21 	-5.15153e-20 	1.57358e-41
0.0857729 	-1.52246e-21 	-5.2592e-20 	1.82244e-41
0.0862196 	-1.3012e-21 	-5.36939e-20 	1.40471e-41
0.0866663 	-1.07995e-21 	-5.47957e-20 	9.86985e-42
0.0871131 	-8.626e-22 	-5.59438e-20 	5.813e-42
0.0875598 	-6.46398e-22 	-5.7093e-20 	1.91189e-42
0.0880065 	-4.29895e-22 	-4.69229e-20 	0
0.0884533 	-2.15214e-22 	-2.37321e-20 	0
0.0889 	0 	0 	0
