0 	0 	0 	0
0.000446734 	0.000101868 	0.00278001 	-1.05195e-25
0.000893467 	0.000203192 	0.00554013 	-2.07111e-25
0.0013402 	0.000263196 	0.00761111 	-2.25736e-25
0.00178693 	0.00028509 	0.00904062 	-1.69125e-25
0.00223367 	0.00030367 	0.0104425 	-1.10546e-25
0.0026804 	0.000264721 	0.011144 	-6.52422e-26
0.00312714 	0.000225771 	0.0118454 	-1.9938e-26
0.00357387 	0.000180313 	0.012402 	-1.63586e-26
0.0040206 	0.000131079 	0.012839 	-4.81174e-26
0.00446734 	8.14049e-05 	0.0132683 	-8.19635e-26
0.00491407 	3.65473e-05 	0.0135523 	-1.21532e-25
0.0053608 	-8.31037e-06 	0.0138364 	-1.61101e-25
0.00580754 	-5.00475e-05 	0.0140359 	-1.6538e-25
0.00625427 	-8.84643e-05 	0.0141695 	-1.43545e-25
0.00670101 	-0.000126842 	0.0142924 	-1.18814e-25
0.00714774 	-0.000159504 	0.0142852 	-7.92457e-26
0.00759447 	-0.000192165 	0.014278 	-3.96771e-26
0.00804121 	-0.000221987 	0.0142025 	-1.86336e-26
0.00848794 	-0.000249321 	0.0140793 	-8.7094e-27
0.00893467 	-0.000276336 	0.0139471 	0
0.00938141 	-0.000298508 	0.0137362 	0
0.00982814 	-0.000320681 	0.0135253 	0
0.0102749 	-0.000339884 	0.0132755 	0
0.0107216 	-0.000357019 	0.0130012 	0
0.0111683 	-0.000373598 	0.0127214 	0
0.0116151 	-0.000385912 	0.0124031 	0
0.0120618 	-0.000398226 	0.0120849 	0
0.0125085 	-0.000407683 	0.0117483 	0
0.0129553 	-0.000415535 	0.0114015 	0
0.013402 	-0.000422726 	0.0110522 	0
0.0138487 	-0.000426586 	0.0106895 	0
0.0142955 	-0.000430445 	0.0103267 	0
0.0147422 	-0.000431898 	0.00996046 	0
0.0151889 	-0.000432281 	0.00959245 	0
0.0156357 	-0.000432011 	0.00922501 	0
0.0160824 	-0.000429434 	0.00886039 	0
0.0165291 	-0.000426858 	0.00849577 	0
0.0169759 	-0.000422432 	0.0081382 	0
0.0174226 	-0.000417396 	0.00778385 	0
0.0178693 	-0.000411787 	0.0074326 	0
0.0183161 	-0.000404763 	0.00709375 	0
0.0187628 	-0.00039774 	0.00675489 	0
0.0192095 	-0.000389424 	0.00642978 	0
0.0196563 	-0.00038085 	0.00611021 	0
0.020103 	-0.000371822 	0.00579555 	0
0.0205497 	-0.000362092 	0.00549779 	0
0.0209965 	-0.000352363 	0.00520004 	0
0.0214432 	-0.000341846 	0.00491946 	0
0.0218899 	-0.000331312 	0.00464499 	0
0.0223367 	-0.000320462 	0.0043765 	0
0.0227834 	-0.000309429 	0.0041259 	0
0.0232302 	-0.000298397 	0.00387529 	0
0.0236769 	-0.000286994 	0.00364275 	0
0.0241236 	-0.000275719 	0.00341583 	0
0.0245704 	-0.000264259 	0.00319522 	0
0.0250171 	-0.00025295 	0.00299118 	0
0.0254638 	-0.000241641 	0.00278713 	0
0.0259106 	-0.00023027 	0.00260009 	0
0.0263573 	-0.00021909 	0.00241762 	0
0.026804 	-0.000207835 	0.00224112 	0
0.0272508 	-0.000196902 	0.00207849 	0
0.0276975 	-0.000185969 	0.00191587 	0
0.0281442 	-0.000175165 	0.00176774 	0
0.028591 	-0.000164556 	0.00162292 	0
0.0290377 	-0.000153949 	0.00148317 	0
0.0294844 	-0.000143702 	0.00135388 	0
0.0299312 	-0.000133456 	0.00122459 	0
0.0303779 	-0.000123421 	0.00110626 	0
0.0308246 	-0.000113543 	0.000990019 	0
0.0312714 	-0.000103708 	0.00087746 	0
0.0317181 	-9.41758e-05 	0.000771671 	0
0.0321648 	-8.46434e-05 	0.000665881 	0
0.0326116 	-7.53153e-05 	0.000566804 	0
0.0330583 	-6.60856e-05 	0.00046877 	0
0.033505 	-5.69098e-05 	0.000372638 	0
0.0339518 	-4.79193e-05 	0.000279608 	0
0.0343985 	-3.89287e-05 	0.000186578 	0
0.0348452 	-3.00716e-05 	9.55502e-05 	0
0.035292 	-2.12478e-05 	4.74489e-06 	0
0.0357387 	-1.24671e-05 	-8.62588e-05 	0
0.0361854 	-3.73372e-06 	-0.000177633 	0
0.0366322 	4.99963e-06 	-0.000269008 	0
0.0370789 	1.3691e-05 	-0.000363414 	0
0.0375256 	2.24089e-05 	-0.000458144 	0
0.0379724 	3.10966e-05 	-0.000555442 	-8.93554e-29
0.0384191 	3.98584e-05 	-0.000656286 	-3.11307e-28
0.0388658 	4.86202e-05 	-0.00075713 	-5.33258e-28
0.0393126 	5.73901e-05 	-0.000866216 	-7.28519e-28
0.0397593 	6.62347e-05 	-0.000975886 	-9.32175e-28
0.040206 	7.50335e-05 	-0.00109068 	-1.31323e-27
0.0406528 	8.39749e-05 	-0.00121181 	-1.95311e-27
0.0410995 	9.29162e-05 	-0.00133294 	-2.59299e-27
0.0415462 	0.000101829 	-0.00146749 	-3.42011e-27
0.041993 	0.000110853 	-0.0016026 	-4.12532e-27
0.0424397 	0.000119767 	-0.00174544 	-4.09813e-27
0.0428864 	0.000128826 	-0.00189689 	-3.2363e-27
0.0433332 	0.000137853 	-0.00204846 	-2.39003e-27
0.0437799 	0.00014675 	-0.00221802 	-1.34293e-27
0.0442266 	0.000155757 	-0.00238796 	-4.34065e-28
0.0446734 	0.000164516 	-0.00256805 	4.22038e-28
0.0451201 	0.000173342 	-0.00275834 	1.30572e-27
0.0455668 	0.000182031 	-0.00294904 	2.28823e-27
0.0460136 	0.000190462 	-0.00316104 	3.10283e-27
0.0464603 	0.000198932 	-0.00337318 	3.89654e-27
0.046907 	0.000206915 	-0.00359736 	3.79551e-27
0.0473538 	0.000214805 	-0.00383242 	2.91183e-27
0.0478005 	0.000222473 	-0.00406836 	1.92681e-27
0.0482472 	0.000229512 	-0.00432682 	1.1331e-27
0.048694 	0.00023655 	-0.00458528 	3.39384e-28
0.0491407 	0.00024275 	-0.00485655 	0
0.0495874 	0.000248617 	-0.00513824 	0
0.0500342 	0.000254193 	-0.00542136 	1.87345e-29
0.0504809 	0.000258518 	-0.00572528 	4.86044e-28
0.0509276 	0.000262844 	-0.0060292 	9.53354e-28
0.0513744 	0.00026585 	-0.00634486 	2.01877e-27
0.0518211 	0.000268217 	-0.00666907 	3.45474e-27
0.0522678 	0.000270188 	-0.00699489 	4.87612e-27
0.0527146 	0.000270136 	-0.00733632 	4.40881e-27
0.0531613 	0.000270085 	-0.00767776 	3.9415e-27
0.053608 	0.000268111 	-0.00802702 	2.67821e-27
0.0540548 	0.000265143 	-0.0083813 	1.24224e-27
0.0545015 	0.000261632 	-0.00873652 	0
0.0549482 	0.000255213 	-0.00909775 	0
0.055395 	0.000248794 	-0.00945897 	0
0.0558417 	0.000239739 	-0.00981997 	0
0.0562884 	0.000229307 	-0.0101805 	0
0.0567352 	0.000218146 	-0.0105399 	0
0.0571819 	0.000203116 	-0.0108903 	0
0.0576286 	0.000188085 	-0.0112407 	0
0.0580754 	0.000169625 	-0.0115773 	0
0.0585221 	0.000149404 	-0.0119061 	0
0.0589688 	0.00012824 	-0.0122295 	0
0.0594156 	0.00010227 	-0.0125231 	0
0.0598623 	7.63007e-05 	-0.0128166 	0
0.060309 	4.61832e-05 	-0.0130757 	0
0.0607558 	1.4001e-05 	-0.0133176 	0
0.0612025 	-1.93017e-05 	-0.0135463 	0
0.0616492 	-5.80368e-05 	-0.013716 	0
0.062096 	-9.67719e-05 	-0.0138856 	0
0.0625427 	-0.000140157 	-0.0139874 	0
0.0629894 	-0.000185796 	-0.0140593 	0
0.0634362 	-0.000232763 	-0.0141051 	0
0.0638829 	-0.000285912 	-0.0140517 	0
0.0643296 	-0.000339061 	-0.0139983 	0
0.0647764 	-0.000398049 	-0.013839 	0
0.0652231 	-0.000459733 	-0.013639 	0
0.0656698 	-0.000523606 	-0.0134044 	0
0.0661166 	-0.000596356 	-0.0130585 	0
0.0665633 	-0.000669106 	-0.0127125 	0
0.0670101 	-0.000760901 	-0.0122653 	0
0.0674568 	-0.00085993 	-0.011784 	0
0.0679035 	-0.000956956 	-0.0112328 	0
0.0683503 	-0.00104411 	-0.0104736 	0
0.068797 	-0.00113126 	-0.00971436 	0
0.0692437 	-0.00101974 	-0.00840181 	0
0.0696905 	-0.000845436 	-0.00692428 	0
0.0701372 	-0.000639538 	-0.00536496 	0
0.0705839 	-0.000395147 	-0.00369076 	0
0.0710307 	-0.000150755 	-0.00201657 	0
0.0714774 	-7.0383e-05 	-0.00113609 	0
0.0719241 	-2.80758e-05 	-0.000454067 	0
0.0723709 	4.70392e-08 	-4.47858e-07 	0
0.0728176 	6.42469e-09 	-4.09774e-07 	0
0.0732643 	-3.41898e-08 	-3.71691e-07 	0
0.0737111 	-4.79592e-08 	-3.6142e-07 	0
0.0741578 	-5.65534e-08 	-3.56529e-07 	0
0.0746045 	-6.28504e-08 	-3.52557e-07 	-4.22736e-29
0.0750513 	-6.49076e-08 	-3.50785e-07 	-1.76437e-28
0.075498 	-6.69648e-08 	-3.49012e-07 	-3.10601e-28
0.0759447 	-6.63476e-08 	-3.49846e-07 	-4.64587e-28
0.0763915 	-6.5362e-08 	-3.51201e-07 	-6.00905e-28
0.0768382 	-6.38469e-08 	-3.53449e-07 	-6.39512e-28
0.0772849 	-6.15849e-08 	-3.57314e-07 	-5.05348e-28
0.0777317 	-5.93229e-08 	-3.61179e-07 	-3.71184e-28
0.0781784 	-5.66252e-08 	-3.6672e-07 	-2.16758e-28
0.0786251 	-5.39209e-08 	-3.72502e-07 	-8.04399e-29
0.0790719 	-5.11567e-08 	-3.78856e-07 	0
0.0795186 	-4.839e-08 	-3.86106e-07 	0
0.0799653 	-4.56234e-08 	-3.93355e-07 	0
0.0804121 	-4.29157e-08 	-4.01649e-07 	0
0.0808588 	-4.02447e-08 	-4.10052e-07 	0
0.0813055 	-3.76129e-08 	-4.18848e-07 	-1.35888e-28
0.0817523 	-3.5089e-08 	-4.2819e-07 	-4.8424e-28
0.082199 	-3.25651e-08 	-4.37533e-07 	-8.32591e-28
0.0826457 	-3.01608e-08 	-4.47613e-07 	-1.21459e-27
0.0830925 	-2.77856e-08 	-4.57749e-07 	-1.58314e-27
0.0835392 	-2.54507e-08 	-4.68192e-07 	-1.47753e-27
0.0839859 	-2.32032e-08 	-4.79022e-07 	-7.39158e-28
0.0844327 	-2.09556e-08 	-4.89852e-07 	-7.88137e-31
0.0848794 	-1.87864e-08 	-5.01281e-07 	8.11833e-28
0.0853261 	-1.6636e-08 	-5.12739e-07 	1.59303e-27
0.0857729 	-1.45018e-08 	-5.2447e-07 	1.8258e-27
0.0862196 	-1.24141e-08 	-5.36513e-07 	1.43578e-27
0.0866663 	-1.03265e-08 	-5.48556e-07 	1.04577e-27
0.0871131 	-8.25323e-09 	-5.61132e-07 	6.1487e-28
0.0875598 	-6.19284e-09 	-5.73721e-07 	2.0223e-28
0.0880065 	-4.12163e-09 	-4.71982e-07 	0
0.0884533 	-2.06388e-09 	-2.38725e-07 	0
0.0889 	0 	0 	0
