0 	506.15 	7.74655e-05
0.000446734 	506.143 	7.74633e-05
0.000893467 	506.136 	7.74611e-05
0.0013402 	506.13 	7.74594e-05
0.00178693 	506.123 	7.74582e-05
0.00223367 	506.116 	7.74573e-05
0.0026804 	506.109 	7.74642e-05
0.00312714 	506.103 	7.74711e-05
0.00357387 	506.096 	7.74835e-05
0.0040206 	506.089 	7.75007e-05
0.00446734 	506.083 	7.75185e-05
0.00491407 	506.076 	7.75482e-05
0.0053608 	506.07 	7.75779e-05
0.00580754 	506.064 	7.76168e-05
0.00625427 	506.058 	7.76629e-05
0.00670101 	506.051 	7.77102e-05
0.00714774 	506.045 	7.77744e-05
0.00759447 	506.039 	7.78385e-05
0.00804121 	506.034 	7.79103e-05
0.00848794 	506.028 	7.79873e-05
0.00893467 	506.022 	7.80638e-05
0.00938141 	506.017 	7.81355e-05
0.00982814 	506.011 	7.82071e-05
0.0102749 	506.006 	7.82537e-05
0.0107216 	506 	7.82845e-05
0.0111683 	505.995 	7.83037e-05
0.0116151 	505.99 	7.82422e-05
0.0120618 	505.985 	7.81807e-05
0.0125085 	505.98 	7.80224e-05
0.0129553 	505.975 	7.7809e-05
0.013402 	505.97 	7.75644e-05
0.0138487 	505.965 	7.71427e-05
0.0142955 	505.961 	7.6721e-05
0.0147422 	505.956 	7.61333e-05
0.0151889 	505.952 	7.54611e-05
0.0156357 	505.947 	7.47414e-05
0.0160824 	505.943 	7.37981e-05
0.0165291 	505.939 	7.28549e-05
0.0169759 	505.935 	7.17276e-05
0.0174226 	505.931 	7.05167e-05
0.0178693 	505.927 	6.92572e-05
0.0183161 	505.923 	6.78036e-05
0.0187628 	505.919 	6.63501e-05
0.0192095 	505.916 	6.47535e-05
0.0196563 	505.912 	6.30992e-05
0.020103 	505.909 	6.14117e-05
0.0205497 	505.906 	5.96099e-05
0.0209965 	505.903 	5.78081e-05
0.0214432 	505.9 	5.5941e-05
0.0218899 	505.897 	5.40506e-05
0.0223367 	505.894 	5.21531e-05
0.0227834 	505.891 	5.02341e-05
0.0232302 	505.888 	4.83151e-05
0.0236769 	505.886 	4.64181e-05
0.0241236 	505.883 	4.45278e-05
0.0245704 	505.881 	4.26598e-05
0.0250171 	505.879 	4.08505e-05
0.0254638 	505.876 	3.90413e-05
0.0259106 	505.874 	3.73315e-05
0.0263573 	505.872 	3.56486e-05
0.026804 	505.87 	3.4015e-05
0.0272508 	505.868 	3.24965e-05
0.0276975 	505.866 	3.0978e-05
0.0281442 	505.865 	2.96176e-05
0.028591 	505.863 	2.82937e-05
0.0290377 	505.861 	2.70406e-05
0.0294844 	505.86 	2.59344e-05
0.0299312 	505.858 	2.48281e-05
0.0303779 	505.857 	2.39177e-05
0.0308246 	505.856 	2.30452e-05
0.0312714 	505.854 	2.2258e-05
0.0317181 	505.853 	2.16291e-05
0.0321648 	505.852 	2.10002e-05
0.0326116 	505.85 	2.05848e-05
0.0330583 	505.849 	2.02034e-05
0.033505 	505.848 	1.99142e-05
0.0339518 	505.847 	1.97786e-05
0.0343985 	505.845 	1.9643e-05
0.0348452 	505.844 	1.97193e-05
0.035292 	505.843 	1.98224e-05
0.0357387 	505.842 	2.00165e-05
0.0361854 	505.841 	2.0347e-05
0.0366322 	505.839 	2.06776e-05
0.0370789 	505.838 	2.12014e-05
0.0375256 	505.836 	2.17438e-05
0.0379724 	505.835 	2.23678e-05
0.0384191 	505.833 	2.31021e-05
0.0388658 	505.832 	2.38365e-05
0.0393126 	505.83 	2.47283e-05
0.0397593 	505.828 	2.56307e-05
0.040206 	505.826 	2.65962e-05
0.0406528 	505.824 	2.76389e-05
0.0410995 	505.822 	2.86816e-05
0.0415462 	505.819 	2.98292e-05
0.041993 	505.816 	3.09809e-05
0.0424397 	505.813 	3.21678e-05
0.0428864 	505.81 	3.33937e-05
0.0433332 	505.807 	3.46196e-05
0.0437799 	505.802 	3.58813e-05
0.0442266 	505.798 	3.71434e-05
0.0446734 	505.794 	3.84035e-05
0.0451201 	505.789 	3.96616e-05
0.0455668 	505.784 	4.09192e-05
0.0460136 	505.778 	4.21322e-05
0.0464603 	505.771 	4.33453e-05
0.046907 	505.765 	4.45143e-05
0.0473538 	505.757 	4.56435e-05
0.0478005 	505.75 	4.67683e-05
0.0482472 	505.741 	4.77811e-05
0.048694 	505.732 	4.8794e-05
0.0491407 	505.723 	4.97309e-05
0.0495874 	505.712 	5.06057e-05
0.0500342 	505.702 	5.14714e-05
0.0504809 	505.69 	5.22004e-05
0.0509276 	505.678 	5.29294e-05
0.0513744 	505.665 	5.35785e-05
0.0518211 	505.652 	5.41686e-05
0.0522678 	505.638 	5.47481e-05
0.0527146 	505.623 	5.5218e-05
0.0531613 	505.608 	5.56879e-05
0.053608 	505.592 	5.6101e-05
0.0540548 	505.575 	5.64763e-05
0.0545015 	505.558 	5.68438e-05
0.0549482 	505.539 	5.71502e-05
0.055395 	505.521 	5.74566e-05
0.0558417 	505.502 	5.77331e-05
0.0562884 	505.482 	5.79915e-05
0.0567352 	505.462 	5.8245e-05
0.0571819 	505.441 	5.84673e-05
0.0576286 	505.42 	5.86897e-05
0.0580754 	505.398 	5.889e-05
0.0585221 	505.376 	5.90784e-05
0.0589688 	505.354 	5.92606e-05
0.0594156 	505.331 	5.94102e-05
0.0598623 	505.308 	5.95598e-05
0.060309 	505.284 	5.96802e-05
0.0607558 	505.26 	5.97865e-05
0.0612025 	505.236 	5.98852e-05
0.0616492 	505.212 	5.9951e-05
0.062096 	505.187 	6.00169e-05
0.0625427 	505.162 	6.00619e-05
0.0629894 	505.137 	6.00979e-05
0.0634362 	505.112 	6.0129e-05
0.0638829 	505.086 	6.01421e-05
0.0643296 	505.06 	6.01552e-05
0.0647764 	505.034 	6.01478e-05
0.0652231 	505.008 	6.01326e-05
0.0656698 	504.979 	6.0123e-05
0.0661166 	504.94 	6.01311e-05
0.0665633 	504.901 	6.01392e-05
0.0670101 	504.851 	5.93929e-05
0.0674568 	504.799 	5.83952e-05
0.0679035 	504.746 	5.71216e-05
0.0683503 	504.693 	5.50732e-05
0.068797 	504.64 	5.30247e-05
0.0692437 	504.587 	5.09771e-05
0.0696905 	504.533 	4.89298e-05
0.0701372 	504.479 	4.68885e-05
0.0705839 	504.425 	4.48619e-05
0.0710307 	504.371 	4.28352e-05
0.0714774 	504.317 	4.08388e-05
0.0719241 	504.263 	3.885e-05
0.0723709 	504.208 	3.68778e-05
0.0728176 	504.153 	3.49421e-05
0.0732643 	504.099 	3.30063e-05
0.0737111 	504.044 	3.11256e-05
0.0741578 	503.989 	2.92566e-05
0.0746045 	503.934 	2.74141e-05
0.0750513 	503.878 	2.5624e-05
0.075498 	503.823 	2.38338e-05
0.0759447 	503.768 	2.21202e-05
0.0763915 	503.712 	2.04202e-05
0.0768382 	503.657 	1.87565e-05
0.0772849 	503.601 	1.71569e-05
0.0777317 	503.546 	1.55573e-05
0.0781784 	503.49 	1.40543e-05
0.0786251 	503.435 	1.25651e-05
0.0790719 	503.379 	1.11224e-05
0.0795186 	503.323 	9.7531e-06
0.0799653 	503.268 	8.38383e-06
0.0804121 	503.212 	7.13101e-06
0.0808588 	503.156 	5.89113e-06
0.0813055 	503.1 	4.70846e-06
0.0817523 	503.044 	3.6073e-06
0.082199 	502.989 	2.50614e-06
0.0826457 	502.933 	1.54186e-06
0.0830925 	502.877 	5.88675e-07
0.0835392 	502.821 	-2.95801e-07
0.0839859 	502.765 	-1.09194e-06
0.0844327 	502.709 	-1.88808e-06
0.0848794 	502.653 	-2.52682e-06
0.0853261 	502.597 	-3.15728e-06
0.0857729 	502.542 	-3.70751e-06
0.0862196 	502.486 	-4.16448e-06
0.0866663 	502.43 	-4.62145e-06
0.0871131 	502.374 	-4.90303e-06
0.0875598 	502.318 	-5.18011e-06
0.0880065 	502.262 	-5.3674e-06
0.0884533 	502.206 	-5.46027e-06
0.0889 	502.15 	-5.55315e-06
