0 	0 	0 	0
0.000446734 	-1.33951e-05 	-6.21293e-05 	7.91161e-26
0.000893467 	-2.67902e-05 	-0.000124259 	1.58232e-25
0.0013402 	-4.35975e-05 	-0.000180979 	2.77635e-25
0.00178693 	-6.36503e-05 	-0.000232554 	4.35361e-25
0.00223367 	-8.35373e-05 	-0.000283431 	5.8718e-25
0.0026804 	-9.6953e-05 	-0.00030707 	5.08656e-25
0.00312714 	-0.000110369 	-0.000330709 	4.30131e-25
0.00357387 	-0.000112385 	-0.000331636 	2.66957e-25
0.0040206 	-0.000104591 	-0.000313021 	3.0945e-26
0.00446734 	-9.49342e-05 	-0.000291711 	-1.95233e-25
0.00491407 	-4.98686e-05 	-0.000219188 	-2.34561e-25
0.0053608 	-4.80292e-06 	-0.000146664 	-2.73888e-25
0.00580754 	7.07478e-05 	-3.90554e-05 	-1.83724e-25
0.00625427 	0.000170009 	9.58409e-05 	7.15661e-27
0.00670101 	0.000274562 	0.000235661 	1.97645e-25
0.00714774 	0.000444378 	0.000436209 	3.83301e-25
0.00759447 	0.000614193 	0.000636757 	5.68957e-25
0.00804121 	0.000832183 	0.000872635 	5.79391e-25
0.00848794 	0.001084 	0.00113332 	4.66798e-25
0.00893467 	0.00134415 	0.00139832 	3.61778e-25
0.00938141 	0.00167927 	0.00170219 	3.24921e-25
0.00982814 	0.0020144 	0.00200607 	2.88065e-25
0.0102749 	0.0023937 	0.00231999 	4.18285e-25
0.0107216 	0.00280093 	0.00264028 	6.54206e-25
0.0111683 	0.00321451 	0.00295877 	8.42274e-25
0.0116151 	0.00367251 	0.00326471 	6.95375e-25
0.0120618 	0.00413051 	0.00357066 	5.48476e-25
0.0125085 	0.00460434 	0.00384984 	2.22534e-25
0.0129553 	0.00508718 	0.00411381 	-2.05218e-25
0.013402 	0.00557004 	0.00436857 	-5.95517e-25
0.0138487 	0.00605302 	0.00457115 	-7.73585e-25
0.0142955 	0.00653599 	0.00477373 	-9.51653e-25
0.0147422 	0.00700604 	0.00492937 	-8.798e-25
0.0151889 	0.00746952 	0.00506111 	-6.80628e-25
0.0156357 	0.0079273 	0.00518035 	-4.31459e-25
0.0160824 	0.00835822 	0.00524071 	5.34099e-26
0.0165291 	0.00878915 	0.00530108 	5.38279e-25
0.0169759 	0.00919297 	0.00531643 	6.84753e-25
0.0174226 	0.00958448 	0.00531132 	6.77412e-25
0.0178693 	0.00996768 	0.00529502 	6.17546e-25
0.0183161 	0.0103177 	0.00523396 	3.47581e-25
0.0187628 	0.0106677 	0.0051729 	7.76151e-26
0.0192095 	0.0109888 	0.00507969 	0
0.0196563 	0.0112983 	0.0049735 	0
0.020103 	0.0115993 	0.00485952 	-7.29809e-26
0.0205497 	0.011871 	0.00471873 	-3.9734e-25
0.0209965 	0.0121427 	0.00457794 	-7.217e-25
0.0214432 	0.0123891 	0.00441851 	-1.16816e-24
0.0218899 	0.0126264 	0.00425244 	-1.65807e-24
0.0223367 	0.0128559 	0.00408201 	-2.00333e-24
0.0227834 	0.0130622 	0.00389845 	-1.91466e-24
0.0232302 	0.0132685 	0.0037149 	-1.82598e-24
0.0236769 	0.0134535 	0.00352272 	-1.22843e-24
0.0241236 	0.0136319 	0.00332786 	-4.72391e-25
0.0245704 	0.0138033 	0.00313119 	2.3422e-25
0.0250171 	0.0139563 	0.00292976 	8.1051e-25
0.0254638 	0.0141094 	0.00272833 	1.3868e-24
0.0259106 	0.0142444 	0.00252448 	1.43528e-24
0.0263573 	0.0143744 	0.00231997 	1.34133e-24
0.026804 	0.014498 	0.00211531 	1.22467e-24
0.0272508 	0.0146067 	0.00191024 	1.05503e-24
0.0276975 	0.0147155 	0.00170518 	8.85396e-25
0.0281442 	0.014808 	0.00150107 	9.20526e-25
0.028591 	0.0148968 	0.00129717 	1.00291e-24
0.0290377 	0.0149795 	0.00109403 	9.79075e-25
0.0294844 	0.0150495 	0.000892443 	7.34631e-25
0.0299312 	0.0151194 	0.000690858 	4.90186e-25
0.0303779 	0.0151741 	0.000491813 	-1.03493e-25
0.0308246 	0.0152258 	0.000293261 	-7.64934e-25
0.0312714 	0.0152713 	9.5929e-05 	-1.16916e-24
0.0317181 	0.0153052 	-9.91374e-05 	-1.09568e-24
0.0321648 	0.0153391 	-0.000294204 	-1.02221e-24
0.0326116 	0.0153575 	-0.000485979 	-3.2636e-25
0.0330583 	0.0153735 	-0.00067723 	4.6871e-25
0.033505 	0.0153828 	-0.000866924 	1.02226e-24
0.0339518 	0.0153807 	-0.00105402 	1.17328e-24
0.0343985 	0.0153786 	-0.00124112 	1.32429e-24
0.0348452 	0.0153601 	-0.00142417 	8.65313e-25
0.035292 	0.0153395 	-0.0016067 	3.29009e-25
0.0357387 	0.0153112 	-0.00178718 	3.08138e-26
0.0361854 	0.0152713 	-0.00196457 	8.97802e-26
0.0366322 	0.0152314 	-0.00214197 	1.48747e-25
0.0370789 	0.015173 	-0.00231391 	6.69551e-25
0.0375256 	0.0151129 	-0.00248534 	1.23464e-24
0.0379724 	0.0150436 	-0.00265372 	1.43948e-24
0.0384191 	0.014962 	-0.00281798 	1.15692e-24
0.0388658 	0.0148804 	-0.00298224 	8.74356e-25
0.0393126 	0.014777 	-0.00313817 	2.09423e-26
0.0397593 	0.0146721 	-0.00329354 	-8.70528e-25
0.040206 	0.0145558 	-0.00344381 	-1.4163e-24
0.0406528 	0.0144253 	-0.00358786 	-1.53954e-24
0.0410995 	0.0142949 	-0.0037319 	-1.66278e-24
0.0415462 	0.0141366 	-0.00386171 	-1.26924e-24
0.041993 	0.0139773 	-0.00399098 	-8.55575e-25
0.0424397 	0.0138021 	-0.00411101 	-5.72813e-25
0.0428864 	0.0136094 	-0.00422082 	-4.34736e-25
0.0433332 	0.0134167 	-0.00433064 	-2.9666e-25
0.0437799 	0.0131857 	-0.00441534 	-2.34872e-25
0.0442266 	0.0129541 	-0.00449972 	-1.74049e-25
0.0446734 	0.0127003 	-0.00456784 	-1.14766e-25
0.0451201 	0.012424 	-0.00461971 	-5.7022e-26
0.0455668 	0.0121471 	-0.00467108 	1.7746e-27
0.0460136 	0.011821 	-0.00468302 	1.43742e-25
0.0464603 	0.0114949 	-0.00469496 	2.8571e-25
0.046907 	0.0111413 	-0.0046825 	5.30959e-25
0.0473538 	0.0107628 	-0.00464798 	8.69652e-25
0.0478005 	0.0103824 	-0.00461156 	1.19315e-24
0.0482472 	0.00995352 	-0.00452662 	1.12667e-24
0.048694 	0.00952467 	-0.00444167 	1.06019e-24
0.0491407 	0.00907277 	-0.00432914 	8.36375e-25
0.0495874 	0.008602 	-0.00419405 	4.83834e-25
0.0500342 	0.00812957 	-0.00405618 	1.52705e-25
0.0504809 	0.00763219 	-0.00387658 	1.42776e-25
0.0509276 	0.00713481 	-0.00369698 	1.32848e-25
0.0513744 	0.00663429 	-0.00349811 	1.36591e-25
0.0518211 	0.00613143 	-0.00328498 	1.50439e-25
0.0522678 	0.00563019 	-0.00307021 	1.5734e-25
0.0527146 	0.00514583 	-0.00283833 	9.17816e-26
0.0531613 	0.00466146 	-0.00260645 	2.62233e-26
0.053608 	0.00420173 	-0.00237272 	0
0.0540548 	0.00375842 	-0.00213776 	0
0.0545015 	0.00332163 	-0.00190395 	0
0.0549482 	0.00293626 	-0.00167919 	0
0.055395 	0.00255089 	-0.00145442 	0
0.0558417 	0.00220713 	-0.00124165 	1.39448e-26
0.0562884 	0.00188835 	-0.00103607 	3.62564e-26
0.0567352 	0.00157884 	-0.000833951 	5.82163e-26
0.0571819 	0.00132749 	-0.000653581 	7.79702e-26
0.0576286 	0.00107613 	-0.000473212 	9.7724e-26
0.0580754 	0.000866079 	-0.000314375 	9.5105e-26
0.0585221 	0.000678263 	-0.000167131 	8.04391e-26
0.0589688 	0.000499954 	-2.7659e-05 	6.27287e-26
0.0594156 	0.000370639 	7.17574e-05 	2.93279e-26
0.0598623 	0.000241325 	0.000171174 	-4.07286e-27
0.060309 	0.000147969 	0.00022508 	-2.37412e-26
0.0607558 	7.19277e-05 	0.000257074 	-3.67975e-26
0.0612025 	4.27741e-06 	0.000274404 	-4.30033e-26
0.0616492 	-2.70107e-05 	0.000228188 	-1.95233e-26
0.062096 	-5.82989e-05 	0.000181972 	3.95669e-27
0.0625427 	-6.87228e-05 	9.25843e-05 	2.14395e-26
0.0629894 	-7.02049e-05 	-1.53056e-05 	3.63521e-26
0.0634362 	-6.90812e-05 	-0.000125502 	4.8e-26
0.0638829 	-5.83012e-05 	-0.000244248 	4.75496e-26
0.0643296 	-4.75211e-05 	-0.000362993 	4.70992e-26
0.0647764 	-3.56104e-05 	-0.000433641 	5.34179e-26
0.0652231 	-2.32709e-05 	-0.000486045 	6.23043e-26
0.0656698 	-1.24703e-05 	-0.000500852 	6.70898e-26
0.0661166 	-6.61061e-06 	-0.000394949 	5.87096e-26
0.0665633 	-7.5093e-07 	-0.000289046 	5.03294e-26
0.0670101 	5.9658e-07 	-0.000183763 	3.44387e-26
0.0674568 	4.40033e-07 	-7.86865e-05 	1.60445e-26
0.0679035 	3.19644e-07 	-1.07229e-06 	2.21928e-27
0.0683503 	3.0084e-07 	-6.1425e-07 	1.23098e-27
0.068797 	2.82036e-07 	-1.56212e-07 	2.42668e-28
0.0692437 	3.02772e-07 	-5.52812e-08 	4.38671e-29
0.0696905 	3.34988e-07 	-5.8026e-08 	7.42778e-29
0.0701372 	3.56984e-07 	-6.09145e-08 	1.13618e-28
0.0705839 	3.53655e-07 	-6.41593e-08 	1.75087e-28
0.0710307 	3.50325e-07 	-6.74041e-08 	2.36557e-28
0.0714774 	3.46487e-07 	-7.08007e-08 	2.25691e-28
0.0719241 	3.42521e-07 	-7.42353e-08 	1.96742e-28
0.0723709 	3.38336e-07 	-7.77079e-08 	1.19787e-28
0.0728176 	3.33666e-07 	-8.1264e-08 	-6.27807e-29
0.0732643 	3.28996e-07 	-8.48201e-08 	-2.45348e-28
0.0737111 	3.23741e-07 	-8.8476e-08 	-4.12423e-28
0.0741578 	3.18362e-07 	-9.2153e-08 	-5.76212e-28
0.0746045 	3.12751e-07 	-9.58773e-08 	-7.50475e-28
0.0750513 	3.06684e-07 	-9.96942e-08 	-9.453e-28
0.075498 	3.00617e-07 	-1.03511e-07 	-1.14012e-27
0.0759447 	2.93987e-07 	-1.0747e-07 	-1.12783e-27
0.0763915 	2.87258e-07 	-1.11454e-07 	-1.07899e-27
0.0768382 	2.80296e-07 	-1.15511e-07 	-8.71402e-28
0.0772849 	2.72926e-07 	-1.19697e-07 	-3.84651e-28
0.0777317 	2.65555e-07 	-1.23882e-07 	1.02101e-28
0.0781784 	2.57632e-07 	-1.28284e-07 	5.10468e-28
0.0786251 	2.49631e-07 	-1.32717e-07 	9.07637e-28
0.0790719 	2.41387e-07 	-1.37266e-07 	1.19641e-27
0.0795186 	2.32759e-07 	-1.42001e-07 	1.31383e-27
0.0799653 	2.24132e-07 	-1.46735e-07 	1.43126e-27
0.0804121 	2.14941e-07 	-1.51803e-07 	1.33099e-27
0.0808588 	2.05688e-07 	-1.56908e-07 	1.20654e-27
0.0813055 	1.96176e-07 	-1.62199e-07 	9.37181e-28
0.0817523 	1.86296e-07 	-1.67756e-07 	4.61448e-28
0.082199 	1.76417e-07 	-1.73313e-07 	-1.42853e-29
0.0826457 	1.65963e-07 	-1.79379e-07 	-4.50268e-28
0.0830925 	1.55463e-07 	-1.85486e-07 	-8.83029e-28
0.0835392 	1.447e-07 	-1.91883e-07 	-1.14883e-27
0.0839859 	1.33598e-07 	-1.98654e-07 	-1.19996e-27
0.0844327 	1.22496e-07 	-2.05425e-07 	-1.25108e-27
0.0848794 	1.10862e-07 	-2.12949e-07 	-8.11888e-28
0.0853261 	9.91995e-08 	-2.20513e-07 	-3.46885e-28
0.0857729 	8.73137e-08 	-2.28507e-07 	-8.08157e-29
0.0862196 	7.5168e-08 	-2.37e-07 	-4.59398e-29
0.0866663 	6.30223e-08 	-2.45493e-07 	-1.10639e-29
0.0871131 	5.05225e-08 	-2.55014e-07 	-5.88751e-28
0.0875598 	3.80137e-08 	-2.64562e-07 	-1.18214e-27
0.0880065 	2.54094e-08 	-2.16647e-07 	-1.19498e-27
0.0884533 	1.27047e-08 	-1.08324e-07 	-5.97491e-28
0.0889 	3.77942e-22 	-7.43978e-21 	-4.76393e-41
