0 	506.15 	-6.54284e-06
0.000446734 	506.124 	-6.7222e-06
0.000893467 	506.098 	-6.90271e-06
0.0013402 	506.073 	-7.34007e-06
0.00178693 	506.047 	-8.02556e-06
0.00223367 	506.021 	-8.72752e-06
0.0026804 	505.996 	-1.00384e-05
0.00312714 	505.97 	-1.13493e-05
0.00357387 	505.945 	-1.29666e-05
0.0040206 	505.921 	-1.48466e-05
0.00446734 	505.896 	-1.67525e-05
0.00491407 	505.873 	-1.91362e-05
0.0053608 	505.85 	-2.15199e-05
0.00580754 	505.827 	-2.4134e-05
0.00625427 	505.805 	-2.69241e-05
0.00670101 	505.784 	-2.97363e-05
0.00714774 	505.764 	-3.27941e-05
0.00759447 	505.744 	-3.58518e-05
0.00804121 	505.726 	-3.89854e-05
0.00848794 	505.708 	-4.21688e-05
0.00893467 	505.691 	-4.53542e-05
0.00938141 	505.675 	-4.85391e-05
0.00982814 	505.66 	-5.17241e-05
0.0102749 	505.646 	-5.48501e-05
0.0107216 	505.632 	-5.79365e-05
0.0111683 	505.619 	-6.10024e-05
0.0116151 	505.608 	-6.39151e-05
0.0120618 	505.597 	-6.68279e-05
0.0125085 	505.587 	-6.95977e-05
0.0129553 	505.578 	-7.22849e-05
0.013402 	505.569 	-7.49342e-05
0.0138487 	505.561 	-7.73647e-05
0.0142955 	505.554 	-7.97952e-05
0.0147422 	505.547 	-8.20469e-05
0.0151889 	505.541 	-8.42069e-05
0.0156357 	505.536 	-8.63197e-05
0.0160824 	505.531 	-8.82092e-05
0.0165291 	505.527 	-9.00986e-05
0.0169759 	505.523 	-9.18092e-05
0.0174226 	505.52 	-9.34385e-05
0.0178693 	505.517 	-9.50192e-05
0.0183161 	505.514 	-9.64058e-05
0.0187628 	505.512 	-9.77924e-05
0.0192095 	505.511 	-9.90217e-05
0.0196563 	505.509 	-0.000100188
0.020103 	505.508 	-0.000101309
0.0205497 	505.507 	-0.000102279
0.0209965 	505.507 	-0.000103248
0.0214432 	505.507 	-0.000104091
0.0218899 	505.507 	-0.000104889
0.0223367 	505.507 	-0.000105649
0.0227834 	505.507 	-0.000106299
0.0232302 	505.508 	-0.000106948
0.0236769 	505.508 	-0.000107501
0.0241236 	505.509 	-0.000108025
0.0245704 	505.51 	-0.000108519
0.0250171 	505.512 	-0.000108936
0.0254638 	505.513 	-0.000109353
0.0259106 	505.514 	-0.0001097
0.0263573 	505.516 	-0.000110029
0.026804 	505.517 	-0.000110334
0.0272508 	505.519 	-0.000110588
0.0276975 	505.521 	-0.000110842
0.0281442 	505.523 	-0.000111045
0.028591 	505.525 	-0.000111237
0.0290377 	505.527 	-0.000111411
0.0294844 	505.529 	-0.00011155
0.0299312 	505.531 	-0.000111688
0.0303779 	505.533 	-0.000111789
0.0308246 	505.535 	-0.000111882
0.0312714 	505.537 	-0.00011196
0.0317181 	505.539 	-0.000112013
0.0321648 	505.542 	-0.000112065
0.0326116 	505.544 	-0.000112084
0.0330583 	505.546 	-0.000112099
0.033505 	505.548 	-0.000112099
0.0339518 	505.55 	-0.000112077
0.0343985 	505.553 	-0.000112054
0.0348452 	505.555 	-0.000111998
0.035292 	505.557 	-0.000111937
0.0357387 	505.559 	-0.00011186
0.0361854 	505.561 	-0.000111758
0.0366322 	505.564 	-0.000111656
0.0370789 	505.566 	-0.000111511
0.0375256 	505.568 	-0.000111363
0.0379724 	505.57 	-0.000111192
0.0384191 	505.572 	-0.000110989
0.0388658 	505.573 	-0.000110787
0.0393126 	505.575 	-0.000110524
0.0397593 	505.577 	-0.000110258
0.040206 	505.579 	-0.000109958
0.0406528 	505.58 	-0.000109615
0.0410995 	505.582 	-0.000109273
0.0415462 	505.583 	-0.000108842
0.041993 	505.584 	-0.000108408
0.0424397 	505.585 	-0.000107923
0.0428864 	505.586 	-0.00010738
0.0433332 	505.587 	-0.000106835
0.0437799 	505.588 	-0.000106165
0.0442266 	505.588 	-0.000105492
0.0446734 	505.589 	-0.000104744
0.0451201 	505.589 	-0.000103918
0.0455668 	505.589 	-0.000103089
0.0460136 	505.588 	-0.000102088
0.0464603 	505.588 	-0.000101086
0.046907 	505.587 	-9.99771e-05
0.0473538 	505.585 	-9.87718e-05
0.0478005 	505.584 	-9.75584e-05
0.0482472 	505.582 	-9.61251e-05
0.048694 	505.58 	-9.46918e-05
0.0491407 	505.577 	-9.3121e-05
0.0495874 	505.574 	-9.14365e-05
0.0500342 	505.571 	-8.97358e-05
0.0504809 	505.566 	-8.77813e-05
0.0509276 	505.562 	-8.58269e-05
0.0513744 	505.557 	-8.37109e-05
0.0518211 	505.551 	-8.14747e-05
0.0522678 	505.545 	-7.9214e-05
0.0527146 	505.538 	-7.66942e-05
0.0531613 	505.531 	-7.41745e-05
0.053608 	505.523 	-7.14922e-05
0.0540548 	505.514 	-6.87009e-05
0.0545015 	505.504 	-6.58827e-05
0.0549482 	505.494 	-6.28494e-05
0.055395 	505.483 	-5.98161e-05
0.0558417 	505.471 	-5.66627e-05
0.0562884 	505.458 	-5.34372e-05
0.0567352 	505.445 	-5.01951e-05
0.0571819 	505.43 	-4.68502e-05
0.0576286 	505.414 	-4.35054e-05
0.0580754 	505.398 	-4.01455e-05
0.0585221 	505.381 	-3.67785e-05
0.0589688 	505.363 	-3.34266e-05
0.0594156 	505.344 	-3.01589e-05
0.0598623 	505.325 	-2.68911e-05
0.060309 	505.304 	-2.37825e-05
0.0607558 	505.283 	-2.0753e-05
0.0612025 	505.261 	-1.77928e-05
0.0616492 	505.238 	-1.51463e-05
0.062096 	505.215 	-1.24998e-05
0.0625427 	505.191 	-1.01988e-05
0.0629894 	505.167 	-8.05065e-06
0.0634362 	505.142 	-6.00636e-06
0.0638829 	505.117 	-4.36585e-06
0.0643296 	505.092 	-2.72533e-06
0.0647764 	505.066 	-1.46056e-06
0.0652231 	505.041 	-3.50474e-07
0.0656698 	505.015 	4.67264e-07
0.0661166 	504.987 	2.30836e-07
0.0665633 	504.959 	-5.59282e-09
0.0670101 	504.917 	-5.62458e-07
0.0674568 	504.871 	-1.17942e-06
0.0679035 	504.821 	-1.46522e-06
0.0683503 	504.76 	-8.27252e-07
0.068797 	504.699 	-1.89289e-07
0.0692437 	504.639 	8.33991e-07
0.0696905 	504.58 	1.96929e-06
0.0701372 	504.521 	3.05004e-06
0.0705839 	504.463 	4.01701e-06
0.0710307 	504.405 	4.98398e-06
0.0714774 	504.347 	5.82696e-06
0.0719241 	504.289 	6.6417e-06
0.0723709 	504.232 	7.41722e-06
0.0728176 	504.175 	8.10708e-06
0.0732643 	504.117 	8.79694e-06
0.0737111 	504.06 	9.40354e-06
0.0741578 	504.003 	9.99153e-06
0.0746045 	503.946 	1.05523e-05
0.0750513 	503.89 	1.1056e-05
0.075498 	503.833 	1.15598e-05
0.0759447 	503.776 	1.20046e-05
0.0763915 	503.72 	1.24375e-05
0.0768382 	503.663 	1.28498e-05
0.0772849 	503.607 	1.32221e-05
0.0777317 	503.55 	1.35944e-05
0.0781784 	503.494 	1.39222e-05
0.0786251 	503.438 	1.4242e-05
0.0790719 	503.381 	1.45452e-05
0.0795186 	503.325 	1.48189e-05
0.0799653 	503.269 	1.50926e-05
0.0804121 	503.213 	1.53305e-05
0.0808588 	503.157 	1.55631e-05
0.0813055 	503.101 	1.57813e-05
0.0817523 	503.045 	1.59768e-05
0.082199 	502.988 	1.61722e-05
0.0826457 	502.932 	1.6337e-05
0.0830925 	502.876 	1.64984e-05
0.0835392 	502.821 	1.66465e-05
0.0839859 	502.765 	1.67762e-05
0.0844327 	502.709 	1.69058e-05
0.0848794 	502.653 	1.70074e-05
0.0853261 	502.597 	1.71069e-05
0.0857729 	502.541 	1.71935e-05
0.0862196 	502.485 	1.72641e-05
0.0866663 	502.429 	1.73347e-05
0.0871131 	502.373 	1.7378e-05
0.0875598 	502.318 	1.74203e-05
0.0880065 	502.262 	1.7449e-05
0.0884533 	502.206 	1.74631e-05
0.0889 	502.15 	1.74772e-05
