0 	0 	0 	0
0.000446734 	-1.34845e-05 	-6.23368e-05 	7.87015e-26
0.000893467 	-2.69689e-05 	-0.000124674 	1.57403e-25
0.0013402 	-4.40152e-05 	-0.000181948 	2.76174e-25
0.00178693 	-6.44494e-05 	-0.000234408 	4.3306e-25
0.00223367 	-8.47292e-05 	-0.000286187 	5.84071e-25
0.0026804 	-9.89852e-05 	-0.000311433 	5.05941e-25
0.00312714 	-0.000113241 	-0.00033668 	4.27811e-25
0.00357387 	-0.000116431 	-0.000339627 	2.65502e-25
0.0040206 	-0.000110098 	-0.000323385 	3.07595e-26
0.00446734 	-0.00010194 	-0.000304484 	-1.94203e-25
0.00491407 	-5.91186e-05 	-0.000235077 	-2.33355e-25
0.0053608 	-1.6297e-05 	-0.000165671 	-2.72506e-25
0.00580754 	5.65027e-05 	-6.15226e-05 	-1.82728e-25
0.00625427 	0.000152619 	6.96469e-05 	7.32947e-27
0.00670101 	0.000253966 	0.000205724 	1.97002e-25
0.00714774 	0.000419826 	0.000402324 	3.81931e-25
0.00759447 	0.000585687 	0.000598925 	5.6686e-25
0.00804121 	0.000799519 	0.000831142 	5.77225e-25
0.00848794 	0.00104703 	0.00108837 	4.65023e-25
0.00893467 	0.00130292 	0.00135004 	3.6035e-25
0.00938141 	0.00163417 	0.00165177 	3.23434e-25
0.00982814 	0.00196543 	0.00195351 	2.86518e-25
0.0102749 	0.0023416 	0.00226646 	4.15454e-25
0.0107216 	0.00274618 	0.00258652 	6.49318e-25
0.0111683 	0.00315733 	0.00290503 	8.35704e-25
0.0116151 	0.00361438 	0.00321276 	6.89748e-25
0.0120618 	0.00407144 	0.00352048 	5.43792e-25
0.0125085 	0.00454545 	0.00380247 	2.20751e-25
0.0129553 	0.0050291 	0.00406983 	-2.02985e-25
0.013402 	0.00551298 	0.00432811 	-5.8961e-25
0.0138487 	0.00599818 	0.004535 	-7.65941e-25
0.0142955 	0.00648339 	0.00474189 	-9.42272e-25
0.0147422 	0.00695626 	0.00490197 	-8.71101e-25
0.0151889 	0.00742286 	0.00503821 	-6.73843e-25
0.0156357 	0.00788383 	0.00516189 	-4.26909e-25
0.0160824 	0.00831822 	0.00522637 	5.42172e-26
0.0165291 	0.00875262 	0.00529084 	5.35343e-25
0.0169759 	0.00915984 	0.00530977 	6.80618e-25
0.0174226 	0.00955472 	0.005308 	6.73234e-25
0.0178693 	0.00994121 	0.00529485 	6.13671e-25
0.0183161 	0.0102942 	0.00523619 	3.454e-25
0.0187628 	0.0106471 	0.00517753 	7.71281e-26
0.0192095 	0.0109709 	0.00508604 	0
0.0196563 	0.0112828 	0.0049813 	0
0.020103 	0.0115861 	0.00486859 	-7.29061e-26
0.0205497 	0.0118597 	0.00472839 	-3.96933e-25
0.0209965 	0.0121332 	0.00458819 	-7.20961e-25
0.0214432 	0.012381 	0.00442883 	-1.16727e-24
0.0218899 	0.0126196 	0.00426264 	-1.6571e-24
0.0223367 	0.0128503 	0.00409194 	-2.00237e-24
0.0227834 	0.0130574 	0.00390768 	-1.91399e-24
0.0232302 	0.0132645 	0.00372342 	-1.82561e-24
0.0236769 	0.0134499 	0.0035302 	-1.22762e-24
0.0241236 	0.0136286 	0.00333418 	-4.70893e-25
0.0245704 	0.0138003 	0.00313627 	2.3648e-25
0.0250171 	0.0139534 	0.00293334 	8.13742e-25
0.0254638 	0.0141065 	0.00273041 	1.391e-24
0.0259106 	0.0142411 	0.00252486 	1.43961e-24
0.0263573 	0.0143708 	0.00231861 	1.34556e-24
0.026804 	0.014494 	0.00211214 	1.22877e-24
0.0272508 	0.0146021 	0.00190515 	1.0589e-24
0.0276975 	0.0147102 	0.00169816 	8.8902e-25
0.0281442 	0.0148018 	0.00149202 	9.24596e-25
0.028591 	0.0148897 	0.00128608 	1.00758e-24
0.0290377 	0.0149714 	0.00108086 	9.83847e-25
0.0294844 	0.0150401 	0.000877163 	7.38452e-25
0.0299312 	0.0151088 	0.000673462 	4.93056e-25
0.0303779 	0.015162 	0.000472289 	-1.03243e-25
0.0308246 	0.0152121 	0.000271606 	-7.67627e-25
0.0312714 	0.0152559 	7.21556e-05 	-1.1737e-24
0.0317181 	0.0152879 	-0.000125004 	-1.10004e-24
0.0321648 	0.0153199 	-0.000322164 	-1.02639e-24
0.0326116 	0.0153361 	-0.000515949 	-3.27772e-25
0.0330583 	0.0153499 	-0.000709196 	4.70475e-25
0.033505 	0.0153567 	-0.000900824 	1.0262e-24
0.0339518 	0.0153519 	-0.00108976 	1.17772e-24
0.0343985 	0.0153471 	-0.00127869 	1.32924e-24
0.0348452 	0.0153255 	-0.00146335 	8.68622e-25
0.035292 	0.0153017 	-0.00164748 	3.30404e-25
0.0357387 	0.01527 	-0.00182942 	3.09313e-26
0.0361854 	0.0152265 	-0.00200808 	8.95755e-26
0.0366322 	0.0151829 	-0.00218674 	1.4822e-25
0.0370789 	0.0151204 	-0.00235956 	6.69378e-25
0.0375256 	0.015056 	-0.00253183 	1.23489e-24
0.0379724 	0.0149823 	-0.00270081 	1.43987e-24
0.0384191 	0.0148958 	-0.00286537 	1.15709e-24
0.0388658 	0.0148093 	-0.00302992 	8.74313e-25
0.0393126 	0.0147004 	-0.0031855 	2.20454e-26
0.0397593 	0.0145901 	-0.00334049 	-8.68188e-25
0.040206 	0.0144679 	-0.00348999 	-1.41281e-24
0.0406528 	0.0143312 	-0.00363278 	-1.535e-24
0.0410995 	0.0141945 	-0.00377558 	-1.6572e-24
0.0415462 	0.0140291 	-0.00390315 	-1.2643e-24
0.041993 	0.0138627 	-0.00403012 	-8.51326e-25
0.0424397 	0.01368 	-0.00414727 	-5.69062e-25
0.0428864 	0.0134794 	-0.00425354 	-4.31268e-25
0.0433332 	0.0132787 	-0.00435982 	-2.93473e-25
0.0437799 	0.0130389 	-0.00443956 	-2.32235e-25
0.0442266 	0.0127985 	-0.00451896 	-1.71967e-25
0.0446734 	0.0125355 	-0.00458135 	-1.13323e-25
0.0451201 	0.0122497 	-0.00462672 	-5.63053e-26
0.0455668 	0.0119634 	-0.00467158 	1.73083e-27
0.0460136 	0.0116276 	-0.00467559 	1.40197e-25
0.0464603 	0.0112917 	-0.0046796 	2.78664e-25
0.046907 	0.0109287 	-0.00465866 	5.1688e-25
0.0473538 	0.010541 	-0.00461514 	8.45345e-25
0.0478005 	0.0101514 	-0.00456971 	1.15903e-24
0.0482472 	0.00971501 	-0.00447537 	1.09334e-24
0.048694 	0.00927859 	-0.00438102 	1.02765e-24
0.0491407 	0.00882067 	-0.00425938 	8.10259e-25
0.0495874 	0.00834516 	-0.00411541 	4.68744e-25
0.0500342 	0.00786823 	-0.00396876 	1.47918e-25
0.0504809 	0.00737008 	-0.00378184 	1.3745e-25
0.0509276 	0.00687194 	-0.00359491 	1.26982e-25
0.0513744 	0.00637331 	-0.00339011 	1.30037e-25
0.0518211 	0.00587434 	-0.00317208 	1.43088e-25
0.0522678 	0.0053774 	-0.00295266 	1.49544e-25
0.0527146 	0.00490153 	-0.00271872 	8.72341e-26
0.0531613 	0.00442566 	-0.00248479 	2.4924e-26
0.053608 	0.00397665 	-0.00225058 	0
0.0540548 	0.00354554 	-0.00201621 	0
0.0545015 	0.00312121 	-0.00178319 	0
0.0549482 	0.00275023 	-0.00156095 	0
0.055395 	0.00237925 	-0.0013387 	0
0.0558417 	0.00205023 	-0.00112921 	1.29122e-26
0.0562884 	0.0017464 	-0.000927368 	3.35716e-26
0.0567352 	0.00145175 	-0.000729178 	5.38651e-26
0.0571819 	0.00121478 	-0.000553873 	7.18628e-26
0.0576286 	0.00097781 	-0.000378567 	8.98604e-26
0.0580754 	0.000781571 	-0.000226525 	8.71159e-26
0.0585221 	0.000607266 	-8.70092e-05 	7.32025e-26
0.0589688 	0.000442364 	4.39619e-05 	5.67059e-26
0.0594156 	0.000325925 	0.000130894 	2.68958e-26
0.0598623 	0.000209486 	0.000217826 	-2.91427e-27
0.060309 	0.000128556 	0.000255469 	-2.02219e-26
0.0607558 	6.47238e-05 	0.00026938 	-3.15099e-26
0.0612025 	8.9839e-06 	0.000268153 	-3.69114e-26
0.0616492 	-1.16888e-05 	0.000201329 	-1.68053e-26
0.062096 	-3.23616e-05 	0.000134505 	3.3009e-27
0.0625427 	-3.42999e-05 	2.81773e-05 	1.82525e-26
0.0629894 	-2.82091e-05 	-9.50801e-05 	3.09951e-26
0.0634362 	-2.05677e-05 	-0.00021717 	4.10247e-26
0.0638829 	-7.17984e-06 	-0.000334936 	4.10009e-26
0.0643296 	6.20806e-06 	-0.000452701 	4.0977e-26
0.0647764 	1.12278e-05 	-0.000500945 	4.63232e-26
0.0652231 	1.30733e-05 	-0.000522819 	5.37063e-26
0.0656698 	1.32868e-05 	-0.000510695 	5.73788e-26
0.0661166 	8.26062e-06 	-0.000389421 	4.91382e-26
0.0665633 	3.23441e-06 	-0.000268147 	4.08975e-26
0.0670101 	1.45769e-06 	-0.000166142 	2.71502e-26
0.0674568 	7.64145e-07 	-7.05603e-05 	1.15674e-26
0.0679035 	2.61807e-07 	-6.77037e-08 	7.31311e-29
0.0683503 	2.96676e-07 	-6.3179e-08 	6.5625e-29
0.068797 	3.31545e-07 	-5.86543e-08 	5.81188e-29
0.0692437 	3.3923e-07 	-5.85192e-08 	8.47632e-29
0.0696905 	3.39022e-07 	-5.96586e-08 	1.21322e-28
0.0701372 	3.38442e-07 	-6.10656e-08 	1.70876e-28
0.0705839 	3.36936e-07 	-6.31362e-08 	2.52636e-28
0.0710307 	3.3543e-07 	-6.52067e-08 	3.34395e-28
0.0714774 	3.3295e-07 	-6.78344e-08 	3.17514e-28
0.0719241 	3.30228e-07 	-7.06014e-08 	2.75974e-28
0.0723709 	3.27164e-07 	-7.3519e-08 	1.75777e-28
0.0728176 	3.23352e-07 	-7.67683e-08 	-5.3463e-29
0.0732643 	3.1954e-07 	-8.00175e-08 	-2.82703e-28
0.0737111 	3.14937e-07 	-8.35421e-08 	-4.77792e-28
0.0741578 	3.10166e-07 	-8.71252e-08 	-6.65636e-28
0.0746045 	3.05109e-07 	-9.07921e-08 	-8.60455e-28
0.0750513 	2.99489e-07 	-9.46235e-08 	-1.06897e-27
0.075498 	2.93869e-07 	-9.8455e-08 	-1.27748e-27
0.0759447 	2.87599e-07 	-1.02467e-07 	-1.2556e-27
0.0763915 	2.81214e-07 	-1.0651e-07 	-1.19307e-27
0.0768382 	2.74573e-07 	-1.1063e-07 	-9.60004e-28
0.0772849 	2.6748e-07 	-1.14884e-07 	-4.27016e-28
0.0777317 	2.60388e-07 	-1.19139e-07 	1.05972e-28
0.0781784 	2.52708e-07 	-1.236e-07 	5.43414e-28
0.0786251 	2.44945e-07 	-1.28091e-07 	9.67206e-28
0.0790719 	2.36929e-07 	-1.32691e-07 	1.2729e-27
0.0795186 	2.28516e-07 	-1.37464e-07 	1.39194e-27
0.0799653 	2.20103e-07 	-1.42237e-07 	1.51098e-27
0.0804121 	2.11115e-07 	-1.4732e-07 	1.40227e-27
0.0808588 	2.02064e-07 	-1.52437e-07 	1.26825e-27
0.0813055 	1.92752e-07 	-1.57729e-07 	9.8424e-28
0.0817523 	1.83069e-07 	-1.6327e-07 	4.86599e-28
0.082199 	1.73386e-07 	-1.68811e-07 	-1.10418e-29
0.0826457 	1.6313e-07 	-1.74832e-07 	-4.63696e-28
0.0830925 	1.52826e-07 	-1.80892e-07 	-9.12704e-28
0.0835392 	1.42261e-07 	-1.87227e-07 	-1.18707e-27
0.0839859 	1.31358e-07 	-1.93917e-07 	-1.2369e-27
0.0844327 	1.20455e-07 	-2.00607e-07 	-1.28674e-27
0.0848794 	1.09024e-07 	-2.08015e-07 	-8.33538e-28
0.0853261 	9.75645e-08 	-2.15461e-07 	-3.53865e-28
0.0857729 	8.58826e-08 	-2.23317e-07 	-7.99942e-29
0.0862196 	7.39422e-08 	-2.31652e-07 	-4.52973e-29
0.0866663 	6.20017e-08 	-2.39986e-07 	-1.06005e-29
0.0871131 	4.97071e-08 	-2.49304e-07 	-6.03779e-28
0.0875598 	3.74034e-08 	-2.58648e-07 	-1.21306e-27
0.0880065 	2.50032e-08 	-2.11808e-07 	-1.22638e-27
0.0884533 	1.25016e-08 	-1.05904e-07 	-6.13191e-28
0.0889 	3.72468e-22 	-7.27612e-21 	-4.89634e-41
