0 	506.15 	-4.48894e-05
0.000446734 	506.13 	-4.49329e-05
0.000893467 	506.11 	-4.49764e-05
0.0013402 	506.09 	-4.50593e-05
0.00178693 	506.07 	-4.51796e-05
0.00223367 	506.05 	-4.53013e-05
0.0026804 	506.03 	-4.54729e-05
0.00312714 	506.011 	-4.56445e-05
0.00357387 	505.991 	-4.58197e-05
0.0040206 	505.972 	-4.5998e-05
0.00446734 	505.953 	-4.61739e-05
0.00491407 	505.934 	-4.63032e-05
0.0053608 	505.915 	-4.64325e-05
0.00580754 	505.897 	-4.65121e-05
0.00625427 	505.878 	-4.6553e-05
0.00670101 	505.86 	-4.65868e-05
0.00714774 	505.843 	-4.6532e-05
0.00759447 	505.825 	-4.64772e-05
0.00804121 	505.808 	-4.638e-05
0.00848794 	505.791 	-4.62529e-05
0.00893467 	505.774 	-4.61229e-05
0.00938141 	505.758 	-4.59657e-05
0.00982814 	505.742 	-4.58085e-05
0.0102749 	505.726 	-4.56582e-05
0.0107216 	505.71 	-4.55124e-05
0.0111683 	505.695 	-4.53712e-05
0.0116151 	505.68 	-4.52622e-05
0.0120618 	505.665 	-4.51532e-05
0.0125085 	505.65 	-4.50716e-05
0.0129553 	505.636 	-4.50056e-05
0.013402 	505.621 	-4.49451e-05
0.0138487 	505.607 	-4.49158e-05
0.0142955 	505.593 	-4.48866e-05
0.0147422 	505.58 	-4.48747e-05
0.0151889 	505.567 	-4.48716e-05
0.0156357 	505.553 	-4.48715e-05
0.0160824 	505.54 	-4.48851e-05
0.0165291 	505.528 	-4.48987e-05
0.0169759 	505.515 	-4.49191e-05
0.0174226 	505.503 	-4.49426e-05
0.0178693 	505.491 	-4.49671e-05
0.0183161 	505.479 	-4.49961e-05
0.0187628 	505.467 	-4.5025e-05
0.0192095 	505.455 	-4.5056e-05
0.0196563 	505.444 	-4.50877e-05
0.020103 	505.432 	-4.51198e-05
0.0205497 	505.421 	-4.51528e-05
0.0209965 	505.41 	-4.51859e-05
0.0214432 	505.4 	-4.52191e-05
0.0218899 	505.389 	-4.52525e-05
0.0223367 	505.379 	-4.52858e-05
0.0227834 	505.368 	-4.53188e-05
0.0232302 	505.358 	-4.53519e-05
0.0236769 	505.348 	-4.5384e-05
0.0241236 	505.338 	-4.54158e-05
0.0245704 	505.328 	-4.54469e-05
0.0250171 	505.318 	-4.54761e-05
0.0254638 	505.309 	-4.55052e-05
0.0259106 	505.299 	-4.55306e-05
0.0263573 	505.289 	-4.5555e-05
0.026804 	505.28 	-4.5577e-05
0.0272508 	505.27 	-4.55937e-05
0.0276975 	505.261 	-4.56104e-05
0.0281442 	505.252 	-4.56182e-05
0.028591 	505.242 	-4.56239e-05
0.0290377 	505.233 	-4.56252e-05
0.0294844 	505.224 	-4.56171e-05
0.0299312 	505.215 	-4.56091e-05
0.0303779 	505.206 	-4.55883e-05
0.0308246 	505.196 	-4.55651e-05
0.0312714 	505.187 	-4.55371e-05
0.0317181 	505.178 	-4.55002e-05
0.0321648 	505.169 	-4.54633e-05
0.0326116 	505.16 	-4.54192e-05
0.0330583 	505.15 	-4.53739e-05
0.033505 	505.141 	-4.53293e-05
0.0339518 	505.132 	-4.52856e-05
0.0343985 	505.123 	-4.52419e-05
0.0348452 	505.113 	-4.52085e-05
0.035292 	505.104 	-4.51765e-05
0.0357387 	505.095 	-4.51458e-05
0.0361854 	505.085 	-4.51173e-05
0.0366322 	505.076 	-4.50888e-05
0.0370789 	505.061 	-4.50786e-05
0.0375256 	505.047 	-4.50701e-05
0.0379724 	505.029 	-4.47354e-05
0.0384191 	505.009 	-4.39591e-05
0.0388658 	504.989 	-4.31829e-05
0.0393126 	504.968 	-4.16621e-05
0.0397593 	504.948 	-4.00917e-05
0.040206 	504.927 	-3.85185e-05
0.0406528 	504.906 	-3.69419e-05
0.0410995 	504.885 	-3.53654e-05
0.0415462 	504.864 	-3.37801e-05
0.041993 	504.843 	-3.21945e-05
0.0424397 	504.821 	-3.06037e-05
0.0428864 	504.8 	-2.90073e-05
0.0433332 	504.778 	-2.7411e-05
0.0437799 	504.757 	-2.58035e-05
0.0442266 	504.735 	-2.4196e-05
0.0446734 	504.713 	-2.25831e-05
0.0451201 	504.691 	-2.09648e-05
0.0455668 	504.669 	-1.93464e-05
0.0460136 	504.646 	-1.77183e-05
0.0464603 	504.624 	-1.60903e-05
0.046907 	504.601 	-1.44578e-05
0.0473538 	504.578 	-1.28213e-05
0.0478005 	504.556 	-1.11845e-05
0.0482472 	504.533 	-9.54116e-06
0.048694 	504.51 	-7.89783e-06
0.0491407 	504.487 	-6.25178e-06
0.0495874 	504.463 	-4.60349e-06
0.0500342 	504.44 	-2.95502e-06
0.0504809 	504.417 	-1.30383e-06
0.0509276 	504.393 	3.47364e-07
0.0513744 	504.369 	1.99895e-06
0.0518211 	504.345 	3.65083e-06
0.0522678 	504.322 	5.30256e-06
0.0527146 	504.298 	6.95278e-06
0.0531613 	504.274 	8.60299e-06
0.053608 	504.249 	1.02507e-05
0.0540548 	504.225 	1.18969e-05
0.0545015 	504.201 	1.35422e-05
0.0549482 	504.176 	1.51817e-05
0.055395 	504.152 	1.68212e-05
0.0558417 	504.127 	1.84549e-05
0.0562884 	504.102 	2.00852e-05
0.0567352 	504.078 	2.17139e-05
0.0571819 	504.053 	2.33323e-05
0.0576286 	504.028 	2.49508e-05
0.0580754 	504.003 	2.65599e-05
0.0585221 	503.977 	2.81639e-05
0.0589688 	503.952 	2.97651e-05
0.0594156 	503.927 	3.1352e-05
0.0598623 	503.902 	3.29389e-05
0.060309 	503.876 	3.45125e-05
0.0607558 	503.851 	3.60796e-05
0.0612025 	503.825 	3.76425e-05
0.0616492 	503.799 	3.91872e-05
0.062096 	503.773 	4.07319e-05
0.0625427 	503.748 	4.2259e-05
0.0629894 	503.722 	4.37785e-05
0.0634362 	503.696 	4.52922e-05
0.0638829 	503.67 	4.67839e-05
0.0643296 	503.644 	4.82756e-05
0.0647764 	503.618 	4.97451e-05
0.0652231 	503.591 	5.12063e-05
0.0656698 	503.565 	5.26595e-05
0.0661166 	503.539 	5.40873e-05
0.0665633 	503.512 	5.55152e-05
0.0670101 	503.486 	5.69159e-05
0.0674568 	503.46 	5.83076e-05
0.0679035 	503.433 	5.96891e-05
0.0683503 	503.406 	6.10419e-05
0.068797 	503.38 	6.23946e-05
0.0692437 	503.353 	6.3715e-05
0.0696905 	503.326 	6.50259e-05
0.0701372 	503.3 	6.63239e-05
0.0705839 	503.273 	6.75899e-05
0.0710307 	503.246 	6.8856e-05
0.0714774 	503.219 	7.00838e-05
0.0719241 	503.192 	7.13019e-05
0.0723709 	503.165 	7.25041e-05
0.0728176 	503.138 	7.36712e-05
0.0732643 	503.111 	7.48383e-05
0.0737111 	503.084 	7.59605e-05
0.0741578 	503.057 	7.70733e-05
0.0746045 	503.03 	7.81665e-05
0.0750513 	503.003 	7.92214e-05
0.075498 	502.975 	8.02764e-05
0.0759447 	502.948 	8.12792e-05
0.0763915 	502.921 	8.22728e-05
0.0768382 	502.894 	8.32428e-05
0.0772849 	502.866 	8.41714e-05
0.0777317 	502.839 	8.51e-05
0.0781784 	502.812 	8.59682e-05
0.0786251 	502.784 	8.68278e-05
0.0790719 	502.757 	8.76592e-05
0.0795186 	502.729 	8.84458e-05
0.0799653 	502.702 	8.92325e-05
0.0804121 	502.674 	8.99496e-05
0.0808588 	502.647 	9.06591e-05
0.0813055 	502.619 	9.13349e-05
0.0817523 	502.592 	9.19628e-05
0.082199 	502.564 	9.25907e-05
0.0826457 	502.537 	9.31391e-05
0.0830925 	502.509 	9.36811e-05
0.0835392 	502.482 	9.41835e-05
0.0839859 	502.454 	9.4635e-05
0.0844327 	502.426 	9.50865e-05
0.0848794 	502.399 	9.54481e-05
0.0853261 	502.371 	9.5805e-05
0.0857729 	502.344 	9.61162e-05
0.0862196 	502.316 	9.63745e-05
0.0866663 	502.288 	9.66327e-05
0.0871131 	502.261 	9.67917e-05
0.0875598 	502.233 	9.69481e-05
0.0880065 	502.205 	9.70538e-05
0.0884533 	502.178 	9.71063e-05
0.0889 	502.15 	9.71587e-05
