5.55112e-20 	508 	-0.000168108
0.000446734 	508.748 	-0.000168176
0.000893467 	508.189 	-0.000168338
0.0013402 	507.102 	-0.000168632
0.00178693 	506.778 	-0.000168843
0.00223367 	506.847 	-0.000169116
0.0026804 	506.755 	-0.000169224
0.00312714 	506.482 	-0.000169057
0.00357387 	506.238 	-0.000168933
0.0040206 	506.023 	-0.000168644
0.00446734 	505.854 	-0.000168453
0.00491407 	505.618 	-0.000168131
0.0053608 	505.372 	-0.00016791
0.00580754 	505.13 	-0.000168025
0.00625427 	504.894 	-0.000168391
0.00670101 	504.759 	-0.000167884
0.00714774 	504.756 	-0.000166219
0.00759447 	504.753 	-0.000164242
0.00804121 	504.751 	-0.000161125
0.00848794 	504.751 	-0.000158071
0.00893467 	504.75 	-0.000155019
0.00938141 	504.75 	-0.000152093
0.00982814 	504.75 	-0.00014922
0.0102749 	504.75 	-0.000146405
0.0107216 	504.75 	-0.000143682
0.0111683 	504.75 	-0.000140976
0.0116151 	504.75 	-0.000138379
0.0120618 	504.75 	-0.000135778
0.0125085 	504.75 	-0.000133293
0.0129553 	504.75 	-0.000130807
0.013402 	504.75 	-0.000128416
0.0138487 	504.75 	-0.000126051
0.0142955 	504.75 	-0.000123738
0.0147422 	504.751 	-0.000121483
0.0151889 	504.751 	-0.000119249
0.0156357 	504.751 	-0.00011709
0.0160824 	504.751 	-0.000114933
0.0165291 	504.751 	-0.000112862
0.0169759 	504.751 	-0.000110788
0.0174226 	504.751 	-0.000108795
0.0178693 	504.752 	-0.000106814
0.0183161 	504.752 	-0.000104882
0.0187628 	504.752 	-0.000102989
0.0192095 	504.752 	-0.000101119
0.0196563 	504.752 	-9.93034e-05
0.020103 	504.753 	-9.74939e-05
0.0205497 	504.753 	-9.57496e-05
0.0209965 	504.753 	-9.40021e-05
0.0214432 	504.754 	-9.23253e-05
0.0218899 	504.754 	-9.06527e-05
0.0223367 	504.754 	-8.90251e-05
0.0227834 	504.755 	-8.74233e-05
0.0232302 	504.755 	-8.58463e-05
0.0236769 	504.756 	-8.43089e-05
0.0241236 	504.756 	-8.27809e-05
0.0245704 	504.757 	-8.1303e-05
0.0250171 	504.757 	-7.98243e-05
0.0254638 	504.758 	-7.84032e-05
0.0259106 	504.758 	-7.69837e-05
0.0263573 	504.759 	-7.56058e-05
0.026804 	504.76 	-7.42448e-05
0.0272508 	504.76 	-7.29085e-05
0.0276975 	504.761 	-7.16015e-05
0.0281442 	504.762 	-7.0306e-05
0.028591 	504.763 	-6.90495e-05
0.0290377 	504.764 	-6.77944e-05
0.0294844 	504.764 	-6.65859e-05
0.0299312 	504.765 	-6.53779e-05
0.0303779 	504.766 	-6.42082e-05
0.0308246 	504.767 	-6.30492e-05
0.0312714 	504.768 	-6.19143e-05
0.0317181 	504.769 	-6.08012e-05
0.0321648 	504.77 	-5.97006e-05
0.0326116 	504.771 	-5.86306e-05
0.0330583 	504.772 	-5.75638e-05
0.033505 	504.773 	-5.65349e-05
0.0339518 	504.775 	-5.55059e-05
0.0343985 	504.776 	-5.45121e-05
0.0348452 	504.777 	-5.35245e-05
0.035292 	504.778 	-5.25601e-05
0.0357387 	504.779 	-5.16119e-05
0.0361854 	504.781 	-5.06766e-05
0.0366322 	504.782 	-4.97655e-05
0.0370789 	504.783 	-4.88589e-05
0.0375256 	504.784 	-4.7983e-05
0.0379724 	504.786 	-4.71069e-05
0.0384191 	504.787 	-4.62629e-05
0.0388658 	504.788 	-4.54222e-05
0.0393126 	504.79 	-4.46034e-05
0.0397593 	504.791 	-4.37965e-05
0.040206 	504.792 	-4.30026e-05
0.0406528 	504.794 	-4.22278e-05
0.0410995 	504.795 	-4.14584e-05
0.0415462 	504.796 	-4.07141e-05
0.041993 	504.798 	-3.99693e-05
0.0424397 	504.799 	-3.9254e-05
0.0428864 	504.801 	-3.85396e-05
0.0433332 	504.802 	-3.7846e-05
0.0437799 	504.803 	-3.71609e-05
0.0442266 	504.805 	-3.64887e-05
0.0446734 	504.806 	-3.58314e-05
0.0451201 	504.808 	-3.51802e-05
0.0455668 	504.809 	-3.45494e-05
0.0460136 	504.811 	-3.3919e-05
0.0464603 	504.812 	-3.33138e-05
0.046907 	504.814 	-3.27088e-05
0.0473538 	504.815 	-3.21232e-05
0.0478005 	504.817 	-3.15435e-05
0.0482472 	504.818 	-3.09765e-05
0.048694 	504.82 	-3.04209e-05
0.0491407 	504.821 	-2.98721e-05
0.0495874 	504.823 	-2.93396e-05
0.0500342 	504.824 	-2.88086e-05
0.0504809 	504.826 	-2.82986e-05
0.0509276 	504.827 	-2.77885e-05
0.0513744 	504.829 	-2.72965e-05
0.0518211 	504.83 	-2.68084e-05
0.0522678 	504.832 	-2.63325e-05
0.0527146 	504.833 	-2.58653e-05
0.0531613 	504.835 	-2.54052e-05
0.053608 	504.836 	-2.49583e-05
0.0540548 	504.838 	-2.45136e-05
0.0545015 	504.839 	-2.40862e-05
0.0549482 	504.841 	-2.36588e-05
0.055395 	504.842 	-2.32481e-05
0.0558417 	504.844 	-2.28397e-05
0.0562884 	504.846 	-2.2443e-05
0.0567352 	504.847 	-2.20528e-05
0.0571819 	504.849 	-2.16699e-05
0.0576286 	504.85 	-2.12973e-05
0.0580754 	504.852 	-2.09278e-05
0.0585221 	504.853 	-2.05723e-05
0.0589688 	504.855 	-2.02169e-05
0.0594156 	504.856 	-1.98769e-05
0.0598623 	504.858 	-1.9538e-05
0.060309 	504.86 	-1.92102e-05
0.0607558 	504.861 	-1.88872e-05
0.0612025 	504.863 	-1.85714e-05
0.0616492 	504.864 	-1.82637e-05
0.062096 	504.866 	-1.79595e-05
0.0625427 	504.867 	-1.76669e-05
0.0629894 	504.869 	-1.73743e-05
0.0634362 	504.871 	-1.70958e-05
0.0638829 	504.872 	-1.68175e-05
0.0643296 	504.874 	-1.65497e-05
0.0647764 	504.875 	-1.62852e-05
0.0652231 	504.877 	-1.60278e-05
0.0656698 	504.879 	-1.57767e-05
0.0661166 	504.88 	-1.55294e-05
0.0665633 	504.882 	-1.52914e-05
0.0670101 	504.883 	-1.50539e-05
0.0674568 	504.885 	-1.48286e-05
0.0679035 	504.886 	-1.46032e-05
0.0683503 	504.888 	-1.43876e-05
0.068797 	504.89 	-1.41741e-05
0.0692437 	504.891 	-1.39675e-05
0.0696905 	504.893 	-1.37657e-05
0.0701372 	504.894 	-1.35679e-05
0.0705839 	504.896 	-1.33775e-05
0.0710307 	504.898 	-1.31882e-05
0.0714774 	504.899 	-1.30089e-05
0.0719241 	504.901 	-1.28295e-05
0.0723709 	504.902 	-1.26591e-05
0.0728176 	504.904 	-1.24901e-05
0.0732643 	504.905 	-1.23276e-05
0.0737111 	504.907 	-1.21686e-05
0.0741578 	504.909 	-1.20137e-05
0.0746045 	504.91 	-1.18647e-05
0.0750513 	504.912 	-1.17171e-05
0.075498 	504.913 	-1.15777e-05
0.0759447 	504.915 	-1.14383e-05
0.0763915 	504.917 	-1.13071e-05
0.0768382 	504.918 	-1.11765e-05
0.0772849 	504.92 	-1.10522e-05
0.0777317 	504.921 	-1.09303e-05
0.0781784 	504.923 	-1.08125e-05
0.0786251 	504.925 	-1.06991e-05
0.0790719 	504.926 	-1.05876e-05
0.0795186 	504.928 	-1.04826e-05
0.0799653 	504.929 	-1.03776e-05
0.0804121 	504.931 	-1.02801e-05
0.0808588 	504.932 	-1.01827e-05
0.0813055 	504.934 	-1.00911e-05
0.0817523 	504.936 	-1.00011e-05
0.082199 	504.937 	-9.91508e-06
0.0826457 	504.939 	-9.8323e-06
0.0830925 	504.94 	-9.75168e-06
0.0835392 	504.942 	-9.67608e-06
0.0839859 	504.944 	-9.60068e-06
0.0844327 	504.945 	-9.53177e-06
0.0848794 	504.947 	-9.46274e-06
0.0853261 	504.948 	-9.3989e-06
0.0857729 	504.95 	-9.33598e-06
0.0862196 	504.951 	-9.27683e-06
0.0866663 	504.953 	-9.21997e-06
0.0871131 	504.955 	-9.16537e-06
0.0875598 	504.956 	-9.11455e-06
0.0880065 	504.958 	-9.0641e-06
0.0884533 	504.959 	-9.01904e-06
0.0889 	504.961 	-8.97375e-06
