0 	0 	0 	0
0.000446734 	-0.000131743 	0.00182808 	0
0.000893467 	-0.000352242 	0.00283842 	1.23516e-26
0.0013402 	-0.000618908 	0.00345076 	7.87243e-27
0.00178693 	-0.000855545 	0.00378963 	8.87868e-26
0.00223367 	-0.00106888 	0.00390901 	2.20633e-25
0.0026804 	-0.00122398 	0.00394691 	2.9333e-25
0.00312714 	-0.00129077 	0.00376362 	2.5826e-25
0.00357387 	-0.00131401 	0.00351561 	2.24171e-25
0.0040206 	-0.00121841 	0.00303919 	4.44059e-27
0.00446734 	-0.00109065 	0.00247118 	-1.8266e-25
0.00491407 	-0.000864812 	0.00173577 	-2.78006e-25
0.0053608 	-0.000597007 	0.000884059 	-4.15587e-25
0.00580754 	-0.00030105 	-2.77863e-06 	-3.51287e-25
0.00625427 	2.45639e-05 	-0.000949642 	-1.18723e-25
0.00670101 	0.000309482 	-0.0018272 	-1.99913e-27
0.00714774 	0.00052933 	-0.00255197 	7.18598e-26
0.00759447 	0.000711987 	-0.00321777 	1.41944e-25
0.00804121 	0.00079452 	-0.00365804 	4.96082e-26
0.00848794 	0.000836801 	-0.00400699 	1.12822e-26
0.00893467 	0.000790827 	-0.00416012 	1.85403e-26
0.00938141 	0.000698327 	-0.00416668 	1.1544e-25
0.00982814 	0.000547617 	-0.00395466 	1.224e-25
0.0102749 	0.000347544 	-0.00355894 	2.42596e-25
0.0107216 	0.000196033 	-0.00270811 	2.64702e-25
0.0111683 	8.19046e-05 	-0.00143124 	1.3768e-25
0.0116151 	1.00193e-05 	-0.000520784 	1.27458e-25
0.0120618 	-9.3589e-07 	-0.000203837 	3.93591e-26
0.0125085 	-1.06792e-07 	-5.00346e-05 	9.05579e-27
0.0129553 	7.61471e-08 	-2.47983e-07 	-7.58311e-29
0.013402 	9.43351e-08 	-2.41157e-07 	0
0.0138487 	9.46476e-08 	-2.38946e-07 	-4.28166e-29
0.0142955 	8.27818e-08 	-2.4086e-07 	0
0.0147422 	7.12395e-08 	-2.42293e-07 	-4.99759e-30
0.0151889 	5.96236e-08 	-2.43346e-07 	-1.56789e-29
0.0156357 	4.83375e-08 	-2.43999e-07 	0
0.0160824 	3.72591e-08 	-2.44595e-07 	0
0.0165291 	2.68701e-08 	-2.44686e-07 	0
0.0169759 	1.65314e-08 	-2.44755e-07 	0
0.0174226 	7.28483e-09 	-2.44451e-07 	5.00433e-29
0.0178693 	-1.94709e-09 	-2.43878e-07 	2.47463e-28
0.0183161 	-1.01865e-08 	-2.4335e-07 	5.88083e-28
0.0187628 	-1.82205e-08 	-2.42171e-07 	7.25838e-28
0.0192095 	-2.54975e-08 	-2.41356e-07 	7.19072e-28
0.0196563 	-3.22761e-08 	-2.3984e-07 	5.93716e-28
0.020103 	-3.86545e-08 	-2.38665e-07 	3.22363e-28
0.0205497 	-4.42252e-08 	-2.36985e-07 	5.96888e-29
0.0209965 	-4.97527e-08 	-2.35429e-07 	4.8037e-29
0.0214432 	-5.42471e-08 	-2.33632e-07 	0
0.0218899 	-5.8758e-08 	-2.31711e-07 	0
0.0223367 	-6.25203e-08 	-2.29876e-07 	0
0.0227834 	-6.61246e-08 	-2.27679e-07 	0
0.0232302 	-6.92426e-08 	-2.25755e-07 	0
0.0236769 	-7.20399e-08 	-2.23437e-07 	0
0.0241236 	-7.45929e-08 	-2.21377e-07 	0
0.0245704 	-7.66878e-08 	-2.19064e-07 	0
0.0250171 	-7.87433e-08 	-2.16846e-07 	0
0.0254638 	-8.0253e-08 	-2.14544e-07 	0
0.0259106 	-8.17675e-08 	-2.12202e-07 	0
0.0263573 	-8.28889e-08 	-2.09926e-07 	0
0.026804 	-8.39295e-08 	-2.07503e-07 	0
0.0272508 	-8.47337e-08 	-2.05233e-07 	0
0.0276975 	-8.53772e-08 	-2.02788e-07 	0
0.0281442 	-8.59072e-08 	-2.00496e-07 	-2.16721e-29
0.028591 	-8.62219e-08 	-1.98104e-07 	0
0.0290377 	-8.65136e-08 	-1.95772e-07 	-7.41025e-29
0.0294844 	-8.65637e-08 	-1.9343e-07 	0
0.0299312 	-8.66136e-08 	-1.9108e-07 	-3.20742e-29
0.0303779 	-8.64848e-08 	-1.88784e-07 	0
0.0308246 	-8.63183e-08 	-1.86438e-07 	-1.57687e-29
0.0312714 	-8.60556e-08 	-1.84178e-07 	-2.56475e-30
0.0317181 	-8.57132e-08 	-1.81856e-07 	-1.113e-30
0.0321648 	-8.53337e-08 	-1.79617e-07 	-1.72204e-29
0.0326116 	-8.48562e-08 	-1.77356e-07 	0
0.0330583 	-8.43733e-08 	-1.75129e-07 	3.01367e-29
0.033505 	-8.37911e-08 	-1.72925e-07 	0
0.0339518 	-8.32096e-08 	-1.70723e-07 	3.14439e-29
0.0343985 	-8.25566e-08 	-1.6857e-07 	0
0.0348452 	-8.1885e-08 	-1.66405e-07 	0
0.035292 	-8.11856e-08 	-1.64295e-07 	0
0.0357387 	-8.04425e-08 	-1.62175e-07 	0
0.0361854 	-7.97004e-08 	-1.60101e-07 	0
0.0366322 	-7.8911e-08 	-1.58038e-07 	0
0.0370789 	-7.81296e-08 	-1.55996e-07 	0
0.0375256 	-7.73091e-08 	-1.5399e-07 	0
0.0379724 	-7.64917e-08 	-1.51986e-07 	0
0.0384191 	-7.56527e-08 	-1.50032e-07 	0
0.0388658 	-7.48032e-08 	-1.48077e-07 	0
0.0393126 	-7.39564e-08 	-1.46164e-07 	0
0.0397593 	-7.30833e-08 	-1.4426e-07 	-5.19478e-30
0.040206 	-7.22279e-08 	-1.42386e-07 	-8.84861e-30
0.0406528 	-7.13464e-08 	-1.40535e-07 	0
0.0410995 	-7.04812e-08 	-1.38699e-07 	-3.95372e-29
0.0415462 	-6.9601e-08 	-1.36902e-07 	0
0.041993 	-6.87262e-08 	-1.35105e-07 	-8.84975e-31
0.0424397 	-6.7852e-08 	-1.33357e-07 	0
0.0428864 	-6.69712e-08 	-1.31611e-07 	3.44099e-29
0.0433332 	-6.61057e-08 	-1.29902e-07 	-3.87585e-30
0.0437799 	-6.52228e-08 	-1.28207e-07 	-3.72778e-29
0.0442266 	-6.4364e-08 	-1.26534e-07 	-3.73183e-29
0.0446734 	-6.34877e-08 	-1.24889e-07 	-7.10505e-29
0.0451201 	-6.26327e-08 	-1.23254e-07 	-1.04267e-28
0.0455668 	-6.17714e-08 	-1.21656e-07 	-4.93794e-29
0.0460136 	-6.09177e-08 	-1.20059e-07 	-6.05641e-29
0.0464603 	-6.00732e-08 	-1.18507e-07 	-2.17146e-29
0.046907 	-5.92247e-08 	-1.16957e-07 	0
0.0473538 	-5.83957e-08 	-1.15441e-07 	0
0.0478005 	-5.75544e-08 	-1.13939e-07 	0
0.0482472 	-5.67389e-08 	-1.12456e-07 	0
0.048694 	-5.59091e-08 	-1.11e-07 	0
0.0491407 	-5.51036e-08 	-1.09552e-07 	0
0.0495874 	-5.4294e-08 	-1.08139e-07 	0
0.0500342 	-5.34944e-08 	-1.06725e-07 	0
0.0504809 	-5.27055e-08 	-1.05354e-07 	0
0.0509276 	-5.19149e-08 	-1.03982e-07 	0
0.0513744 	-5.11444e-08 	-1.02644e-07 	0
0.0518211 	-5.03647e-08 	-1.01316e-07 	0
0.0522678 	-4.96104e-08 	-1.00007e-07 	0
0.0527146 	-4.88432e-08 	-9.87225e-08 	0
0.0531613 	-4.81012e-08 	-9.74443e-08 	0
0.053608 	-4.73553e-08 	-9.61976e-08 	0
0.0540548 	-4.66211e-08 	-9.49514e-08 	0
0.0545015 	-4.58964e-08 	-9.37417e-08 	0
0.0549482 	-4.51721e-08 	-9.25315e-08 	0
0.055395 	-4.44666e-08 	-9.13532e-08 	0
0.0558417 	-4.37542e-08 	-9.01829e-08 	0
0.0562884 	-4.30657e-08 	-8.90307e-08 	0
0.0567352 	-4.23655e-08 	-8.78992e-08 	0
0.0571819 	-4.16893e-08 	-8.67745e-08 	0
0.0576286 	-4.1009e-08 	-8.56773e-08 	0
0.0580754 	-4.03418e-08 	-8.45811e-08 	0
0.0585221 	-3.9682e-08 	-8.35169e-08 	0
0.0589688 	-3.9024e-08 	-8.24515e-08 	0
0.0594156 	-3.83831e-08 	-8.1417e-08 	0
0.0598623 	-3.77369e-08 	-8.03874e-08 	0
0.060309 	-3.71119e-08 	-7.93762e-08 	0
0.0607558 	-3.64775e-08 	-7.83815e-08 	0
0.0612025 	-3.58649e-08 	-7.73945e-08 	0
0.0616492 	-3.52476e-08 	-7.64312e-08 	0
0.062096 	-3.46443e-08 	-7.54694e-08 	0
0.0625427 	-3.4046e-08 	-7.45356e-08 	0
0.0629894 	-3.34507e-08 	-7.36e-08 	0
0.0634362 	-3.28704e-08 	-7.26942e-08 	0
0.0638829 	-3.22862e-08 	-7.17908e-08 	0
0.0643296 	-3.17205e-08 	-7.09058e-08 	0
0.0647764 	-3.11472e-08 	-7.00337e-08 	0
0.0652231 	-3.05935e-08 	-6.91701e-08 	0
0.0656698 	-3.00344e-08 	-6.83268e-08 	0
0.0661166 	-2.94899e-08 	-6.74854e-08 	0
0.0665633 	-2.89479e-08 	-6.66686e-08 	0
0.0670101 	-2.84104e-08 	-6.58501e-08 	0
0.0674568 	-2.78851e-08 	-6.50591e-08 	0
0.0679035 	-2.73572e-08 	-6.42689e-08 	0
0.0683503 	-2.68452e-08 	-6.34971e-08 	0
0.068797 	-2.63271e-08 	-6.27351e-08 	0
0.0692437 	-2.58265e-08 	-6.19823e-08 	0
0.0696905 	-2.53198e-08 	-6.12468e-08 	0
0.0701372 	-2.48279e-08 	-6.05137e-08 	0
0.0705839 	-2.43365e-08 	-5.9802e-08 	0
0.0710307 	-2.38508e-08 	-5.90895e-08 	0
0.0714774 	-2.33742e-08 	-5.84011e-08 	0
0.0719241 	-2.28963e-08 	-5.77129e-08 	0
0.0723709 	-2.24321e-08 	-5.7043e-08 	0
0.0728176 	-2.19627e-08 	-5.63802e-08 	0
0.0732643 	-2.1509e-08 	-5.57272e-08 	0
0.0737111 	-2.10485e-08 	-5.50888e-08 	0
0.0741578 	-2.06029e-08 	-5.44534e-08 	0
0.0746045 	-2.01558e-08 	-5.38366e-08 	0
0.0750513 	-1.97154e-08 	-5.32197e-08 	0
0.075498 	-1.92813e-08 	-5.2624e-08 	0
0.0759447 	-1.88471e-08 	-5.20281e-08 	0
0.0763915 	-1.84242e-08 	-5.14504e-08 	0
0.0768382 	-1.79972e-08 	-5.08774e-08 	0
0.0772849 	-1.75839e-08 	-5.03148e-08 	0
0.0777317 	-1.71638e-08 	-4.97642e-08 	0
0.0781784 	-1.67574e-08 	-4.92176e-08 	0
0.0786251 	-1.63484e-08 	-4.86869e-08 	0
0.0790719 	-1.59468e-08 	-4.81569e-08 	0
0.0795186 	-1.55489e-08 	-4.76456e-08 	0
0.0799653 	-1.51519e-08 	-4.71336e-08 	0
0.0804121 	-1.4764e-08 	-4.66397e-08 	0
0.0808588 	-1.43727e-08 	-4.61487e-08 	0
0.0813055 	-1.39931e-08 	-4.56687e-08 	0
0.0817523 	-1.36073e-08 	-4.51981e-08 	0
0.082199 	-1.32338e-08 	-4.47326e-08 	0
0.0826457 	-1.28565e-08 	-4.42807e-08 	0
0.0830925 	-1.2487e-08 	-4.38302e-08 	-6.47898e-30
0.0835392 	-1.21191e-08 	-4.33961e-08 	0
0.0839859 	-1.17528e-08 	-4.29613e-08 	-1.79548e-29
0.0844327 	-1.13935e-08 	-4.25443e-08 	0
0.0848794 	-1.10316e-08 	-4.21287e-08 	-8.31228e-32
0.0853261 	-1.06792e-08 	-4.17247e-08 	0
0.0857729 	-1.03213e-08 	-4.13278e-08 	3.96718e-30
0.0862196 	-9.97409e-09 	-4.09372e-08 	4.44286e-30
0.0866663 	-9.62219e-09 	-4.0558e-08 	0
0.0871131 	-9.27837e-09 	-4.01811e-08 	5.54265e-30
0.0875598 	-8.93402e-09 	-3.98187e-08 	0
0.0880065 	-8.59215e-09 	-3.94557e-08 	0
0.0884533 	-8.25487e-09 	-3.91099e-08 	0
0.0889 	-7.91581e-09 	-3.87645e-08 	-5.73214e-30
