0 	0 	0 	0
0.000446734 	0.000167005 	0.00307535 	3.58972e-26
0.000893467 	0.000333848 	0.00613115 	7.1633e-26
0.0013402 	0.000465318 	0.00848618 	7.97516e-26
0.00178693 	0.000562996 	0.0101797 	6.21739e-26
0.00223367 	0.000656612 	0.0118395 	4.43074e-26
0.0026804 	0.000669568 	0.0126103 	2.61493e-26
0.00312714 	0.000682524 	0.0133811 	7.9912e-27
0.00357387 	0.000679205 	0.0139447 	8.66904e-27
0.0040206 	0.000664084 	0.014338 	2.54992e-26
0.00446734 	0.000648052 	0.0147213 	4.28814e-26
0.00491407 	0.00062808 	0.0149287 	7.13181e-26
0.0053608 	0.000608108 	0.015136 	9.97548e-26
0.00580754 	0.000586944 	0.0152567 	1.08737e-25
0.00625427 	0.000565702 	0.0153104 	1.03454e-25
0.00670101 	0.000543957 	0.0153537 	9.61738e-26
0.00714774 	0.000521186 	0.0152722 	6.77371e-26
0.00759447 	0.000498416 	0.0151908 	3.93004e-26
0.00804121 	0.000474845 	0.015045 	2.1682e-26
0.00848794 	0.00045121 	0.0148547 	1.01342e-26
0.00893467 	0.000427386 	0.0146558 	0
0.00938141 	0.000403851 	0.0143836 	0
0.00982814 	0.000380317 	0.0141113 	0
0.0102749 	0.00035721 	0.0138034 	0
0.0107216 	0.000334564 	0.0134731 	0
0.0111683 	0.000312052 	0.0131379 	0
0.0116151 	0.000290849 	0.0127694 	0
0.0120618 	0.000269645 	0.0124009 	0
0.0125085 	0.000249592 	0.012018 	0
0.0129553 	0.000230173 	0.0116272 	0
0.013402 	0.000211109 	0.011235 	0
0.0138487 	0.000193655 	0.0108348 	0
0.0142955 	0.000176201 	0.0104346 	0
0.0147422 	0.000160184 	0.0100349 	0
0.0151889 	0.000144753 	0.00963555 	0
0.0156357 	0.000129797 	0.00923773 	0
0.0160824 	0.00011636 	0.00884731 	0
0.0165291 	0.000102923 	0.00845688 	0
0.0169759 	9.09453e-05 	0.0080768 	0
0.0174226 	7.94165e-05 	0.00770146 	0
0.0178693 	6.84052e-05 	0.00733002 	0
0.0183161 	5.866e-05 	0.00697421 	0
0.0187628 	4.89148e-05 	0.0066184 	0
0.0192095 	4.05007e-05 	0.00627861 	0
0.0196563 	3.23873e-05 	0.00594528 	0
0.020103 	2.47733e-05 	0.00561741 	0
0.0205497 	1.81212e-05 	0.00530821 	0
0.0209965 	1.1469e-05 	0.00499901 	0
0.0214432 	5.92893e-06 	0.00470805 	0
0.0218899 	5.56864e-07 	0.00442355 	0
0.0223367 	-4.38014e-06 	0.00414515 	0
0.0227834 	-8.65682e-06 	0.00388497 	0
0.0232302 	-1.29335e-05 	0.00362479 	0
0.0236769 	-1.63636e-05 	0.00338234 	0
0.0241236 	-1.97279e-05 	0.00314536 	0
0.0245704 	-2.27527e-05 	0.00291431 	0
0.0250171 	-2.53826e-05 	0.00269877 	0
0.0254638 	-2.80126e-05 	0.00248323 	0
0.0259106 	-3.00769e-05 	0.00228282 	0
0.0263573 	-3.21431e-05 	0.00208644 	0
0.026804 	-3.39852e-05 	0.00189505 	0
0.0272508 	-3.56501e-05 	0.00171515 	0
0.0276975 	-3.7315e-05 	0.00153526 	0
0.0281442 	-3.86968e-05 	0.00136636 	0
0.028591 	-4.01168e-05 	0.00119995 	0
0.0290377 	-4.14434e-05 	0.00103691 	0
0.0294844 	-4.27705e-05 	0.000880748 	0
0.0299312 	-4.40976e-05 	0.000724584 	0
0.0303779 	-4.54182e-05 	0.00057419 	0
0.0308246 	-4.67866e-05 	0.000424871 	0
0.0312714 	-4.81936e-05 	0.000276757 	0
0.0317181 	-4.97257e-05 	0.00013078 	0
0.0321648 	-5.12579e-05 	-1.51976e-05 	0
0.0326116 	-5.30539e-05 	-0.000161318 	0
0.0330583 	-5.48875e-05 	-0.000307501 	0
0.033505 	-5.6912e-05 	-0.000455056 	0
0.0339518 	-5.91825e-05 	-0.000604978 	0
0.0343985 	-6.1453e-05 	-0.000754901 	0
0.0348452 	-6.42783e-05 	-0.000911194 	0
0.035292 	-6.71181e-05 	-0.00106832 	0
0.0357387 	-7.03188e-05 	-0.00122965 	0
0.0361854 	-7.38829e-05 	-0.00139732 	0
0.0366322 	-7.7447e-05 	-0.00156499 	0
0.0370789 	-8.19213e-05 	-0.00174515 	0
0.0375256 	-8.63817e-05 	-0.00192651 	0
0.0379724 	-9.14116e-05 	-0.00211492 	-1.4712e-26
0.0384191 	-9.69483e-05 	-0.00231287 	-5.12555e-26
0.0388658 	-0.000102485 	-0.00251081 	-8.7799e-26
0.0393126 	-0.000109339 	-0.00272669 	-1.22552e-25
0.0397593 	-0.000116141 	-0.00294377 	-1.58929e-25
0.040206 	-0.000123749 	-0.00317041 	-1.5592e-25
0.0406528 	-0.000132016 	-0.00340872 	-1.03999e-25
0.0410995 	-0.000140283 	-0.00364703 	-5.20783e-26
0.0415462 	-0.000150319 	-0.00390732 	-1.47358e-28
0.041993 	-0.000160258 	-0.00416844 	5.1327e-26
0.0424397 	-0.000171262 	-0.00444087 	7.01876e-26
0.0428864 	-0.000183082 	-0.00472573 	5.481e-26
0.0433332 	-0.000194957 	-0.00501075 	3.90418e-26
0.0437799 	-0.000208965 	-0.00531906 	2.23078e-26
0.0442266 	-0.000222875 	-0.00562778 	7.21039e-27
0.0446734 	-0.000238112 	-0.0059481 	-6.81019e-27
0.0451201 	-0.000254311 	-0.00627987 	-2.10697e-26
0.0455668 	-0.000270697 	-0.00661213 	-3.66451e-26
0.0460136 	-0.000289394 	-0.00696492 	-5.12674e-26
0.0464603 	-0.000308066 	-0.00731783 	-6.52859e-26
0.046907 	-0.00032829 	-0.00768025 	-6.44207e-26
0.0473538 	-0.000349586 	-0.00805109 	-5.01612e-26
0.0478005 	-0.000371147 	-0.00842254 	-3.40312e-26
0.0482472 	-0.00039517 	-0.00880656 	-2.00127e-26
0.048694 	-0.000419193 	-0.00919059 	-5.99418e-27
0.0491407 	-0.000444882 	-0.00957848 	0
0.0495874 	-0.000471669 	-0.00996927 	0
0.0500342 	-0.000498746 	-0.0103601 	1.09426e-27
0.0504809 	-0.000528236 	-0.0107493 	2.83894e-26
0.0509276 	-0.000557727 	-0.0111384 	5.56845e-26
0.0513744 	-0.000588742 	-0.0115207 	8.6797e-26
0.0518211 	-0.000620731 	-0.0118976 	1.14359e-25
0.0522678 	-0.000652951 	-0.0122725 	1.37162e-25
0.0527146 	-0.000687036 	-0.0126239 	1.09867e-25
0.0531613 	-0.000721122 	-0.0129753 	8.25722e-26
0.053608 	-0.000756061 	-0.0133018 	5.14052e-26
0.0540548 	-0.00079157 	-0.0136114 	2.38434e-26
0.0545015 	-0.000827063 	-0.0139143 	0
0.0549482 	-0.000862941 	-0.0141625 	0
0.055395 	-0.000898819 	-0.0144107 	0
0.0558417 	-0.000933811 	-0.0146062 	0
0.0562884 	-0.000968469 	-0.0147697 	0
0.0567352 	-0.00100245 	-0.0149182 	0
0.0571819 	-0.00103364 	-0.0149707 	0
0.0576286 	-0.00106483 	-0.0150232 	0
0.0580754 	-0.00109161 	-0.0149871 	0
0.0585221 	-0.00111643 	-0.0149032 	0
0.0589688 	-0.00113961 	-0.0147947 	0
0.0594156 	-0.00115674 	-0.0145598 	0
0.0598623 	-0.00117387 	-0.0143249 	0
0.060309 	-0.0011839 	-0.0139789 	0
0.0607558 	-0.00119106 	-0.0135793 	0
0.0612025 	-0.00118941 	-0.0131274 	0
0.0616492 	-0.00114789 	-0.01244 	0
0.062096 	-0.00110637 	-0.0117527 	0
0.0625427 	-0.000947061 	-0.0106194 	0
0.0629894 	-0.000736083 	-0.00929133 	0
0.0634362 	-0.000519853 	-0.00779512 	0
0.0638829 	-0.000321581 	-0.00569738 	0
0.0643296 	-0.000123309 	-0.00359964 	0
0.0647764 	-4.99745e-05 	-0.00211387 	0
0.0652231 	-2.09575e-05 	-0.000899852 	0
0.0656698 	4.59905e-07 	-1.2501e-06 	0
0.0661166 	2.06522e-07 	-7.22807e-07 	0
0.0665633 	-4.68608e-08 	-1.95514e-07 	0
0.0670101 	-1.1645e-07 	-1.02834e-07 	0
0.0674568 	-1.31276e-07 	-1.38395e-07 	0
0.0679035 	-1.41839e-07 	-1.69674e-07 	0
0.0683503 	-1.40223e-07 	-1.90011e-07 	0
0.068797 	-1.38606e-07 	-2.10349e-07 	0
0.0692437 	-1.34585e-07 	-2.24436e-07 	0
0.0696905 	-1.29685e-07 	-2.3685e-07 	0
0.0701372 	-1.24676e-07 	-2.48092e-07 	0
0.0705839 	-1.19109e-07 	-2.56563e-07 	0
0.0710307 	-1.13543e-07 	-2.65035e-07 	0
0.0714774 	-1.08176e-07 	-2.72015e-07 	0
0.0719241 	-1.02808e-07 	-2.78632e-07 	0
0.0723709 	-9.76042e-08 	-2.85013e-07 	0
0.0728176 	-9.27058e-08 	-2.90863e-07 	0
0.0732643 	-8.78074e-08 	-2.96712e-07 	0
0.0737111 	-8.33474e-08 	-3.024e-07 	0
0.0741578 	-7.89739e-08 	-3.08044e-07 	0
0.0746045 	-7.47671e-08 	-3.13728e-07 	-5.10733e-30
0.0750513 	-7.08917e-08 	-3.19461e-07 	-2.13165e-29
0.075498 	-6.70163e-08 	-3.25195e-07 	-3.75256e-29
0.0759447 	-6.35124e-08 	-3.31143e-07 	-5.25532e-29
0.0763915 	-6.00798e-08 	-3.37119e-07 	-6.47012e-29
0.0768382 	-5.67785e-08 	-3.4322e-07 	-6.59326e-29
0.0772849 	-5.37267e-08 	-3.49518e-07 	-4.97235e-29
0.0777317 	-5.06749e-08 	-3.55816e-07 	-3.35144e-29
0.0781784 	-4.78958e-08 	-3.62439e-07 	-1.93164e-29
0.0786251 	-4.51646e-08 	-3.691e-07 	-7.16839e-30
0.0790719 	-4.25281e-08 	-3.75916e-07 	0
0.0795186 	-4.00627e-08 	-3.82961e-07 	0
0.0799653 	-3.75973e-08 	-3.90006e-07 	0
0.0804121 	-3.53187e-08 	-3.9741e-07 	0
0.0808588 	-3.30703e-08 	-4.04848e-07 	0
0.0813055 	-3.08851e-08 	-4.12454e-07 	1.47013e-30
0.0817523 	-2.88108e-08 	-4.2029e-07 	5.23883e-30
0.082199 	-2.67365e-08 	-4.28126e-07 	9.00753e-30
0.0826457 	-2.47793e-08 	-4.36335e-07 	1.66605e-29
0.0830925 	-2.28411e-08 	-4.44571e-07 	2.4344e-29
0.0835392 	-2.09389e-08 	-4.52984e-07 	2.27799e-29
0.0839859 	-1.91031e-08 	-4.6162e-07 	8.19764e-30
0.0844327 	-1.72673e-08 	-4.70256e-07 	-6.38466e-30
0.0848794 	-1.54909e-08 	-4.79275e-07 	-2.81116e-29
0.0853261 	-1.37269e-08 	-4.88313e-07 	-4.8956e-29
0.0857729 	-1.19744e-08 	-4.97538e-07 	-5.51376e-29
0.0862196 	-1.02543e-08 	-5.06977e-07 	-4.43241e-29
0.0866663 	-8.53421e-09 	-5.16417e-07 	-3.35105e-29
0.0871131 	-6.82242e-09 	-5.2624e-07 	-1.96111e-29
0.0875598 	-5.11988e-09 	-5.36072e-07 	-6.45007e-30
0.0880065 	-3.40858e-09 	-4.4016e-07 	0
0.0884533 	-1.70659e-09 	-2.22611e-07 	0
0.0889 	0 	0 	0
