0 	0 	0 	0
0.000446734 	4.94315e-06 	0.000204884 	-8.25326e-27
0.000893467 	9.88631e-06 	0.000409768 	-1.65065e-26
0.0013402 	1.50747e-05 	0.0005116 	-1.84381e-26
0.00178693 	2.04964e-05 	0.000515407 	-1.43563e-26
0.00223367 	2.59684e-05 	0.000516562 	-1.02722e-26
0.0026804 	3.34049e-05 	0.000414261 	-6.10075e-27
0.00312714 	4.08414e-05 	0.00031196 	-1.9293e-27
0.00357387 	4.77215e-05 	0.000196603 	0
0.0040206 	5.4123e-05 	7.00125e-05 	0
0.00446734 	5.9814e-05 	-5.47319e-05 	0
0.00491407 	5.2007e-05 	-0.000144393 	0
0.0053608 	4.42e-05 	-0.000234054 	0
0.00580754 	1.92636e-05 	-0.000284617 	0
0.00625427 	-1.89955e-05 	-0.000304769 	0
0.00670101 	-6.04233e-05 	-0.000319564 	-5.49693e-28
0.00714774 	-0.000140931 	-0.000268293 	-7.87894e-27
0.00759447 	-0.000221438 	-0.000217023 	-1.52082e-26
0.00804121 	-0.00033061 	-0.000133476 	-2.22119e-26
0.00848794 	-0.000459908 	-2.72685e-05 	-2.89869e-26
0.00893467 	-0.000594567 	8.26387e-05 	-3.43516e-26
0.00938141 	-0.000777469 	0.00022584 	-2.70223e-26
0.00982814 	-0.00096037 	0.000369041 	-1.96931e-26
0.0102749 	-0.00117919 	0.000528197 	-1.27033e-26
0.0107216 	-0.00142073 	0.000697447 	-5.9282e-27
0.0111683 	-0.00167007 	0.000869317 	-2.61082e-28
0.0116151 	-0.00197404 	0.00105953 	-2.34974e-27
0.0120618 	-0.002278 	0.00124975 	-4.43839e-27
0.0125085 	-0.00262132 	0.0014506 	-6.12376e-27
0.0129553 	-0.00298702 	0.0016575 	-7.5798e-27
0.013402 	-0.00336083 	0.00186579 	-8.50414e-27
0.0138487 	-0.00378052 	0.00208195 	-6.41549e-27
0.0142955 	-0.00420022 	0.00229812 	-4.32683e-27
0.0147422 	-0.00464567 	0.00251285 	-2.65728e-27
0.0151889 	-0.00510424 	0.00272686 	-1.20124e-27
0.0156357 	-0.00556606 	0.00293809 	0
0.0160824 	-0.00604317 	0.00313623 	0
0.0165291 	-0.00652028 	0.00333437 	0
0.0169759 	-0.00699504 	0.00351253 	0
0.0174226 	-0.00746874 	0.00368161 	0
0.0178693 	-0.00793779 	0.00384285 	0
0.0183161 	-0.00838823 	0.00397271 	0
0.0187628 	-0.00883868 	0.00410257 	0
0.0192095 	-0.00926186 	0.00420044 	0
0.0196563 	-0.00967405 	0.00428539 	0
0.020103 	-0.0100756 	0.00436001 	0
0.0205497 	-0.0104406 	0.00439907 	0
0.0209965 	-0.0108056 	0.00443813 	0
0.0214432 	-0.0111336 	0.00444551 	0
0.0218899 	-0.0114484 	0.00444161 	0
0.0223367 	-0.0117511 	0.00442835 	9.15354e-28
0.0227834 	-0.0120173 	0.00438701 	4.57677e-27
0.0232302 	-0.0122835 	0.00434567 	8.23819e-27
0.0236769 	-0.012516 	0.00428086 	1.219e-26
0.0241236 	-0.0127381 	0.00420875 	1.62323e-26
0.0245704 	-0.0129496 	0.00413 	1.8156e-26
0.0250171 	-0.0131333 	0.00403374 	1.44946e-26
0.0254638 	-0.0133169 	0.00393749 	1.08332e-26
0.0259106 	-0.0134748 	0.0038268 	1.40743e-26
0.0263573 	-0.0136257 	0.00371222 	1.91779e-26
0.026804 	-0.0137683 	0.00359355 	2.56029e-26
0.0272508 	-0.0138913 	0.00346531 	3.51111e-26
0.0276975 	-0.0140143 	0.00333707 	4.46193e-26
0.0281442 	-0.0141178 	0.00320056 	3.89711e-26
0.028591 	-0.0142167 	0.00306214 	2.98252e-26
0.0290377 	-0.0143086 	0.00292122 	2.05615e-26
0.0294844 	-0.0143862 	0.00277508 	1.10533e-26
0.0299312 	-0.0144637 	0.00262895 	1.54509e-27
0.0303779 	-0.014525 	0.00247775 	0
0.0308246 	-0.0145831 	0.00232558 	0
0.0312714 	-0.014635 	0.00217167 	0
0.0317181 	-0.0146751 	0.00201454 	0
0.0321648 	-0.0147152 	0.00185742 	0
0.0326116 	-0.0147406 	0.00169662 	1.96011e-26
0.0330583 	-0.0147636 	0.00153524 	4.2327e-26
0.033505 	-0.0147806 	0.00137241 	6.52766e-26
0.0339518 	-0.0147873 	0.00120718 	8.85988e-26
0.0343985 	-0.0147941 	0.00104194 	1.11921e-25
0.0348452 	-0.0147868 	0.000873487 	9.43755e-26
0.035292 	-0.0147777 	0.000704622 	7.16496e-26
0.0357387 	-0.0147624 	0.000534349 	4.86851e-26
0.0361854 	-0.0147378 	0.000361966 	2.53629e-26
0.0366322 	-0.0147131 	0.000189583 	2.04069e-27
0.0370789 	-0.0146744 	1.40481e-05 	-5.47128e-27
0.0375256 	-0.0146343 	-0.000161789 	-1.14672e-26
0.0379724 	-0.0145876 	-0.000339063 	-1.751e-26
0.0384191 	-0.0145319 	-0.000518279 	-2.36161e-26
0.0388658 	-0.0144763 	-0.000697496 	-2.97223e-26
0.0393126 	-0.0144056 	-0.00087969 	-2.44828e-26
0.0397593 	-0.014334 	-0.00106208 	-1.84868e-26
0.040206 	-0.0142549 	-0.00124569 	-1.24413e-26
0.0406528 	-0.0141666 	-0.00143079 	-6.33514e-27
0.0410995 	-0.0140783 	-0.00161589 	-2.28981e-28
0.0415462 	-0.0139732 	-0.00180279 	0
0.041993 	-0.0138674 	-0.00198975 	0
0.0424397 	-0.0137527 	-0.00217696 	0
0.0428864 	-0.0136281 	-0.00236443 	0
0.0433332 	-0.0135036 	-0.0025519 	0
0.0437799 	-0.0133591 	-0.00273786 	-6.38698e-27
0.0442266 	-0.0132143 	-0.00292379 	-1.28548e-26
0.0446734 	-0.0130584 	-0.0031075 	-1.9286e-26
0.0451201 	-0.0128915 	-0.00328897 	-2.56805e-26
0.0455668 	-0.0127242 	-0.00347034 	-3.19142e-26
0.0460136 	-0.0125328 	-0.00364332 	-2.54464e-26
0.0464603 	-0.0123414 	-0.0038163 	-1.89786e-26
0.046907 	-0.0121357 	-0.00398199 	-1.25492e-26
0.0473538 	-0.0119171 	-0.0041411 	-6.15471e-27
0.0478005 	-0.0116974 	-0.00429943 	2.07924e-28
0.0482472 	-0.0114484 	-0.00443775 	5.75255e-27
0.048694 	-0.0111994 	-0.00457607 	1.12972e-26
0.0491407 	-0.0109318 	-0.00469825 	1.65487e-26
0.0495874 	-0.0106489 	-0.00480724 	2.15604e-26
0.0500342 	-0.0103638 	-0.00491376 	2.59123e-26
0.0504809 	-0.0100439 	-0.00498339 	2.03676e-26
0.0509276 	-0.00972402 	-0.00505302 	1.4823e-26
0.0513744 	-0.00938158 	-0.00509375 	1.4323e-26
0.0518211 	-0.00902246 	-0.00511314 	1.75515e-26
0.0522678 	-0.00865993 	-0.00512721 	2.10775e-26
0.0527146 	-0.00826176 	-0.0050859 	2.77051e-26
0.0531613 	-0.00786359 	-0.00504458 	3.43327e-26
0.053608 	-0.00744453 	-0.0049621 	3.20396e-26
0.0540548 	-0.00701156 	-0.00485216 	2.37994e-26
0.0545015 	-0.0065758 	-0.00473423 	1.57406e-26
0.0549482 	-0.00611814 	-0.00455315 	9.11296e-27
0.055395 	-0.00566047 	-0.00437208 	2.48535e-27
0.0558417 	-0.00519806 	-0.00415024 	0
0.0562884 	-0.00473281 	-0.00390394 	0
0.0567352 	-0.00426976 	-0.00365093 	0
0.0571819 	-0.0038205 	-0.0033558 	0
0.0576286 	-0.00337124 	-0.00306068 	0
0.0580754 	-0.00294991 	-0.00275096 	0
0.0585221 	-0.00254362 	-0.0024334 	0
0.0589688 	-0.00214831 	-0.0021174 	-2.68862e-29
0.0594156 	-0.00180963 	-0.00180953 	-1.9234e-28
0.0598623 	-0.00147095 	-0.00150165 	-3.57793e-28
0.060309 	-0.00118839 	-0.00122084 	-5.24416e-28
0.0607558 	-0.000932863 	-0.000953055 	-6.91601e-28
0.0612025 	-0.000693302 	-0.000696777 	-7.96417e-28
0.0616492 	-0.000522938 	-0.000490348 	-6.30963e-28
0.062096 	-0.000352573 	-0.000283919 	-4.6551e-28
0.0625427 	-0.000234377 	-0.000126837 	-2.98844e-28
0.0629894 	-0.000138537 	9.09611e-06 	-1.31659e-28
0.0634362 	-5.47312e-05 	0.000130032 	0
0.0638829 	-1.55187e-05 	0.000195388 	0
0.0643296 	2.36937e-05 	0.000260744 	0
0.0647764 	3.6173e-05 	0.000277444 	0
0.0652231 	3.85121e-05 	0.000275686 	0
0.0656698 	3.76745e-05 	0.000260059 	-4.85733e-29
0.0661166 	2.66375e-05 	0.000199902 	-2.53092e-28
0.0665633 	1.56006e-05 	0.000139744 	-4.57611e-28
0.0670101 	8.84338e-06 	8.97789e-05 	-5.09139e-28
0.0674568 	3.51272e-06 	4.32108e-05 	-5.09669e-28
0.0679035 	-3.94763e-07 	7.92804e-06 	-4.56374e-28
0.0683503 	-3.03814e-07 	4.35194e-06 	-2.51855e-28
0.068797 	-2.12865e-07 	7.7585e-07 	-4.7336e-29
0.0692437 	-2.12452e-07 	-2.97821e-08 	-9.08235e-31
0.0696905 	-2.38324e-07 	-3.10858e-08 	-3.77879e-31
0.0701372 	-2.56758e-07 	-3.24868e-08 	0
0.0705839 	-2.56757e-07 	-3.41294e-08 	0
0.0710307 	-2.56756e-07 	-3.5772e-08 	0
0.0714774 	-2.56151e-07 	-3.78773e-08 	-4.3319e-30
0.0719241 	-2.55395e-07 	-4.00982e-08 	-9.74677e-30
0.0723709 	-2.54394e-07 	-4.24957e-08 	-1.55003e-29
0.0728176 	-2.52857e-07 	-4.52815e-08 	-2.19989e-29
0.0732643 	-2.51319e-07 	-4.80674e-08 	-2.84975e-29
0.0737111 	-2.49133e-07 	-5.12799e-08 	-2.51675e-29
0.0741578 	-2.46809e-07 	-5.45829e-08 	-1.97526e-29
0.0746045 	-2.44221e-07 	-5.80426e-08 	-1.3972e-29
0.0750513 	-2.41114e-07 	-6.18099e-08 	-7.4734e-30
0.075498 	-2.38008e-07 	-6.55771e-08 	-9.74791e-31
0.0759447 	-2.34238e-07 	-6.97032e-08 	0
0.0763915 	-2.30352e-07 	-7.38925e-08 	0
0.0768382 	-2.26183e-07 	-7.82257e-08 	0
0.0772849 	-2.21519e-07 	-8.28121e-08 	0
0.0777317 	-2.16855e-07 	-8.73984e-08 	0
0.0781784 	-2.11509e-07 	-9.23276e-08 	0
0.0786251 	-2.06067e-07 	-9.73058e-08 	0
0.0790719 	-2.00322e-07 	-1.02442e-07 	0
0.0795186 	-1.941e-07 	-1.07827e-07 	0
0.0799653 	-1.87877e-07 	-1.13212e-07 	0
0.0804121 	-1.80953e-07 	-1.18995e-07 	0
0.0808588 	-1.7395e-07 	-1.24823e-07 	0
0.0813055 	-1.66627e-07 	-1.30857e-07 	0
0.0817523 	-1.58848e-07 	-1.37185e-07 	0
0.082199 	-1.51069e-07 	-1.43513e-07 	0
0.0826457 	-1.42583e-07 	-1.50376e-07 	0
0.0830925 	-1.34041e-07 	-1.57283e-07 	0
0.0835392 	-1.25177e-07 	-1.64487e-07 	0
0.0839859 	-1.15901e-07 	-1.72074e-07 	0
0.0844327 	-1.06625e-07 	-1.7966e-07 	0
0.0848794 	-9.67056e-08 	-1.88007e-07 	0
0.0853261 	-8.67523e-08 	-1.96393e-07 	0
0.0857729 	-7.65299e-08 	-2.0521e-07 	0
0.0862196 	-6.59945e-08 	-2.14528e-07 	0
0.0866663 	-5.54592e-08 	-2.23846e-07 	0
0.0871131 	-4.44958e-08 	-2.34191e-07 	0
0.0875598 	-3.35214e-08 	-2.44562e-07 	0
0.0880065 	-2.24297e-08 	-2.00907e-07 	0
0.0884533 	-1.12149e-08 	-1.00453e-07 	0
0.0889 	-3.52169e-22 	-3.70437e-21 	0
