0 	0 	0 	0
0.000446734 	1.53039e-07 	0.000278199 	-8.33937e-27
0.000893467 	3.06077e-07 	0.000556398 	-1.66787e-26
0.0013402 	-2.90021e-06 	0.000713742 	-1.86307e-26
0.00178693 	-9.30194e-06 	0.000756125 	-1.45069e-26
0.00223367 	-1.5633e-05 	0.000795074 	-1.03808e-26
0.0026804 	-1.92062e-05 	0.000700119 	-6.16525e-27
0.00312714 	-2.27793e-05 	0.000605163 	-1.94969e-27
0.00357387 	-1.98232e-05 	0.000478633 	0
0.0040206 	-1.12488e-05 	0.000324935 	0
0.00446734 	-2.15256e-06 	0.000171263 	0
0.00491407 	1.68584e-05 	1.80782e-05 	0
0.0053608 	3.58693e-05 	-0.000135106 	0
0.00580754 	5.44561e-05 	-0.000263818 	0
0.00625427 	7.2713e-05 	-0.000373494 	0
0.00670101 	8.98401e-05 	-0.000478239 	-5.81146e-28
0.00714774 	9.30318e-05 	-0.000522164 	-8.32976e-27
0.00759447 	9.62236e-05 	-0.000566089 	-1.60784e-26
0.00804121 	8.38776e-05 	-0.000571967 	-2.3642e-26
0.00848794 	6.06222e-05 	-0.000551129 	-3.10757e-26
0.00893467 	3.4092e-05 	-0.000525473 	-3.69912e-26
0.00938141 	-2.19115e-05 	-0.000456445 	-2.92425e-26
0.00982814 	-7.7915e-05 	-0.000387417 	-2.14939e-26
0.0102749 	-0.000156015 	-0.000300568 	-1.39382e-26
0.0107216 	-0.000248095 	-0.000202445 	-6.50449e-27
0.0111683 	-0.00034512 	-0.000102239 	-3.83131e-28
0.0116151 	-0.000476766 	1.25517e-05 	-3.44817e-27
0.0120618 	-0.000608411 	0.000127342 	-6.51322e-27
0.0125085 	-0.00076848 	0.000250108 	-9.38372e-27
0.0129553 	-0.000944711 	0.000377408 	-1.21436e-26
0.013402 	-0.00112847 	0.000506709 	-1.40297e-26
0.0138487 	-0.00135488 	0.000647339 	-1.09647e-26
0.0142955 	-0.00158128 	0.000787969 	-7.89964e-27
0.0147422 	-0.00184351 	0.000938438 	-5.03677e-27
0.0151889 	-0.002124 	0.00109392 	-2.2769e-27
0.0156357 	-0.00241392 	0.00125185 	0
0.0160824 	-0.00274836 	0.00142134 	0
0.0165291 	-0.0030828 	0.00159083 	0
0.0169759 	-0.00345043 	0.00176682 	0
0.0174226 	-0.00383316 	0.00194577 	0
0.0178693 	-0.00422326 	0.00212502 	0
0.0183161 	-0.00464291 	0.00230549 	0
0.0187628 	-0.00506256 	0.00248595 	0
0.0192095 	-0.00549729 	0.00266038 	0
0.0196563 	-0.00593812 	0.00283238 	0
0.020103 	-0.00637968 	0.00300018 	0
0.0205497 	-0.00682381 	0.00315352 	0
0.0209965 	-0.00726794 	0.00330685 	0
0.0214432 	-0.00770166 	0.00344 	0
0.0218899 	-0.00813167 	0.00356596 	0
0.0223367 	-0.00855448 	0.00368358 	3.03992e-28
0.0227834 	-0.00895566 	0.00377617 	1.51996e-27
0.0232302 	-0.00935684 	0.00386877 	2.73593e-27
0.0236769 	-0.00972801 	0.00393384 	4.37335e-27
0.0241236 	-0.0100898 	0.00399033 	6.14205e-27
0.0245704 	-0.0104392 	0.004037 	7.08997e-27
0.0250171 	-0.0107559 	0.00405779 	5.874e-27
0.0254638 	-0.0110725 	0.00407858 	4.65803e-27
0.0259106 	-0.0113525 	0.00407353 	7.21644e-27
0.0263573 	-0.0116225 	0.00406151 	1.07933e-26
0.026804 	-0.0118792 	0.00404102 	1.50999e-26
0.0272508 	-0.0121047 	0.00400074 	2.1109e-26
0.0276975 	-0.0123302 	0.00396046 	2.71182e-26
0.0281442 	-0.012523 	0.00390151 	2.39016e-26
0.028591 	-0.0127082 	0.00383825 	1.8556e-26
0.0290377 	-0.0128822 	0.00376922 	1.29948e-26
0.0294844 	-0.0130326 	0.00368824 	6.98564e-27
0.0299312 	-0.0131831 	0.00360725 	9.76487e-28
0.0303779 	-0.013309 	0.00351537 	0
0.0308246 	-0.0134301 	0.00342136 	0
0.0312714 	-0.0135428 	0.00332416 	0
0.0317181 	-0.0136396 	0.00322101 	0
0.0321648 	-0.0137365 	0.00311786 	0
0.0326116 	-0.013816 	0.00300936 	1.32942e-26
0.0330583 	-0.0138926 	0.00290002 	2.87077e-26
0.033505 	-0.0139629 	0.00278914 	4.41462e-26
0.0339518 	-0.0140226 	0.0026757 	5.96262e-26
0.0343985 	-0.0140822 	0.00256226 	7.51063e-26
0.0348452 	-0.0141288 	0.0024464 	6.31682e-26
0.035292 	-0.0141737 	0.00233024 	4.77547e-26
0.0357387 	-0.0142133 	0.00221332 	3.23146e-26
0.0361854 	-0.0142451 	0.00209525 	1.68345e-26
0.0366322 	-0.0142768 	0.00197718 	1.3545e-27
0.0370789 	-0.0142974 	0.00185773 	-3.43371e-27
0.0375256 	-0.014317 	0.00173816 	-7.19669e-27
0.0379724 	-0.0143316 	0.00161798 	-1.09783e-26
0.0384191 	-0.0143397 	0.00149699 	-1.47853e-26
0.0388658 	-0.0143478 	0.001376 	-1.85922e-26
0.0393126 	-0.0143454 	0.00125358 	-1.53023e-26
0.0397593 	-0.0143423 	0.00113107 	-1.15394e-26
0.040206 	-0.0143343 	0.00100777 	-7.75661e-27
0.0406528 	-0.0143204 	0.000883487 	-3.94969e-27
0.0410995 	-0.0143064 	0.00075921 	-1.4276e-28
0.0415462 	-0.0142819 	0.000632913 	0
0.041993 	-0.014257 	0.000506539 	0
0.0424397 	-0.0142269 	0.000378994 	0
0.0428864 	-0.014191 	0.000250157 	0
0.0433332 	-0.0141551 	0.000121319 	0
0.0437799 	-0.0141082 	-1.03148e-05 	-4.28011e-27
0.0442266 	-0.0140611 	-0.000141984 	-8.6144e-27
0.0446734 	-0.0140082 	-0.000275241 	-1.30135e-26
0.0451201 	-0.0139495 	-0.000410084 	-1.74775e-26
0.0455668 	-0.0138907 	-0.00054497 	-2.18316e-26
0.0460136 	-0.01382 	-0.000683229 	-1.74973e-26
0.0464603 	-0.0137493 	-0.000821488 	-1.3163e-26
0.046907 	-0.0136719 	-0.000961575 	-8.7606e-27
0.0473538 	-0.0135885 	-0.00110332 	-4.2966e-27
0.0478005 	-0.0135046 	-0.00124518 	1.84232e-28
0.0482472 	-0.0134077 	-0.00139024 	5.09709e-27
0.048694 	-0.0133109 	-0.00153529 	1.00099e-26
0.0491407 	-0.0132061 	-0.00168191 	1.50011e-26
0.0495874 	-0.0130949 	-0.0018298 	2.00563e-26
0.0500342 	-0.0129828 	-0.00197782 	2.44886e-26
0.0504809 	-0.0128563 	-0.00212771 	1.95757e-26
0.0509276 	-0.0127298 	-0.00227759 	1.46629e-26
0.0513744 	-0.0125938 	-0.00242785 	1.60199e-26
0.0518211 	-0.0124508 	-0.00257838 	2.20113e-26
0.0522678 	-0.0123063 	-0.0027288 	2.84539e-26
0.0527146 	-0.0121457 	-0.00287805 	3.96027e-26
0.0531613 	-0.011985 	-0.0030273 	5.07514e-26
0.053608 	-0.011813 	-0.0031742 	4.8583e-26
0.0540548 	-0.0116333 	-0.00331953 	3.75364e-26
0.0545015 	-0.0114514 	-0.00346402 	2.64783e-26
0.0549482 	-0.0112513 	-0.00360193 	1.53295e-26
0.055395 	-0.0110512 	-0.00373985 	4.18078e-27
0.0558417 	-0.0108373 	-0.00387032 	0
0.0562884 	-0.0106151 	-0.00399634 	0
0.0567352 	-0.0103897 	-0.00411994 	0
0.0571819 	-0.0101438 	-0.00422846 	0
0.0576286 	-0.00989786 	-0.00433697 	0
0.0580754 	-0.00963538 	-0.00442969 	0
0.0585221 	-0.00936399 	-0.0045139 	0
0.0589688 	-0.0090882 	-0.00459288 	-1.21722e-27
0.0594156 	-0.00878977 	-0.00464486 	-8.70781e-27
0.0598623 	-0.00849134 	-0.00469684 	-1.61984e-26
0.060309 	-0.00817405 	-0.00472117 	-2.28905e-26
0.0607558 	-0.0078477 	-0.0047322 	-2.91982e-26
0.0612025 	-0.00751622 	-0.00473391 	-3.29186e-26
0.0616492 	-0.00716254 	-0.00469529 	-2.5428e-26
0.062096 	-0.00680887 	-0.00465666 	-1.79374e-26
0.0625427 	-0.0064384 	-0.00457828 	-1.12749e-26
0.0629894 	-0.00606072 	-0.00448285 	-4.96727e-27
0.0634362 	-0.00567952 	-0.00437464 	0
0.0638829 	-0.00528527 	-0.00421903 	0
0.0643296 	-0.00489102 	-0.00406341 	0
0.0647764 	-0.00449392 	-0.00386637 	0
0.0652231 	-0.00409574 	-0.0036536 	0
0.0656698 	-0.00370086 	-0.00343005 	-1.0512e-28
0.0661166 	-0.00331661 	-0.00317183 	-5.47732e-28
0.0665633 	-0.00293237 	-0.00291361 	-9.90343e-28
0.0670101 	-0.00257443 	-0.00263689 	-1.27813e-27
0.0674568 	-0.00222527 	-0.002354 	-1.51432e-27
0.0679035 	-0.00189064 	-0.00207179 	-1.57232e-27
0.0683503 	-0.00159681 	-0.00179148 	-1.12971e-27
0.068797 	-0.00130299 	-0.00151117 	-6.87097e-28
0.0692437 	-0.0010628 	-0.00125447 	-4.04466e-28
0.0696905 	-0.000838195 	-0.00100463 	-1.68282e-28
0.0701372 	-0.000634441 	-0.000769815 	0
0.0705839 	-0.000482371 	-0.000572252 	0
0.0710307 	-0.000330301 	-0.00037469 	0
0.0714774 	-0.000230216 	-0.000228417 	-1.69318e-28
0.0719241 	-0.000143127 	-9.4966e-05 	-3.80966e-28
0.0723709 	-7.1717e-05 	1.75356e-05 	-6.02422e-28
0.0728176 	-3.48007e-05 	8.39489e-05 	-8.45454e-28
0.0732643 	2.11561e-06 	0.000150362 	-1.08849e-27
0.0737111 	1.19383e-05 	0.000162964 	-9.56408e-28
0.0741578 	1.60139e-05 	0.000164151 	-7.44761e-28
0.0746045 	1.67234e-05 	0.000151061 	-5.2252e-28
0.0750513 	1.08251e-05 	0.000109945 	-2.79488e-28
0.075498 	4.92692e-06 	6.88291e-05 	-3.64549e-29
0.0759447 	2.52217e-06 	4.09903e-05 	0
0.0763915 	7.33902e-07 	1.54945e-05 	0
0.0768382 	-3.6702e-07 	-6.58222e-07 	0
0.0772849 	-2.59166e-07 	-3.79895e-07 	0
0.0777317 	-1.51311e-07 	-1.01567e-07 	0
0.0781784 	-1.53101e-07 	-7.31787e-08 	0
0.0786251 	-1.70555e-07 	-8.0496e-08 	0
0.0790719 	-1.80286e-07 	-8.80385e-08 	0
0.0795186 	-1.77811e-07 	-9.59367e-08 	0
0.0799653 	-1.75335e-07 	-1.03835e-07 	0
0.0804121 	-1.71314e-07 	-1.1244e-07 	0
0.0808588 	-1.67121e-07 	-1.21123e-07 	0
0.0813055 	-1.62265e-07 	-1.30197e-07 	0
0.0817523 	-1.56466e-07 	-1.39828e-07 	0
0.082199 	-1.50667e-07 	-1.49459e-07 	0
0.0826457 	-1.43491e-07 	-1.60099e-07 	0
0.0830925 	-1.36202e-07 	-1.70821e-07 	0
0.0835392 	-1.28317e-07 	-1.82087e-07 	0
0.0839859 	-1.19663e-07 	-1.94054e-07 	0
0.0844327 	-1.11009e-07 	-2.0602e-07 	0
0.0848794 	-1.01199e-07 	-2.19335e-07 	0
0.0853261 	-9.13278e-08 	-2.32721e-07 	0
0.0857729 	-8.09851e-08 	-2.46854e-07 	0
0.0862196 	-7.00941e-08 	-2.61856e-07 	0
0.0866663 	-5.92031e-08 	-2.76857e-07 	0
0.0871131 	-4.75787e-08 	-2.93615e-07 	0
0.0875598 	-3.59355e-08 	-3.10418e-07 	0
0.0880065 	-2.40952e-08 	-2.56507e-07 	0
0.0884533 	-1.20476e-08 	-1.28253e-07 	0
0.0889 	-3.80655e-22 	-4.76476e-21 	0
