0 	506.15 	-1.45625e-05
0.000446734 	506.126 	-1.47468e-05
0.000893467 	506.102 	-1.49318e-05
0.0013402 	506.078 	-1.54297e-05
0.00178693 	506.054 	-1.62323e-05
0.00223367 	506.03 	-1.70571e-05
0.0026804 	506.006 	-1.86449e-05
0.00312714 	505.983 	-2.02326e-05
0.00357387 	505.959 	-2.21551e-05
0.0040206 	505.936 	-2.43631e-05
0.00446734 	505.913 	-2.65966e-05
0.00491407 	505.891 	-2.93041e-05
0.0053608 	505.869 	-3.20116e-05
0.00580754 	505.848 	-3.49441e-05
0.00625427 	505.828 	-3.80493e-05
0.00670101 	505.808 	-4.11751e-05
0.00714774 	505.789 	-4.4534e-05
0.00759447 	505.771 	-4.78929e-05
0.00804121 	505.753 	-5.13144e-05
0.00848794 	505.737 	-5.47771e-05
0.00893467 	505.721 	-5.82385e-05
0.00938141 	505.706 	-6.16744e-05
0.00982814 	505.692 	-6.51103e-05
0.0102749 	505.679 	-6.84682e-05
0.0107216 	505.667 	-7.17752e-05
0.0111683 	505.655 	-7.50577e-05
0.0116151 	505.645 	-7.81626e-05
0.0120618 	505.635 	-8.12674e-05
0.0125085 	505.626 	-8.4213e-05
0.0129553 	505.618 	-8.70672e-05
0.013402 	505.61 	-8.98799e-05
0.0138487 	505.603 	-9.24557e-05
0.0142955 	505.597 	-9.50314e-05
0.0147422 	505.591 	-9.74156e-05
0.0151889 	505.586 	-9.97021e-05
0.0156357 	505.581 	-0.000101938
0.0160824 	505.578 	-0.000103938
0.0165291 	505.574 	-0.000105938
0.0169759 	505.571 	-0.000107749
0.0174226 	505.569 	-0.000109475
0.0178693 	505.566 	-0.00011115
0.0183161 	505.565 	-0.00011262
0.0187628 	505.563 	-0.000114091
0.0192095 	505.563 	-0.000115396
0.0196563 	505.562 	-0.000116635
0.020103 	505.561 	-0.000117826
0.0205497 	505.561 	-0.000118857
0.0209965 	505.561 	-0.000119887
0.0214432 	505.562 	-0.000120782
0.0218899 	505.562 	-0.000121629
0.0223367 	505.563 	-0.000122435
0.0227834 	505.564 	-0.000123121
0.0232302 	505.565 	-0.000123806
0.0236769 	505.567 	-0.000124384
0.0241236 	505.568 	-0.000124928
0.0245704 	505.569 	-0.000125438
0.0250171 	505.571 	-0.000125859
0.0254638 	505.573 	-0.00012628
0.0259106 	505.575 	-0.000126614
0.0263573 	505.577 	-0.000126926
0.026804 	505.579 	-0.000127207
0.0272508 	505.581 	-0.00012742
0.0276975 	505.583 	-0.000127633
0.0281442 	505.585 	-0.000127773
0.028591 	505.587 	-0.000127895
0.0290377 	505.59 	-0.00012799
0.0294844 	505.592 	-0.000128026
0.0299312 	505.594 	-0.000128062
0.0303779 	505.596 	-0.000128027
0.0308246 	505.599 	-0.000127979
0.0312714 	505.601 	-0.0001279
0.0317181 	505.603 	-0.000127764
0.0321648 	505.605 	-0.000127628
0.0326116 	505.607 	-0.000127412
0.0330583 	505.609 	-0.000127183
0.033505 	505.611 	-0.000126917
0.0339518 	505.613 	-0.000126587
0.0343985 	505.615 	-0.000126257
0.0348452 	505.617 	-0.000125826
0.035292 	505.619 	-0.000125382
0.0357387 	505.62 	-0.000124887
0.0361854 	505.622 	-0.000124314
0.0366322 	505.623 	-0.000123741
0.0370789 	505.624 	-0.000123033
0.0375256 	505.625 	-0.000122313
0.0379724 	505.626 	-0.00012152
0.0384191 	505.627 	-0.00012063
0.0388658 	505.627 	-0.00011974
0.0393126 	505.627 	-0.00011867
0.0397593 	505.627 	-0.000117586
0.040206 	505.627 	-0.000116405
0.0406528 	505.626 	-0.000115104
0.0410995 	505.626 	-0.000113802
0.0415462 	505.624 	-0.000112267
0.041993 	505.623 	-0.000110721
0.0424397 	505.621 	-0.000109049
0.0428864 	505.618 	-0.000107236
0.0433332 	505.616 	-0.00010542
0.0437799 	505.612 	-0.000103326
0.0442266 	505.609 	-0.000101225
0.0446734 	505.605 	-9.89734e-05
0.0451201 	505.6 	-9.6571e-05
0.0455668 	505.595 	-9.41625e-05
0.0460136 	505.589 	-9.1458e-05
0.0464603 	505.582 	-8.87509e-05
0.046907 	505.575 	-8.58893e-05
0.0473538 	505.567 	-8.28874e-05
0.0478005 	505.559 	-7.98758e-05
0.0482472 	505.55 	-7.66069e-05
0.048694 	505.54 	-7.3338e-05
0.0491407 	505.529 	-6.99498e-05
0.0495874 	505.517 	-6.64637e-05
0.0500342 	505.505 	-6.29689e-05
0.0504809 	505.491 	-5.93425e-05
0.0509276 	505.478 	-5.57161e-05
0.0513744 	505.463 	-5.20705e-05
0.0518211 	505.447 	-4.84107e-05
0.0522678 	505.43 	-4.47595e-05
0.0527146 	505.412 	-4.11995e-05
0.0531613 	505.394 	-3.76395e-05
0.053608 	505.375 	-3.42352e-05
0.0540548 	505.355 	-3.09355e-05
0.0545015 	505.335 	-2.76837e-05
0.0549482 	505.313 	-2.48251e-05
0.055395 	505.291 	-2.19664e-05
0.0558417 	505.269 	-1.94585e-05
0.0562884 	505.246 	-1.71655e-05
0.0567352 	505.223 	-1.49432e-05
0.0571819 	505.199 	-1.31949e-05
0.0576286 	505.174 	-1.14466e-05
0.0580754 	505.15 	-1.00929e-05
0.0585221 	505.125 	-8.98335e-06
0.0589688 	505.1 	-8.242e-06
0.0594156 	505.072 	-9.93769e-06
0.0598623 	505.044 	-1.16334e-05
0.060309 	505.008 	-1.36068e-05
0.0607558 	504.97 	-1.56889e-05
0.0612025 	504.93 	-1.70878e-05
0.0616492 	504.883 	-1.53471e-05
0.062096 	504.837 	-1.36064e-05
0.0625427 	504.791 	-1.10442e-05
0.0629894 	504.745 	-8.09147e-06
0.0634362 	504.699 	-5.3609e-06
0.0638829 	504.653 	-3.3223e-06
0.0643296 	504.607 	-1.28371e-06
0.0647764 	504.562 	3.64411e-07
0.0652231 	504.516 	1.87548e-06
0.0656698 	504.471 	3.30764e-06
0.0661166 	504.425 	4.49168e-06
0.0665633 	504.38 	5.67571e-06
0.0670101 	504.335 	6.69605e-06
0.0674568 	504.29 	7.66031e-06
0.0679035 	504.245 	8.58493e-06
0.0683503 	504.2 	9.39071e-06
0.068797 	504.154 	1.01965e-05
0.0692437 	504.109 	1.09109e-05
0.0696905 	504.064 	1.1596e-05
0.0701372 	504.02 	1.22557e-05
0.0705839 	503.975 	1.2845e-05
0.0710307 	503.93 	1.34342e-05
0.0714774 	503.885 	1.39629e-05
0.0719241 	503.84 	1.44738e-05
0.0723709 	503.795 	1.49662e-05
0.0728176 	503.751 	1.54116e-05
0.0732643 	503.706 	1.58569e-05
0.0737111 	503.661 	1.62581e-05
0.0741578 	503.616 	1.66476e-05
0.0746045 	503.572 	1.70226e-05
0.0750513 	503.527 	1.73639e-05
0.075498 	503.482 	1.77053e-05
0.0759447 	503.438 	1.80123e-05
0.0763915 	503.393 	1.83114e-05
0.0768382 	503.349 	1.85984e-05
0.0772849 	503.304 	1.88601e-05
0.0777317 	503.26 	1.91219e-05
0.0781784 	503.215 	1.93556e-05
0.0786251 	503.171 	1.95839e-05
0.0790719 	503.126 	1.98015e-05
0.0795186 	503.082 	1.99995e-05
0.0799653 	503.037 	2.01974e-05
0.0804121 	502.993 	2.03714e-05
0.0808588 	502.948 	2.05416e-05
0.0813055 	502.904 	2.0702e-05
0.0817523 	502.86 	2.08465e-05
0.082199 	502.815 	2.09909e-05
0.0826457 	502.771 	2.11137e-05
0.0830925 	502.726 	2.1234e-05
0.0835392 	502.682 	2.13448e-05
0.0839859 	502.638 	2.14421e-05
0.0844327 	502.593 	2.15394e-05
0.0848794 	502.549 	2.16162e-05
0.0853261 	502.505 	2.16914e-05
0.0857729 	502.46 	2.17569e-05
0.0862196 	502.416 	2.18105e-05
0.0866663 	502.372 	2.18641e-05
0.0871131 	502.327 	2.1897e-05
0.0875598 	502.283 	2.19292e-05
0.0880065 	502.239 	2.19511e-05
0.0884533 	502.194 	2.19619e-05
0.0889 	502.15 	2.19727e-05
