0 	0 	0 	0
0.000446734 	-9.39923e-06 	0.000338378 	-6.68249e-27
0.000893467 	-1.87985e-05 	0.000676757 	-1.3365e-26
0.0013402 	-3.50052e-05 	0.000867999 	-1.49276e-26
0.00178693 	-5.76874e-05 	0.000919283 	-1.162e-26
0.00223367 	-8.02674e-05 	0.000966577 	-8.31081e-27
0.0026804 	-9.88628e-05 	0.000858211 	-4.93586e-27
0.00312714 	-0.000117458 	0.000749845 	-1.56091e-27
0.00357387 	-0.000126907 	0.000608672 	0
0.0040206 	-0.000128484 	0.000439268 	0
0.00446734 	-0.000129353 	0.000270244 	0
0.00491407 	-0.000116746 	0.000108415 	0
0.0053608 	-0.000104139 	-5.34146e-05 	0
0.00580754 	-9.08174e-05 	-0.000187686 	0
0.00625427 	-7.69392e-05 	-0.000300524 	0
0.00670101 	-6.38926e-05 	-0.000408744 	-4.59169e-28
0.00714774 	-6.11029e-05 	-0.000460026 	-6.58142e-27
0.00759447 	-5.83132e-05 	-0.000511307 	-1.27037e-26
0.00804121 	-6.55466e-05 	-0.000532765 	-1.86014e-26
0.00848794 	-7.98176e-05 	-0.000533284 	-2.43414e-26
0.00893467 	-9.58075e-05 	-0.000530763 	-2.88953e-26
0.00938141 	-0.000127267 	-0.000500886 	-2.2773e-26
0.00982814 	-0.000158727 	-0.000471008 	-1.66508e-26
0.0102749 	-0.000199024 	-0.000433719 	-1.07626e-26
0.0107216 	-0.00024491 	-0.00039174 	-5.02255e-27
0.0111683 	-0.000292178 	-0.00034973 	-2.88086e-28
0.0116151 	-0.000349116 	-0.000307502 	-2.59278e-27
0.0120618 	-0.000406053 	-0.000265273 	-4.89747e-27
0.0125085 	-0.000468038 	-0.000226752 	-7.07829e-27
0.0129553 	-0.000532893 	-0.000190339 	-9.18867e-27
0.013402 	-0.000598492 	-0.000155161 	-1.06368e-26
0.0138487 	-0.00066831 	-0.000126985 	-8.3321e-27
0.0142955 	-0.000738128 	-9.88095e-05 	-6.02741e-27
0.0147422 	-0.000809196 	-7.6496e-05 	-3.85145e-27
0.0151889 	-0.0008809 	-5.71692e-05 	-1.74107e-27
0.0156357 	-0.000952349 	-3.93648e-05 	0
0.0160824 	-0.00102259 	-2.87381e-05 	0
0.0165291 	-0.00109283 	-1.81113e-05 	0
0.0169759 	-0.00115959 	-1.3106e-05 	0
0.0174226 	-0.00122477 	-1.0656e-05 	0
0.0178693 	-0.00128821 	-9.6742e-06 	0
0.0183161 	-0.00134468 	-1.45652e-05 	0
0.0187628 	-0.00140115 	-1.94562e-05 	0
0.0192095 	-0.00144896 	-2.87225e-05 	0
0.0196563 	-0.00149326 	-3.97544e-05 	0
0.020103 	-0.00153415 	-5.18021e-05 	0
0.0205497 	-0.00156328 	-6.73492e-05 	0
0.0209965 	-0.00159241 	-8.28963e-05 	0
0.0214432 	-0.00160863 	-0.000100261 	0
0.0218899 	-0.00162025 	-0.000118273 	0
0.0223367 	-0.00162714 	-0.000136324 	-2.51072e-28
0.0227834 	-0.00161983 	-0.000154493 	-1.25536e-27
0.0232302 	-0.00161252 	-0.000172661 	-2.25965e-27
0.0236769 	-0.00159046 	-0.000189175 	-3.20267e-27
0.0241236 	-0.00156381 	-0.000205173 	-4.1266e-27
0.0245704 	-0.00153203 	-0.000219966 	-4.52027e-27
0.0250171 	-0.00148672 	-0.000231582 	-3.51598e-27
0.0254638 	-0.00144141 	-0.000243199 	-2.51169e-27
0.0259106 	-0.0013828 	-0.000249834 	-2.80623e-27
0.0263573 	-0.00132059 	-0.000255125 	-3.45125e-27
0.026804 	-0.00125418 	-0.000258082 	-4.33548e-27
0.0272508 	-0.00117796 	-0.000255591 	-5.77791e-27
0.0276975 	-0.00110174 	-0.000253101 	-7.22033e-27
0.0281442 	-0.00101728 	-0.000243667 	-6.21601e-27
0.028591 	-0.000930926 	-0.000232631 	-4.64707e-27
0.0290377 	-0.000842791 	-0.000218844 	-3.11924e-27
0.0294844 	-0.000750969 	-0.000199343 	-1.67682e-27
0.0299312 	-0.000659148 	-0.000179842 	-2.34394e-28
0.0303779 	-0.000567064 	-0.000154089 	0
0.0308246 	-0.00047493 	-0.000127122 	0
0.0312714 	-0.000384509 	-9.82021e-05 	0
0.0317181 	-0.00029727 	-6.56562e-05 	0
0.0321648 	-0.00021003 	-3.31104e-05 	0
0.0326116 	-0.000131143 	1.96747e-06 	-1.38314e-27
0.0330583 	-5.35864e-05 	3.74489e-05 	-2.98678e-27
0.033505 	1.8867e-05 	7.2833e-05 	-4.50025e-27
0.0339518 	8.28154e-05 	0.000108055 	-5.86344e-27
0.0343985 	0.000146764 	0.000143276 	-7.22663e-27
0.0348452 	0.00019621 	0.000175115 	-5.95675e-27
0.035292 	0.000243817 	0.000206525 	-4.35311e-27
0.0357387 	0.000284316 	0.00023493 	-2.84565e-27
0.0361854 	0.00031415 	0.000258829 	-1.48247e-27
0.0366322 	0.000343984 	0.000282728 	-1.19279e-28
0.0370789 	0.00035751 	0.000296579 	1.79827e-28
0.0375256 	0.000369472 	0.000309467 	3.76898e-28
0.0379724 	0.000374329 	0.000316489 	5.59226e-28
0.0384191 	0.000369575 	0.000315577 	7.21611e-28
0.0388658 	0.000364821 	0.000314665 	8.83995e-28
0.0393126 	0.000346466 	0.0002996 	7.09391e-28
0.0397593 	0.000327205 	0.000283591 	5.1232e-28
0.040206 	0.000302867 	0.000261452 	3.30858e-28
0.0406528 	0.000272324 	0.000231819 	1.68474e-28
0.0410995 	0.000241781 	0.000202187 	6.08941e-30
0.0415462 	0.000204452 	0.000165185 	0
0.041993 	0.000166858 	0.000127895 	0
0.0424397 	0.000128526 	9.26366e-05 	0
0.0428864 	8.93761e-05 	5.96223e-05 	0
0.0433332 	5.02265e-05 	2.6608e-05 	0
0.0437799 	3.03429e-05 	1.42943e-05 	6.80255e-31
0.0442266 	1.07033e-05 	2.24265e-06 	1.36912e-30
0.0446734 	6.60217e-07 	-3.02512e-06 	-2.04916e-31
0.0451201 	2.13756e-07 	-1.50902e-06 	-4.04186e-30
0.0455668 	-2.27165e-07 	-1.15952e-08 	-7.83944e-30
0.0460136 	-2.30432e-07 	1.04805e-08 	-8.52831e-30
0.0464603 	-2.33699e-07 	3.25562e-08 	-9.21718e-30
0.046907 	-2.43858e-07 	3.97906e-08 	-7.52999e-30
0.0473538 	-2.60253e-07 	3.3597e-08 	-3.69305e-30
0.0478005 	-2.76039e-07 	2.75373e-08 	1.41824e-31
0.0482472 	-2.76205e-07 	2.49137e-08 	3.9238e-30
0.048694 	-2.76371e-07 	2.22902e-08 	7.70578e-30
0.0491407 	-2.76799e-07 	2.03492e-08 	1.1754e-29
0.0495874 	-2.77443e-07 	1.89667e-08 	1.602e-29
0.0500342 	-2.78098e-07 	1.76083e-08 	1.9783e-29
0.0504809 	-2.78922e-07 	1.66106e-08 	1.60011e-29
0.0509276 	-2.79746e-07 	1.5613e-08 	1.22191e-29
0.0513744 	-2.8058e-07 	1.46481e-08 	1.42904e-29
0.0518211 	-2.81419e-07 	1.37075e-08 	2.0688e-29
0.0522678 	-2.82251e-07 	1.27612e-08 	2.755e-29
0.0527146 	-2.83005e-07 	1.17552e-08 	3.92536e-29
0.0531613 	-2.83759e-07 	1.07492e-08 	5.09572e-29
0.053608 	-2.84422e-07 	9.68094e-09 	4.92405e-29
0.0540548 	-2.85025e-07 	8.5711e-09 	3.85768e-29
0.0545015 	-2.85606e-07 	7.44917e-09 	2.77961e-29
0.0549482 	-2.86014e-07 	6.23192e-09 	1.60925e-29
0.055395 	-2.86422e-07 	5.01468e-09 	4.38886e-30
0.0558417 	-2.86691e-07 	3.73684e-09 	0
0.0562884 	-2.86875e-07 	2.42265e-09 	0
0.0567352 	-2.87027e-07 	1.0972e-09 	0
0.0571819 	-2.86968e-07 	-2.98854e-10 	0
0.0576286 	-2.8691e-07 	-1.69491e-09 	0
0.0580754 	-2.86686e-07 	-3.13411e-09 	0
0.0585221 	-2.86373e-07 	-4.59654e-09 	0
0.0589688 	-2.86016e-07 	-6.06748e-09 	-2.9141e-30
0.0594156 	-2.8544e-07 	-7.58232e-09 	-2.0847e-29
0.0598623 	-2.84864e-07 	-9.09717e-09 	-3.878e-29
0.060309 	-2.84108e-07 	-1.06396e-08 	-5.74183e-29
0.0607558 	-2.83265e-07 	-1.21952e-08 	-7.63962e-29
0.0612025 	-2.82371e-07 	-1.37568e-08 	-8.84533e-29
0.0616492 	-2.8126e-07 	-1.53443e-08 	-7.05204e-29
0.062096 	-2.80148e-07 	-1.69318e-08 	-5.25874e-29
0.0625427 	-2.78848e-07 	-1.85371e-08 	-3.3923e-29
0.0629894 	-2.77467e-07 	-2.01501e-08 	-1.49451e-29
0.0634362 	-2.76029e-07 	-2.17677e-08 	0
0.0638829 	-2.7438e-07 	-2.34024e-08 	0
0.0643296 	-2.7273e-07 	-2.5037e-08 	0
0.0647764 	-2.70886e-07 	-2.66863e-08 	0
0.0652231 	-2.68968e-07 	-2.83412e-08 	0
0.0656698 	-2.66987e-07 	-3.00009e-08 	-2.88326e-30
0.0661166 	-2.64802e-07 	-3.16766e-08 	-1.50233e-29
0.0665633 	-2.62616e-07 	-3.33522e-08 	-2.71633e-29
0.0670101 	-2.6023e-07 	-3.50455e-08 	-3.97055e-29
0.0674568 	-2.57777e-07 	-3.67445e-08 	-5.23818e-29
0.0679035 	-2.55253e-07 	-3.84509e-08 	-5.85438e-29
0.0683503 	-2.52532e-07 	-4.01778e-08 	-4.64038e-29
0.068797 	-2.4981e-07 	-4.19047e-08 	-3.42638e-29
0.0692437 	-2.46879e-07 	-4.36578e-08 	-2.17082e-29
0.0696905 	-2.43887e-07 	-4.54186e-08 	-9.03186e-30
0.0701372 	-2.40817e-07 	-4.71914e-08 	0
0.0705839 	-2.37553e-07 	-4.8994e-08 	0
0.0710307 	-2.34288e-07 	-5.07965e-08 	0
0.0714774 	-2.30802e-07 	-5.26399e-08 	-1.18517e-29
0.0719241 	-2.27261e-07 	-5.44936e-08 	-2.66664e-29
0.0723709 	-2.23631e-07 	-5.63668e-08 	-4.16455e-29
0.0728176 	-2.19808e-07 	-5.82828e-08 	-5.69865e-29
0.0732643 	-2.15985e-07 	-6.01989e-08 	-7.23274e-29
0.0737111 	-2.11923e-07 	-6.21773e-08 	-6.279e-29
0.0741578 	-2.07812e-07 	-6.4169e-08 	-4.79753e-29
0.0746045 	-2.036e-07 	-6.61913e-08 	-3.2983e-29
0.0750513 	-1.99193e-07 	-6.82739e-08 	-1.76421e-29
0.075498 	-1.94785e-07 	-7.03566e-08 	-2.30114e-30
0.0759447 	-1.90118e-07 	-7.25319e-08 	0
0.0763915 	-1.85406e-07 	-7.47236e-08 	0
0.0768382 	-1.80579e-07 	-7.69625e-08 	0
0.0772849 	-1.75552e-07 	-7.92844e-08 	0
0.0777317 	-1.70525e-07 	-8.16064e-08 	0
0.0781784 	-1.65213e-07 	-8.40644e-08 	0
0.0786251 	-1.59861e-07 	-8.65418e-08 	0
0.0790719 	-1.54378e-07 	-8.9091e-08 	0
0.0795186 	-1.4869e-07 	-9.17537e-08 	0
0.0799653 	-1.43002e-07 	-9.44165e-08 	0
0.0804121 	-1.37003e-07 	-9.72783e-08 	0
0.0808588 	-1.3097e-07 	-1.00162e-07 	0
0.0813055 	-1.24792e-07 	-1.03155e-07 	0
0.0817523 	-1.18407e-07 	-1.06303e-07 	0
0.082199 	-1.12022e-07 	-1.09451e-07 	0
0.0826457 	-1.05311e-07 	-1.12891e-07 	0
0.0830925 	-9.85725e-08 	-1.16354e-07 	0
0.0835392 	-9.16832e-08 	-1.19981e-07 	0
0.0839859 	-8.45995e-08 	-1.2382e-07 	0
0.0844327 	-7.75159e-08 	-1.27658e-07 	0
0.0848794 	-7.01246e-08 	-1.31917e-07 	0
0.0853261 	-6.27172e-08 	-1.36199e-07 	0
0.0857729 	-5.51796e-08 	-1.4072e-07 	0
0.0862196 	-4.74906e-08 	-1.45517e-07 	0
0.0866663 	-3.98017e-08 	-1.50315e-07 	0
0.0871131 	-3.19041e-08 	-1.5568e-07 	0
0.0875598 	-2.40011e-08 	-1.6106e-07 	0
0.0880065 	-1.60409e-08 	-1.31712e-07 	0
0.0884533 	-8.02043e-09 	-6.5856e-08 	0
0.0889 	-2.51215e-22 	-2.41609e-21 	0
