0 	0 	0 	0
0.000446734 	0.000128338 	0.00294597 	-9.97678e-26
0.000893467 	0.000256224 	0.00587146 	-1.96297e-25
0.0013402 	0.000343222 	0.00808254 	-2.13523e-25
0.00178693 	0.000392149 	0.00962573 	-1.59306e-25
0.00223367 	0.000437441 	0.0111386 	-1.03245e-25
0.0026804 	0.000416679 	0.0118706 	-6.09328e-26
0.00312714 	0.000395916 	0.0126026 	-1.8621e-26
0.00357387 	0.000365697 	0.0131659 	-1.49101e-26
0.0040206 	0.000329287 	0.0135898 	-4.38567e-26
0.00446734 	0.000292286 	0.0140051 	-7.47712e-26
0.00491407 	0.000257167 	0.0142597 	-1.10152e-25
0.0053608 	0.000222047 	0.0145142 	-1.45532e-25
0.00580754 	0.000188359 	0.0146811 	-1.48815e-25
0.00625427 	0.00015666 	0.0147798 	-1.28324e-25
0.00670101 	0.00012479 	0.0148678 	-1.05216e-25
0.00714774 	9.59818e-05 	0.0148259 	-6.98361e-26
0.00759447 	6.7174e-05 	0.014784 	-3.44558e-26
0.00804121 	3.98172e-05 	0.0146751 	-1.58761e-26
0.00848794 	1.39689e-05 	0.0145196 	-7.42053e-27
0.00893467 	-1.17424e-05 	0.0143554 	0
0.00938141 	-3.42839e-05 	0.0141146 	0
0.00982814 	-5.68254e-05 	0.0138739 	0
0.0102749 	-7.7294e-05 	0.0135955 	0
0.0107216 	-9.62693e-05 	0.0132936 	0
0.0111683 	-0.000114832 	0.0129864 	0
0.0116151 	-0.000130183 	0.0126426 	0
0.0120618 	-0.000145535 	0.0122989 	0
0.0125085 	-0.000158639 	0.0119385 	0
0.0129553 	-0.000170496 	0.0115686 	0
0.013402 	-0.000181797 	0.0111968 	0
0.0138487 	-0.000190405 	0.0108139 	0
0.0142955 	-0.000199013 	0.0104309 	0
0.0147422 	-0.000205566 	0.0100463 	0
0.0151889 	-0.000211234 	0.00966094 	0
0.0156357 	-0.000216308 	0.00927659 	0
0.0160824 	-0.000219375 	0.0088973 	0
0.0165291 	-0.000222441 	0.00851801 	0
0.0169759 	-0.000223799 	0.00814749 	0
0.0174226 	-0.000224616 	0.00778098 	0
0.0178693 	-0.000224874 	0.00741801 	0
0.0183161 	-0.00022379 	0.00706926 	0
0.0187628 	-0.000222705 	0.00672051 	0
0.0192095 	-0.000220317 	0.00638693 	0
0.0196563 	-0.000217666 	0.00605945 	0
0.020103 	-0.000214541 	0.00573728 	0
0.0205497 	-0.000210638 	0.00543332 	0
0.0209965 	-0.000206734 	0.00512936 	0
0.0214432 	-0.000201927 	0.0048436 	0
0.0218899 	-0.000197058 	0.00456429 	0
0.0223367 	-0.000191825 	0.00429123 	0
0.0227834 	-0.000186246 	0.00403681 	0
0.0232302 	-0.000180666 	0.00378239 	0
0.0236769 	-0.000174536 	0.00354656 	0
0.0241236 	-0.000168469 	0.00331649 	0
0.0245704 	-0.000162151 	0.00309282 	0
0.0250171 	-0.000155783 	0.00288593 	0
0.0254638 	-0.000149414 	0.00267903 	0
0.0259106 	-0.000142776 	0.0024891 	0
0.0263573 	-0.00013626 	0.0023037 	0
0.026804 	-0.000129598 	0.00212416 	0
0.0272508 	-0.000123053 	0.00195817 	0
0.0276975 	-0.000116509 	0.00179218 	0
0.0281442 	-0.000109895 	0.00164002 	0
0.028591 	-0.000103412 	0.00149103 	0
0.0290377 	-9.68696e-05 	0.00134671 	0
0.0294844 	-9.05102e-05 	0.00121204 	0
0.0299312 	-8.41508e-05 	0.00107736 	0
0.0303779 	-7.78489e-05 	0.000952328 	0
0.0308246 	-7.16532e-05 	0.00082913 	0
0.0312714 	-6.54648e-05 	0.000708936 	0
0.0317181 	-5.94563e-05 	0.000594235 	0
0.0321648 	-5.34478e-05 	0.000479533 	0
0.0326116 	-4.75664e-05 	0.000369546 	0
0.0330583 	-4.17472e-05 	0.000260275 	0
0.033505 	-3.59827e-05 	0.000151904 	0
0.0339518 	-3.03463e-05 	4.49515e-05 	0
0.0343985 	-2.47099e-05 	-6.20013e-05 	0
0.0348452 	-1.92409e-05 	-0.000169645 	0
0.035292 	-1.37833e-05 	-0.000277411 	0
0.0357387 	-8.42643e-06 	-0.00038672 	0
0.0361854 	-3.14306e-06 	-0.000498418 	0
0.0366322 	2.1403e-06 	-0.000610116 	0
0.0370789 	7.20274e-06 	-0.000728176 	0
0.0375256 	1.23021e-05 	-0.000846877 	0
0.0379724 	1.72345e-05 	-0.0009698 	-1.20122e-28
0.0384191 	2.21164e-05 	-0.0010985 	-4.18495e-28
0.0388658 	2.69983e-05 	-0.0012272 	-7.16868e-28
0.0393126 	3.15283e-05 	-0.00136794 	-1.03912e-27
0.0397593 	3.61366e-05 	-0.00150951 	-1.37821e-27
0.040206 	4.04704e-05 	-0.00165806 	-1.8991e-27
0.0406528 	4.47246e-05 	-0.00181521 	-2.6989e-27
0.0410995 	4.89787e-05 	-0.00197235 	-3.49871e-27
0.0415462 	5.26528e-05 	-0.00214685 	-4.45234e-27
0.041993 	5.6443e-05 	-0.00232205 	-5.24448e-27
0.0424397 	5.97947e-05 	-0.00250685 	-5.1515e-27
0.0428864 	6.29786e-05 	-0.00270227 	-4.05332e-27
0.0433332 	6.61202e-05 	-0.00289785 	-2.97785e-27
0.0437799 	6.8407e-05 	-0.00311489 	-1.67149e-27
0.0442266 	7.08072e-05 	-0.00333235 	-5.40262e-28
0.0446734 	7.25312e-05 	-0.00356151 	4.79303e-28
0.0451201 	7.39348e-05 	-0.00380235 	1.48289e-27
0.0455668 	7.51706e-05 	-0.00404366 	2.60147e-27
0.0460136 	7.5294e-05 	-0.00430847 	3.47585e-27
0.0464603 	7.54529e-05 	-0.00457343 	4.32878e-27
0.046907 	7.46153e-05 	-0.00485113 	4.18341e-27
0.0473538 	7.32469e-05 	-0.00514027 	3.17982e-27
0.0478005 	7.16115e-05 	-0.00543035 	2.07057e-27
0.0482472 	6.84008e-05 	-0.0057429 	1.21764e-27
0.048694 	6.519e-05 	-0.00605544 	3.64706e-28
0.0491407 	6.05801e-05 	-0.00637995 	0
0.0495874 	5.51836e-05 	-0.00671411 	0
0.0500342 	4.94363e-05 	-0.00704954 	5.01011e-29
0.0504809 	4.14882e-05 	-0.00740237 	1.29981e-27
0.0509276 	3.35402e-05 	-0.00775521 	2.54953e-27
0.0513744 	2.37255e-05 	-0.00811644 	4.70632e-27
0.0518211 	1.28449e-05 	-0.00848366 	7.29345e-27
0.0522678 	1.51051e-06 	-0.00885177 	9.75466e-27
0.0527146 	-1.26889e-05 	-0.0092275 	8.50494e-27
0.0531613 	-2.68884e-05 	-0.00960323 	7.25523e-27
0.053608 	-4.3447e-05 	-0.00997966 	4.82523e-27
0.0540548 	-6.13458e-05 	-0.0103563 	2.2381e-27
0.0545015 	-7.98101e-05 	-0.0107321 	0
0.0549482 	-0.000101773 	-0.0110999 	0
0.055395 	-0.000123737 	-0.0114677 	0
0.0558417 	-0.000148521 	-0.0118228 	0
0.0562884 	-0.000174887 	-0.01217 	0
0.0567352 	-0.000201921 	-0.0125126 	0
0.0571819 	-0.000232982 	-0.0128248 	0
0.0576286 	-0.000264044 	-0.0131371 	0
0.0580754 	-0.000298249 	-0.0134159 	0
0.0585221 	-0.000334202 	-0.0136762 	0
0.0589688 	-0.000370853 	-0.013925 	0
0.0594156 	-0.000411721 	-0.0141123 	0
0.0598623 	-0.000452588 	-0.0142996 	0
0.060309 	-0.000496583 	-0.014421 	0
0.0607558 	-0.000542347 	-0.0145099 	0
0.0612025 	-0.000588824 	-0.0145755 	0
0.0616492 	-0.000639833 	-0.014538 	0
0.062096 	-0.000690841 	-0.0145004 	0
0.0625427 	-0.000745725 	-0.0143588 	0
0.0629894 	-0.000802769 	-0.0141721 	0
0.0634362 	-0.000861432 	-0.0139534 	0
0.0638829 	-0.000928361 	-0.0136158 	0
0.0643296 	-0.00099529 	-0.0132782 	0
0.0647764 	-0.00108484 	-0.0128325 	0
0.0652231 	-0.00118407 	-0.012345 	0
0.0656698 	-0.00128105 	-0.0117825 	0
0.0661166 	-0.00136455 	-0.0109631 	0
0.0665633 	-0.00144804 	-0.0101438 	0
0.0670101 	-0.00129886 	-0.00871512 	0
0.0674568 	-0.00106576 	-0.00707943 	0
0.0679035 	-0.000800004 	-0.00538751 	0
0.0683503 	-0.000495093 	-0.00365973 	0
0.068797 	-0.000190183 	-0.00193196 	0
0.0692437 	-8.56413e-05 	-0.00106336 	0
0.0696905 	-3.4919e-05 	-0.000434498 	0
0.0701372 	6.64981e-08 	-5.0734e-07 	0
0.0705839 	1.58088e-08 	-4.60202e-07 	0
0.0710307 	-3.48805e-08 	-4.13065e-07 	0
0.0714774 	-5.47514e-08 	-3.92869e-07 	0
0.0719241 	-6.75334e-08 	-3.79154e-07 	0
0.0723709 	-7.70434e-08 	-3.6712e-07 	0
0.0728176 	-7.99371e-08 	-3.59366e-07 	0
0.0732643 	-8.28307e-08 	-3.51612e-07 	0
0.0737111 	-8.21129e-08 	-3.47826e-07 	0
0.0741578 	-8.0802e-08 	-3.44955e-07 	0
0.0746045 	-7.8872e-08 	-3.43238e-07 	-4.17748e-29
0.0750513 	-7.6009e-08 	-3.43823e-07 	-1.74355e-28
0.075498 	-7.3146e-08 	-3.44409e-07 	-3.06936e-28
0.0759447 	-6.98646e-08 	-3.47035e-07 	-4.60543e-28
0.0763915 	-6.65831e-08 	-3.50016e-07 	-5.9699e-28
0.0768382 	-6.32746e-08 	-3.53624e-07 	-6.36521e-28
0.0772849 	-6.00354e-08 	-3.58309e-07 	-5.03941e-28
0.0777317 	-5.67963e-08 	-3.62993e-07 	-3.7136e-28
0.0781784 	-5.3709e-08 	-3.68793e-07 	-2.16963e-28
0.0786251 	-5.06779e-08 	-3.74743e-07 	-8.0516e-29
0.0790719 	-4.77199e-08 	-3.81083e-07 	0
0.0795186 	-4.49364e-08 	-3.8802e-07 	0
0.0799653 	-4.21529e-08 	-3.94957e-07 	0
0.0804121 	-3.95626e-08 	-4.02631e-07 	0
0.0808588 	-3.70142e-08 	-4.10378e-07 	0
0.0813055 	-3.4534e-08 	-4.18418e-07 	-1.34814e-28
0.0817523 	-3.21884e-08 	-4.2686e-07 	-4.80411e-28
0.082199 	-2.98429e-08 	-4.35303e-07 	-8.26008e-28
0.0826457 	-2.7636e-08 	-4.44322e-07 	-1.20315e-27
0.0830925 	-2.54552e-08 	-4.53382e-07 	-1.56674e-27
0.0835392 	-2.33169e-08 	-4.62694e-07 	-1.46245e-27
0.0839859 	-2.12622e-08 	-4.72322e-07 	-7.34219e-28
0.0844327 	-1.92074e-08 	-4.8195e-07 	-5.98421e-30
0.0848794 	-1.72255e-08 	-4.92087e-07 	7.91445e-28
0.0853261 	-1.52598e-08 	-5.02248e-07 	1.55772e-27
0.0857729 	-1.33079e-08 	-5.12647e-07 	1.78583e-27
0.0862196 	-1.13963e-08 	-5.23319e-07 	1.40319e-27
0.0866663 	-9.48472e-09 	-5.33992e-07 	1.02055e-27
0.0871131 	-7.58232e-09 	-5.4514e-07 	6.00036e-28
0.0875598 	-5.69133e-09 	-5.56299e-07 	1.97352e-28
0.0880065 	-3.78901e-09 	-4.57189e-07 	0
0.0884533 	-1.8973e-09 	-2.31233e-07 	0
0.0889 	0 	0 	0
