0 	506.15 	5.72659e-06
0.000446734 	506.129 	5.71886e-06
0.000893467 	506.107 	5.71113e-06
0.0013402 	506.086 	5.69654e-06
0.00178693 	506.064 	5.67542e-06
0.00223367 	506.043 	5.65415e-06
0.0026804 	506.022 	5.6274e-06
0.00312714 	506 	5.60065e-06
0.00357387 	505.979 	5.57547e-06
0.0040206 	505.958 	5.55164e-06
0.00446734 	505.937 	5.5278e-06
0.00491407 	505.917 	5.50392e-06
0.0053608 	505.896 	5.48004e-06
0.00580754 	505.876 	5.4471e-06
0.00625427 	505.855 	5.40711e-06
0.00670101 	505.835 	5.36468e-06
0.00714774 	505.816 	5.29218e-06
0.00759447 	505.796 	5.21968e-06
0.00804121 	505.776 	5.12525e-06
0.00848794 	505.757 	5.01543e-06
0.00893467 	505.738 	4.90249e-06
0.00938141 	505.72 	4.76146e-06
0.00982814 	505.701 	4.62043e-06
0.0102749 	505.683 	4.46551e-06
0.0107216 	505.666 	4.30181e-06
0.0111683 	505.648 	4.13583e-06
0.0116151 	505.632 	3.95393e-06
0.0120618 	505.615 	3.77202e-06
0.0125085 	505.599 	3.57718e-06
0.0129553 	505.583 	3.37498e-06
0.013402 	505.567 	3.16844e-06
0.0138487 	505.553 	2.93727e-06
0.0142955 	505.538 	2.70611e-06
0.0147422 	505.524 	2.4463e-06
0.0151889 	505.511 	2.1719e-06
0.0156357 	505.497 	1.88675e-06
0.0160824 	505.485 	1.55094e-06
0.0165291 	505.473 	1.21512e-06
0.0169759 	505.461 	8.23633e-07
0.0174226 	505.45 	4.06847e-07
0.0178693 	505.439 	-2.95987e-08
0.0183161 	505.43 	-5.44684e-07
0.0187628 	505.42 	-1.05977e-06
0.0192095 	505.411 	-1.65293e-06
0.0196563 	505.402 	-2.2776e-06
0.020103 	505.394 	-2.92743e-06
0.0205497 	505.386 	-3.66393e-06
0.0209965 	505.379 	-4.40044e-06
0.0214432 	505.372 	-5.21353e-06
0.0218899 	505.366 	-6.05389e-06
0.0223367 	505.36 	-6.91585e-06
0.0227834 	505.355 	-7.84262e-06
0.0232302 	505.349 	-8.76939e-06
0.0236769 	505.344 	-9.74337e-06
0.0241236 	505.34 	-1.07321e-05
0.0245704 	505.336 	-1.17299e-05
0.0250171 	505.332 	-1.27521e-05
0.0254638 	505.328 	-1.37742e-05
0.0259106 	505.325 	-1.47994e-05
0.0263573 	505.322 	-1.58255e-05
0.026804 	505.319 	-1.68441e-05
0.0272508 	505.316 	-1.78455e-05
0.0276975 	505.314 	-1.88469e-05
0.0281442 	505.311 	-1.98069e-05
0.028591 	505.309 	-2.07574e-05
0.0290377 	505.307 	-2.16835e-05
0.0294844 	505.305 	-2.25592e-05
0.0299312 	505.303 	-2.34348e-05
0.0303779 	505.302 	-2.42301e-05
0.0308246 	505.3 	-2.50098e-05
0.0312714 	505.299 	-2.57492e-05
0.0317181 	505.297 	-2.64139e-05
0.0321648 	505.296 	-2.70787e-05
0.0326116 	505.295 	-2.76298e-05
0.0330583 	505.294 	-2.81628e-05
0.033505 	505.292 	-2.86407e-05
0.0339518 	505.291 	-2.9027e-05
0.0343985 	505.29 	-2.94134e-05
0.0348452 	505.289 	-2.9658e-05
0.035292 	505.288 	-2.98846e-05
0.0357387 	505.287 	-3.00429e-05
0.0361854 	505.286 	-3.00987e-05
0.0366322 	505.285 	-3.01545e-05
0.0370789 	505.284 	-3.0046e-05
0.0375256 	505.282 	-2.99217e-05
0.0379724 	505.281 	-2.97179e-05
0.0384191 	505.28 	-2.94063e-05
0.0388658 	505.279 	-2.90947e-05
0.0393126 	505.278 	-2.86022e-05
0.0397593 	505.277 	-2.80978e-05
0.040206 	505.275 	-2.75051e-05
0.0406528 	505.274 	-2.68048e-05
0.0410995 	505.273 	-2.61045e-05
0.0415462 	505.272 	-2.5216e-05
0.041993 	505.27 	-2.43202e-05
0.0424397 	505.269 	-2.33331e-05
0.0428864 	505.267 	-2.22453e-05
0.0433332 	505.266 	-2.11574e-05
0.0437799 	505.264 	-1.98869e-05
0.0442266 	505.262 	-1.8614e-05
0.0446734 	505.261 	-1.72543e-05
0.0451201 	505.259 	-1.58078e-05
0.0455668 	505.257 	-1.43593e-05
0.0460136 	505.255 	-1.27552e-05
0.0464603 	505.253 	-1.11511e-05
0.046907 	505.251 	-9.47568e-06
0.0473538 	505.249 	-7.73576e-06
0.0478005 	505.247 	-5.9918e-06
0.0482472 	505.245 	-4.14383e-06
0.048694 	505.242 	-2.29587e-06
0.0491407 	505.24 	-4.07193e-07
0.0495874 	505.237 	1.5148e-06
0.0500342 	505.235 	3.43891e-06
0.0504809 	505.232 	5.3949e-06
0.0509276 	505.229 	7.35088e-06
0.0513744 	505.226 	9.30037e-06
0.0518211 	505.223 	1.12451e-05
0.0522678 	505.22 	1.31845e-05
0.0527146 	505.217 	1.50688e-05
0.0531613 	505.214 	1.69531e-05
0.053608 	505.21 	1.87707e-05
0.0540548 	505.207 	2.05439e-05
0.0545015 	505.203 	2.22989e-05
0.0549482 	505.199 	2.39114e-05
0.055395 	505.196 	2.55238e-05
0.0558417 	505.192 	2.70079e-05
0.0562884 	505.188 	2.84151e-05
0.0567352 	505.184 	2.97892e-05
0.0571819 	505.179 	3.09559e-05
0.0576286 	505.175 	3.21226e-05
0.0580754 	505.171 	3.31197e-05
0.0585221 	505.166 	3.40254e-05
0.0589688 	505.161 	3.48885e-05
0.0594156 	505.157 	3.55317e-05
0.0598623 	505.152 	3.61749e-05
0.060309 	505.147 	3.66548e-05
0.0607558 	505.142 	3.70561e-05
0.0612025 	505.137 	3.74198e-05
0.0616492 	505.132 	3.76207e-05
0.062096 	505.126 	3.78216e-05
0.0625427 	505.121 	3.79215e-05
0.0629894 	505.116 	3.79781e-05
0.0634362 	505.11 	3.80166e-05
0.0638829 	505.104 	3.79881e-05
0.0643296 	505.099 	3.79595e-05
0.0647764 	505.093 	3.79057e-05
0.0652231 	505.087 	3.78422e-05
0.0656698 	505.081 	3.77784e-05
0.0661166 	505.075 	3.77134e-05
0.0665633 	505.069 	3.76483e-05
0.0670101 	505.063 	3.75938e-05
0.0674568 	505.057 	3.75429e-05
0.0679035 	505.05 	3.74963e-05
0.0683503 	505.044 	3.74622e-05
0.068797 	505.037 	3.74281e-05
0.0692437 	505.031 	3.74054e-05
0.0696905 	505.024 	3.73861e-05
0.0701372 	505.018 	3.73736e-05
0.0705839 	505.011 	3.7378e-05
0.0710307 	505.004 	3.73824e-05
0.0714774 	504.996 	3.73919e-05
0.0719241 	504.988 	3.74026e-05
0.0723709 	504.977 	3.741e-05
0.0728176 	504.959 	3.74101e-05
0.0732643 	504.94 	3.74102e-05
0.0737111 	504.892 	3.74102e-05
0.0741578 	504.838 	3.74102e-05
0.0746045 	504.774 	3.76143e-05
0.0750513 	504.692 	3.82191e-05
0.075498 	504.61 	3.88238e-05
0.0759447 	504.528 	3.99415e-05
0.0763915 	504.446 	4.11498e-05
0.0768382 	504.365 	4.23533e-05
0.0772849 	504.283 	4.35485e-05
0.0777317 	504.201 	4.47437e-05
0.0781784 	504.119 	4.59093e-05
0.0786251 	504.037 	4.70707e-05
0.0790719 	503.955 	4.82112e-05
0.0795186 	503.873 	4.93188e-05
0.0799653 	503.791 	5.04263e-05
0.0804121 	503.709 	5.14682e-05
0.0808588 	503.627 	5.25028e-05
0.0813055 	503.545 	5.34999e-05
0.0817523 	503.463 	5.44436e-05
0.082199 	503.381 	5.53873e-05
0.0826457 	503.299 	5.62309e-05
0.0830925 	503.217 	5.70665e-05
0.0835392 	503.135 	5.78477e-05
0.0839859 	503.053 	5.8559e-05
0.0844327 	502.971 	5.92703e-05
0.0848794 	502.889 	5.98493e-05
0.0853261 	502.807 	6.04214e-05
0.0857729 	502.725 	6.09229e-05
0.0862196 	502.643 	6.13425e-05
0.0866663 	502.561 	6.17621e-05
0.0871131 	502.478 	6.20226e-05
0.0875598 	502.396 	6.22791e-05
0.0880065 	502.314 	6.24526e-05
0.0884533 	502.232 	6.25389e-05
0.0889 	502.15 	6.26252e-05
