0 	506.15 	1.54895e-05
0.000446734 	506.123 	1.54823e-05
0.000893467 	506.095 	1.54752e-05
0.0013402 	506.068 	1.54634e-05
0.00178693 	506.041 	1.54472e-05
0.00223367 	506.014 	1.54308e-05
0.0026804 	505.987 	1.54014e-05
0.00312714 	505.96 	1.5372e-05
0.00357387 	505.934 	1.53236e-05
0.0040206 	505.907 	1.52589e-05
0.00446734 	505.881 	1.51915e-05
0.00491407 	505.856 	1.50733e-05
0.0053608 	505.83 	1.4955e-05
0.00580754 	505.805 	1.4803e-05
0.00625427 	505.781 	1.46247e-05
0.00670101 	505.756 	1.44419e-05
0.00714774 	505.733 	1.42029e-05
0.00759447 	505.71 	1.39639e-05
0.00804121 	505.688 	1.36888e-05
0.00848794 	505.666 	1.33882e-05
0.00893467 	505.644 	1.3081e-05
0.00938141 	505.624 	1.27149e-05
0.00982814 	505.604 	1.23489e-05
0.0102749 	505.585 	1.19392e-05
0.0107216 	505.567 	1.15018e-05
0.0111683 	505.549 	1.1055e-05
0.0116151 	505.533 	1.05413e-05
0.0120618 	505.516 	1.00276e-05
0.0125085 	505.501 	9.46428e-06
0.0129553 	505.486 	8.87273e-06
0.013402 	505.472 	8.27016e-06
0.0138487 	505.459 	7.60507e-06
0.0142955 	505.446 	6.93998e-06
0.0147422 	505.435 	6.23361e-06
0.0151889 	505.424 	5.5062e-06
0.0156357 	505.413 	4.77103e-06
0.0160824 	505.404 	3.99926e-06
0.0165291 	505.394 	3.22749e-06
0.0169759 	505.386 	2.44141e-06
0.0174226 	505.378 	1.64884e-06
0.0178693 	505.37 	8.57562e-07
0.0183161 	505.363 	7.14878e-08
0.0187628 	505.356 	-7.14587e-07
0.0192095 	505.351 	-1.47542e-06
0.0196563 	505.345 	-2.22607e-06
0.020103 	505.339 	-2.96237e-06
0.0205497 	505.335 	-3.64926e-06
0.0209965 	505.33 	-4.33615e-06
0.0214432 	505.326 	-4.9572e-06
0.0218899 	505.322 	-5.5548e-06
0.0223367 	505.318 	-6.12493e-06
0.0227834 	505.314 	-6.61261e-06
0.0232302 	505.311 	-7.10029e-06
0.0236769 	505.308 	-7.49327e-06
0.0241236 	505.305 	-7.85677e-06
0.0245704 	505.302 	-8.18401e-06
0.0250171 	505.299 	-8.41572e-06
0.0254638 	505.297 	-8.64743e-06
0.0259106 	505.294 	-8.77453e-06
0.0263573 	505.292 	-8.87341e-06
0.026804 	505.289 	-8.93443e-06
0.0272508 	505.287 	-8.90709e-06
0.0276975 	505.284 	-8.87975e-06
0.0281442 	505.282 	-8.76214e-06
0.028591 	505.28 	-8.6237e-06
0.0290377 	505.277 	-8.45634e-06
0.0294844 	505.275 	-8.2289e-06
0.0299312 	505.273 	-8.00145e-06
0.0303779 	505.27 	-7.72207e-06
0.0308246 	505.268 	-7.4326e-06
0.0312714 	505.265 	-7.13193e-06
0.0317181 	505.263 	-6.81047e-06
0.0321648 	505.26 	-6.489e-06
0.0326116 	505.258 	-6.16642e-06
0.0330583 	505.255 	-5.84367e-06
0.033505 	505.252 	-5.53118e-06
0.0339518 	505.249 	-5.23582e-06
0.0343985 	505.246 	-4.94047e-06
0.0348452 	505.243 	-4.6906e-06
0.035292 	505.24 	-4.4465e-06
0.0357387 	505.237 	-4.2295e-06
0.0361854 	505.234 	-4.05315e-06
0.0366322 	505.23 	-3.8768e-06
0.0370789 	505.227 	-3.76889e-06
0.0375256 	505.223 	-3.66753e-06
0.0379724 	505.22 	-3.59693e-06
0.0384191 	505.216 	-3.56792e-06
0.0388658 	505.212 	-3.53891e-06
0.0393126 	505.208 	-3.56683e-06
0.0397593 	505.205 	-3.59854e-06
0.040206 	505.2 	-3.64951e-06
0.0406528 	505.196 	-3.724e-06
0.0410995 	505.192 	-3.7985e-06
0.0415462 	505.188 	-3.89459e-06
0.041993 	505.183 	-3.99153e-06
0.0424397 	505.179 	-4.09034e-06
0.0428864 	505.174 	-4.19123e-06
0.0433332 	505.169 	-4.29212e-06
0.0437799 	505.164 	-4.38369e-06
0.0442266 	505.159 	-4.47513e-06
0.0446734 	505.154 	-4.55834e-06
0.0451201 	505.149 	-4.63331e-06
0.0455668 	505.143 	-4.70805e-06
0.0460136 	505.138 	-4.76504e-06
0.0464603 	505.132 	-4.82203e-06
0.046907 	505.126 	-4.87062e-06
0.0473538 	505.121 	-4.9116e-06
0.0478005 	505.115 	-4.9521e-06
0.0482472 	505.108 	-4.98019e-06
0.048694 	505.102 	-5.00828e-06
0.0491407 	505.096 	-5.03053e-06
0.0495874 	505.09 	-5.04801e-06
0.0500342 	505.083 	-5.06486e-06
0.0504809 	505.075 	-5.07218e-06
0.0509276 	505.067 	-5.07951e-06
0.0513744 	505.052 	-5.07105e-06
0.0518211 	505.033 	-5.05094e-06
0.0522678 	505.013 	-4.96281e-06
0.0527146 	504.983 	-4.16537e-06
0.0531613 	504.954 	-3.36793e-06
0.053608 	504.924 	-2.10379e-06
0.0540548 	504.894 	-5.28514e-07
0.0545015 	504.864 	1.05198e-06
0.0549482 	504.833 	2.67365e-06
0.055395 	504.802 	4.29532e-06
0.0558417 	504.771 	5.94419e-06
0.0562884 	504.739 	7.60939e-06
0.0567352 	504.707 	9.27941e-06
0.0571819 	504.675 	1.09797e-05
0.0576286 	504.643 	1.26799e-05
0.0580754 	504.611 	1.43972e-05
0.0585221 	504.578 	1.61236e-05
0.0589688 	504.545 	1.78529e-05
0.0594156 	504.512 	1.95974e-05
0.0598623 	504.479 	2.13419e-05
0.060309 	504.446 	2.30937e-05
0.0607558 	504.413 	2.48489e-05
0.0612025 	504.379 	2.6605e-05
0.0616492 	504.346 	2.83642e-05
0.062096 	504.312 	3.01235e-05
0.0625427 	504.278 	3.18811e-05
0.0629894 	504.244 	3.36379e-05
0.0634362 	504.21 	3.53928e-05
0.0638829 	504.176 	3.7141e-05
0.0643296 	504.141 	3.88891e-05
0.0647764 	504.107 	4.06265e-05
0.0652231 	504.072 	4.23598e-05
0.0656698 	504.038 	4.40882e-05
0.0661166 	504.003 	4.58007e-05
0.0665633 	503.968 	4.75132e-05
0.0670101 	503.933 	4.92057e-05
0.0674568 	503.898 	5.08915e-05
0.0679035 	503.863 	5.25688e-05
0.0683503 	503.828 	5.42221e-05
0.068797 	503.793 	5.58754e-05
0.0692437 	503.757 	5.7499e-05
0.0696905 	503.722 	5.91141e-05
0.0701372 	503.686 	6.07164e-05
0.0705839 	503.65 	6.22875e-05
0.0710307 	503.615 	6.38585e-05
0.0714774 	503.579 	6.53898e-05
0.0719241 	503.543 	6.69111e-05
0.0723709 	503.507 	6.84152e-05
0.0728176 	503.471 	6.98812e-05
0.0732643 	503.435 	7.13471e-05
0.0737111 	503.399 	7.27627e-05
0.0741578 	503.363 	7.41677e-05
0.0746045 	503.327 	7.555e-05
0.0750513 	503.291 	7.68882e-05
0.075498 	503.254 	7.82263e-05
0.0759447 	503.218 	7.95026e-05
0.0763915 	503.182 	8.07681e-05
0.0768382 	503.145 	8.20051e-05
0.0772849 	503.109 	8.31921e-05
0.0777317 	503.072 	8.4379e-05
0.0781784 	503.036 	8.54919e-05
0.0786251 	502.999 	8.65943e-05
0.0790719 	502.962 	8.76615e-05
0.0795186 	502.926 	8.86731e-05
0.0799653 	502.889 	8.96848e-05
0.0804121 	502.852 	9.06091e-05
0.0808588 	502.815 	9.15237e-05
0.0813055 	502.779 	9.23957e-05
0.0817523 	502.742 	9.3207e-05
0.082199 	502.705 	9.40182e-05
0.0826457 	502.668 	9.47279e-05
0.0830925 	502.631 	9.54294e-05
0.0835392 	502.594 	9.60801e-05
0.0839859 	502.557 	9.66654e-05
0.0844327 	502.52 	9.72508e-05
0.0848794 	502.483 	9.77201e-05
0.0853261 	502.446 	9.81833e-05
0.0857729 	502.409 	9.85874e-05
0.0862196 	502.372 	9.8923e-05
0.0866663 	502.335 	9.92585e-05
0.0871131 	502.298 	9.94652e-05
0.0875598 	502.261 	9.96686e-05
0.0880065 	502.224 	9.98061e-05
0.0884533 	502.187 	9.98742e-05
0.0889 	502.15 	9.99424e-05
