0 	0 	0 	0
0.000446734 	2.26315e-05 	0.00360784 	-1.07408e-25
0.000893467 	4.35093e-05 	0.00717872 	-2.11754e-25
0.0013402 	-1.38553e-05 	0.00955889 	-2.33713e-25
0.00178693 	-0.000140532 	0.010856 	-1.80023e-25
0.00223367 	-0.000270365 	0.0121209 	-1.23606e-25
0.0026804 	-0.00044898 	0.0126249 	-7.29495e-26
0.00312714 	-0.000627595 	0.0131289 	-2.22933e-26
0.00357387 	-0.000807934 	0.013515 	-2.82771e-26
0.0040206 	-0.000987561 	0.0138027 	-8.31743e-26
0.00446734 	-0.00116739 	0.0140836 	-1.41851e-25
0.00491407 	-0.00133305 	0.0142242 	-2.22864e-25
0.0053608 	-0.00149871 	0.0143647 	-3.03877e-25
0.00580754 	-0.00165478 	0.0144202 	-3.21588e-25
0.00625427 	-0.00180206 	0.0144088 	-2.91854e-25
0.00670101 	-0.0019485 	0.0143875 	-2.55093e-25
0.00714774 	-0.00207671 	0.0142412 	-1.7408e-25
0.00759447 	-0.00220491 	0.0140949 	-9.30674e-26
0.00804121 	-0.00232323 	0.0138875 	-4.72458e-26
0.00848794 	-0.00243385 	0.0136371 	-2.20828e-26
0.00893467 	-0.00254327 	0.0133795 	0
0.00938141 	-0.00263839 	0.0130557 	0
0.00982814 	-0.00273352 	0.012732 	0
0.0102749 	-0.00282057 	0.0123781 	0
0.0107216 	-0.00290208 	0.0120051 	0
0.0111683 	-0.00298229 	0.0116282 	0
0.0116151 	-0.00305174 	0.0112232 	0
0.0120618 	-0.0031212 	0.0108182 	0
0.0125085 	-0.0031841 	0.0104011 	0
0.0129553 	-0.00324306 	0.00997699 	0
0.013402 	-0.0033008 	0.00955162 	0
0.0138487 	-0.00335101 	0.0091185 	0
0.0142955 	-0.00340123 	0.00868539 	0
0.0147422 	-0.00344696 	0.00825164 	0
0.0151889 	-0.00349032 	0.00781745 	0
0.0156357 	-0.00353285 	0.00738413 	0
0.0160824 	-0.00357124 	0.00695457 	0
0.0165291 	-0.00360963 	0.00652501 	0
0.0169759 	-0.00364579 	0.00610112 	0
0.0174226 	-0.00368093 	0.00567974 	0
0.0178693 	-0.00371574 	0.00526036 	0
0.0183161 	-0.00374919 	0.00484884 	0
0.0187628 	-0.00378265 	0.00443733 	0
0.0192095 	-0.0038159 	0.00403302 	0
0.0196563 	-0.00384909 	0.00363161 	0
0.020103 	-0.00388249 	0.00323225 	0
0.0205497 	-0.00391666 	0.00284001 	0
0.0209965 	-0.00395082 	0.00244777 	0
0.0214432 	-0.00398646 	0.00206096 	0
0.0218899 	-0.00402262 	0.0016761 	0
0.0223367 	-0.00405948 	0.00129244 	0
0.0227834 	-0.00409838 	0.000912535 	0
0.0232302 	-0.00413728 	0.000532625 	0
0.0236769 	-0.00417888 	0.000154323 	0
0.0241236 	-0.0042213 	-0.000223412 	0
0.0245704 	-0.0042649 	-0.000601395 	0
0.0250171 	-0.0043115 	-0.000979814 	0
0.0254638 	-0.0043581 	-0.00135823 	0
0.0259106 	-0.00440812 	-0.00173943 	0
0.0263573 	-0.00445902 	-0.00212129 	0
0.026804 	-0.00451121 	-0.00250499 	0
0.0272508 	-0.00456626 	-0.00289271 	0
0.0276975 	-0.00462131 	-0.00328043 	0
0.0281442 	-0.00467953 	-0.00367447 	0
0.028591 	-0.00473843 	-0.00406987 	0
0.0290377 	-0.00479842 	-0.00446817 	0
0.0294844 	-0.00486057 	-0.00487224 	0
0.0299312 	-0.00492272 	-0.00527631 	0
0.0303779 	-0.00498686 	-0.00568762 	0
0.0308246 	-0.00505134 	-0.00610026 	0
0.0312714 	-0.00511622 	-0.00651544 	0
0.0317181 	-0.00518178 	-0.00693518 	0
0.0321648 	-0.00524734 	-0.00735493 	0
0.0326116 	-0.00531243 	-0.0077782 	0
0.0330583 	-0.00537744 	-0.00820198 	0
0.033505 	-0.00544146 	-0.00862543 	0
0.0339518 	-0.0055039 	-0.00904828 	0
0.0343985 	-0.00556635 	-0.00947113 	0
0.0348452 	-0.00562423 	-0.00988671 	0
0.035292 	-0.00568161 	-0.0103014 	0
0.0357387 	-0.00573557 	-0.0107087 	0
0.0361854 	-0.00578473 	-0.0111052 	0
0.0366322 	-0.00583389 	-0.0115017 	0
0.0370789 	-0.0058716 	-0.0118691 	0
0.0375256 	-0.00590843 	-0.0122338 	0
0.0379724 	-0.00593751 	-0.0125773 	1.26765e-26
0.0384191 	-0.00595679 	-0.0128924 	4.41638e-26
0.0388658 	-0.00597607 	-0.0132076 	7.56512e-26
0.0393126 	-0.0059732 	-0.0134559 	1.00832e-25
0.0397593 	-0.00596928 	-0.0137001 	1.2697e-25
0.040206 	-0.00595269 	-0.0139024 	1.20761e-25
0.0406528 	-0.00592185 	-0.0140543 	7.39888e-26
0.0410995 	-0.00589101 	-0.0142063 	2.7217e-26
0.0415462 	-0.0058341 	-0.0142538 	-1.12676e-26
0.041993 	-0.00577683 	-0.0142977 	-4.85391e-26
0.0424397 	-0.00570658 	-0.0142825 	-5.96098e-26
0.0428864 	-0.00562313 	-0.0142024 	-4.43254e-26
0.0433332 	-0.00553913 	-0.0141213 	-2.89368e-26
0.0437799 	-0.00541213 	-0.0138604 	-1.64512e-26
0.0442266 	-0.00528444 	-0.0135958 	-5.3174e-27
0.0446734 	-0.00509969 	-0.0131494 	-3.99499e-27
0.0451201 	-0.00485901 	-0.012521 	-1.23599e-26
0.0455668 	-0.00461189 	-0.0118786 	-2.1545e-26
0.0460136 	-0.00411653 	-0.0106218 	-3.85909e-26
0.0464603 	-0.00361943 	-0.00936195 	-5.54161e-26
0.046907 	-0.00294686 	-0.00771836 	-6.03437e-26
0.0473538 	-0.00212378 	-0.00574206 	-5.19788e-26
0.0478005 	-0.00130151 	-0.00376098 	-4.08448e-26
0.0482472 	-0.00078975 	-0.00241015 	-2.40195e-26
0.048694 	-0.00027799 	-0.00105931 	-7.1943e-27
0.0491407 	-4.64035e-05 	-0.000377581 	0
0.0495874 	-2.22274e-05 	-0.000180513 	0
0.0500342 	-1.08035e-07 	-1.73398e-07 	2.50612e-30
0.0504809 	-1.57064e-07 	-1.57289e-07 	6.50182e-29
0.0509276 	-2.06092e-07 	-1.4118e-07 	1.2753e-28
0.0513744 	-2.29154e-07 	-1.36638e-07 	1.9177e-28
0.0518211 	-2.35825e-07 	-1.41333e-07 	2.42198e-28
0.0522678 	-2.40838e-07 	-1.45746e-07 	2.80849e-28
0.0527146 	-2.3311e-07 	-1.4929e-07 	2.18337e-28
0.0531613 	-2.25382e-07 	-1.52835e-07 	1.55824e-28
0.053608 	-2.1619e-07 	-1.55465e-07 	9.4053e-29
0.0540548 	-2.06127e-07 	-1.5753e-07 	4.36249e-29
0.0545015 	-1.96136e-07 	-1.59526e-07 	0
0.0549482 	-1.86726e-07 	-1.60831e-07 	0
0.055395 	-1.77315e-07 	-1.62136e-07 	0
0.0558417 	-1.68639e-07 	-1.63253e-07 	0
0.0562884 	-1.60392e-07 	-1.64217e-07 	0
0.0567352 	-1.52303e-07 	-1.65185e-07 	0
0.0571819 	-1.45164e-07 	-1.66005e-07 	0
0.0576286 	-1.38025e-07 	-1.66826e-07 	0
0.0580754 	-1.31511e-07 	-1.67642e-07 	0
0.0585221 	-1.25329e-07 	-1.68423e-07 	0
0.0589688 	-1.19281e-07 	-1.69225e-07 	0
0.0594156 	-1.13914e-07 	-1.70031e-07 	0
0.0598623 	-1.08547e-07 	-1.70837e-07 	0
0.060309 	-1.03648e-07 	-1.71706e-07 	0
0.0607558 	-9.89745e-08 	-1.72584e-07 	0
0.0612025 	-9.44107e-08 	-1.73494e-07 	0
0.0616492 	-9.0329e-08 	-1.74479e-07 	0
0.062096 	-8.62474e-08 	-1.75465e-07 	0
0.0625427 	-8.25174e-08 	-1.76555e-07 	0
0.0629894 	-7.89412e-08 	-1.77675e-07 	0
0.0634362 	-7.54541e-08 	-1.78837e-07 	0
0.0638829 	-7.23103e-08 	-1.80112e-07 	0
0.0643296 	-6.91665e-08 	-1.81386e-07 	0
0.0647764 	-6.6288e-08 	-1.82793e-07 	0
0.0652231 	-6.35145e-08 	-1.84238e-07 	0
0.0656698 	-6.08128e-08 	-1.85733e-07 	0
0.0661166 	-5.83569e-08 	-1.8736e-07 	0
0.0665633 	-5.5901e-08 	-1.88987e-07 	0
0.0670101 	-5.36458e-08 	-1.90763e-07 	0
0.0674568 	-5.14627e-08 	-1.92581e-07 	0
0.0679035 	-4.93371e-08 	-1.94456e-07 	0
0.0683503 	-4.73885e-08 	-1.96471e-07 	0
0.068797 	-4.544e-08 	-1.98487e-07 	0
0.0692437 	-4.36437e-08 	-2.00665e-07 	0
0.0696905 	-4.18971e-08 	-2.02885e-07 	0
0.0701372 	-4.0196e-08 	-2.05168e-07 	0
0.0705839 	-3.86234e-08 	-2.07596e-07 	0
0.0710307 	-3.70507e-08 	-2.10024e-07 	0
0.0714774 	-3.55933e-08 	-2.12626e-07 	0
0.0719241 	-3.41704e-08 	-2.15267e-07 	0
0.0723709 	-3.27831e-08 	-2.17979e-07 	0
0.0728176 	-3.14891e-08 	-2.20837e-07 	0
0.0732643 	-3.01951e-08 	-2.23695e-07 	0
0.0737111 	-2.89876e-08 	-2.26737e-07 	0
0.0741578 	-2.78042e-08 	-2.29816e-07 	0
0.0746045 	-2.66479e-08 	-2.32972e-07 	1.97881e-29
0.0750513 	-2.55591e-08 	-2.36275e-07 	8.25893e-29
0.075498 	-2.44703e-08 	-2.39578e-07 	1.45391e-28
0.0759447 	-2.34449e-08 	-2.43077e-07 	2.18751e-28
0.0763915 	-2.24365e-08 	-2.46607e-07 	2.84107e-28
0.0768382 	-2.14476e-08 	-2.50223e-07 	3.03407e-28
0.0772849 	-2.0507e-08 	-2.53985e-07 	2.40606e-28
0.0777317 	-1.95664e-08 	-2.57747e-07 	1.77805e-28
0.0781784 	-1.867e-08 	-2.61715e-07 	1.03923e-28
0.0786251 	-1.77857e-08 	-2.65712e-07 	3.85662e-29
0.0790719 	-1.69141e-08 	-2.69801e-07 	0
0.0795186 	-1.60759e-08 	-2.74035e-07 	0
0.0799653 	-1.52377e-08 	-2.78269e-07 	0
0.0804121 	-1.44271e-08 	-2.8272e-07 	0
0.0808588 	-1.36254e-08 	-2.87194e-07 	0
0.0813055 	-1.28298e-08 	-2.91769e-07 	5.80067e-29
0.0817523 	-1.20558e-08 	-2.96487e-07 	2.06707e-28
0.082199 	-1.12819e-08 	-3.01204e-07 	3.55408e-28
0.0826457 	-1.05204e-08 	-3.06149e-07 	5.13038e-28
0.0830925 	-9.76584e-09 	-3.11112e-07 	6.64162e-28
0.0835392 	-9.01084e-09 	-3.16184e-07 	6.20735e-28
0.0839859 	-8.2678e-09 	-3.21395e-07 	3.18967e-28
0.0844327 	-7.52476e-09 	-3.26607e-07 	1.7199e-29
0.0848794 	-6.77994e-09 	-3.32055e-07 	-3.02059e-28
0.0853261 	-6.04083e-09 	-3.37516e-07 	-6.07711e-28
0.0857729 	-5.29458e-09 	-3.43093e-07 	-6.97915e-28
0.0862196 	-4.55203e-09 	-3.48806e-07 	-5.44847e-28
0.0866663 	-3.80947e-09 	-3.54518e-07 	-3.9178e-28
0.0871131 	-3.05086e-09 	-3.60469e-07 	-2.30261e-28
0.0875598 	-2.29755e-09 	-3.66427e-07 	-7.57326e-29
0.0880065 	-1.53284e-09 	-3.00533e-07 	0
0.0884533 	-7.67888e-10 	-1.5199e-07 	0
0.0889 	0 	0 	0
