0 	0 	0 	0
0.000446734 	2.19695e-06 	0.000251396 	-8.33741e-27
0.000893467 	4.3939e-06 	0.000502793 	-1.66748e-26
0.0013402 	4.86902e-06 	0.000639785 	-1.86266e-26
0.00178693 	3.70632e-06 	0.000667954 	-1.45041e-26
0.00223367 	2.63113e-06 	0.000692936 	-1.03794e-26
0.0026804 	4.96939e-06 	0.000593626 	-6.16442e-27
0.00312714 	7.30764e-06 	0.000494315 	-1.94943e-27
0.00357387 	1.44465e-05 	0.000368954 	0
0.0040206 	2.57161e-05 	0.000221176 	0
0.00446734 	3.71475e-05 	7.40165e-05 	0
0.00491407 	5.16539e-05 	-6.14004e-05 	0
0.0053608 	6.61602e-05 	-0.000196817 	0
0.00580754 	7.47553e-05 	-0.00030207 	0
0.00625427 	7.87528e-05 	-0.000383861 	0
0.00670101 	8.08946e-05 	-0.000460423 	-5.76965e-28
0.00714774 	6.0149e-05 	-0.000472475 	-8.26983e-27
0.00759447 	3.94034e-05 	-0.000484528 	-1.59627e-26
0.00804121 	-1.48777e-06 	-0.000460038 	-2.34511e-26
0.00848794 	-5.65237e-05 	-0.000409891 	-3.07958e-26
0.00893467 	-0.000115499 	-0.000355417 	-3.66368e-26
0.00938141 	-0.000209926 	-0.000261998 	-2.8944e-26
0.00982814 	-0.000304353 	-0.000168579 	-2.12511e-26
0.0102749 	-0.000425324 	-5.88743e-05 	-1.37714e-26
0.0107216 	-0.000563088 	6.11335e-05 	-6.42668e-27
0.0111683 	-0.000706897 	0.000183409 	-3.54357e-28
0.0116151 	-0.000893021 	0.000321555 	-3.18922e-27
0.0120618 	-0.00107915 	0.000459702 	-6.02407e-27
0.0125085 	-0.00129964 	0.000608209 	-8.6049e-27
0.0129553 	-0.00153968 	0.000762609 	-1.10413e-26
0.013402 	-0.00178835 	0.000919453 	-1.2687e-26
0.0138487 	-0.00208593 	0.00109016 	-9.8521e-27
0.0142955 	-0.00238352 	0.00126086 	-7.01724e-27
0.0147422 	-0.00271855 	0.00144104 	-4.44638e-27
0.0151889 	-0.00307266 	0.00162605 	-2.01001e-27
0.0156357 	-0.00343537 	0.00181253 	0
0.0160824 	-0.00383863 	0.00200591 	0
0.0165291 	-0.00424189 	0.00219929 	0
0.0169759 	-0.00466958 	0.00239185 	0
0.0174226 	-0.00510837 	0.00258403 	0
0.0178693 	-0.00555066 	0.00277368 	0
0.0183161 	-0.00600696 	0.00295319 	0
0.0187628 	-0.00646326 	0.0031327 	0
0.0192095 	-0.00691809 	0.00329523 	0
0.0196563 	-0.00737232 	0.00345091 	0
0.020103 	-0.00782201 	0.00359922 	0
0.0205497 	-0.00825603 	0.00372215 	0
0.0209965 	-0.00869005 	0.00384508 	0
0.0214432 	-0.00909857 	0.00393986 	0
0.0218899 	-0.00949801 	0.00402461 	0
0.0223367 	-0.00988647 	0.00409941 	5.33589e-28
0.0227834 	-0.010242 	0.00414435 	2.66794e-27
0.0232302 	-0.0105976 	0.00418928 	4.8023e-27
0.0236769 	-0.0109165 	0.00420519 	7.32127e-27
0.0241236 	-0.0112241 	0.00421205 	9.96003e-27
0.0245704 	-0.0115185 	0.00420959 	1.12862e-26
0.0250171 	-0.0117785 	0.00418258 	9.15184e-27
0.0254638 	-0.0120384 	0.00415556 	7.01748e-27
0.0259106 	-0.0122637 	0.00410625 	9.82418e-27
0.0263573 	-0.0124795 	0.00405091 	1.39642e-26
0.026804 	-0.0126838 	0.00398885 	1.90463e-26
0.0272508 	-0.0128608 	0.0039111 	2.63268e-26
0.0276975 	-0.0130379 	0.00383335 	3.36073e-26
0.0281442 	-0.0131882 	0.00374185 	2.94646e-26
0.028591 	-0.0133323 	0.00364718 	2.26859e-26
0.0290377 	-0.0134675 	0.00354852 	1.57441e-26
0.0294844 	-0.013584 	0.00344156 	8.46357e-27
0.0299312 	-0.0137006 	0.00333461 	1.18308e-27
0.0303779 	-0.0137979 	0.0032204 	0
0.0308246 	-0.0138914 	0.00310477 	0
0.0312714 	-0.0139781 	0.00298703 	0
0.0317181 	-0.0140521 	0.00286535 	0
0.0321648 	-0.0141262 	0.00274367 	0
0.0326116 	-0.0141855 	0.0026183 	1.50217e-26
0.0330583 	-0.0142426 	0.00249233 	3.24382e-26
0.033505 	-0.0142939 	0.00236518 	4.99231e-26
0.0339518 	-0.0143358 	0.00223604 	6.7522e-26
0.0343985 	-0.0143776 	0.0021069 	8.5121e-26
0.0348452 	-0.014407 	0.00197549 	7.16437e-26
0.035292 	-0.0144347 	0.00184379 	5.42273e-26
0.0357387 	-0.0144572 	0.00171119 	3.67378e-26
0.0361854 	-0.0144717 	0.00157721 	1.91389e-26
0.0366322 	-0.0144862 	0.00144324 	1.53991e-27
0.0370789 	-0.014489 	0.00130722 	-4.02206e-27
0.0375256 	-0.0144907 	0.00117101 	-8.42981e-27
0.0379724 	-0.0144871 	0.00103379 	-1.28851e-26
0.0384191 	-0.0144763 	0.000895219 	-1.74046e-26
0.0388658 	-0.0144655 	0.000756647 	-2.19242e-26
0.0393126 	-0.014443 	0.000615665 	-1.80744e-26
0.0397593 	-0.0144198 	0.000474522 	-1.36666e-26
0.040206 	-0.0143911 	0.000332108 	-9.20858e-27
0.0406528 	-0.0143554 	0.00018814 	-4.68903e-27
0.0410995 	-0.0143198 	4.41729e-05 	-1.69483e-28
0.0415462 	-0.014272 	-0.000102764 	0
0.041993 	-0.0142238 	-0.000249816 	0
0.0424397 	-0.0141694 	-0.000398436 	0
0.0428864 	-0.0141083 	-0.000548788 	0
0.0433332 	-0.0140471 	-0.000699141 	0
0.0437799 	-0.0139727 	-0.000852829 	-5.12161e-27
0.0442266 	-0.0138981 	-0.00100656 	-1.0308e-26
0.0446734 	-0.0138164 	-0.00116191 	-1.5565e-26
0.0451201 	-0.0137277 	-0.00131887 	-2.08925e-26
0.0455668 	-0.0136388 	-0.00147588 	-2.60886e-26
0.0460136 	-0.0135352 	-0.00163564 	-2.09022e-26
0.0464603 	-0.0134315 	-0.0017954 	-1.57157e-26
0.046907 	-0.0133195 	-0.0019562 	-1.04552e-26
0.0473538 	-0.0131999 	-0.00211793 	-5.12773e-27
0.0478005 	-0.0130797 	-0.00227969 	2.11909e-28
0.0482472 	-0.012943 	-0.00244207 	5.86283e-27
0.048694 	-0.0128063 	-0.00260445 	1.15137e-26
0.0491407 	-0.0126595 	-0.00276612 	1.71796e-26
0.0495874 	-0.0125043 	-0.00292719 	2.28578e-26
0.0500342 	-0.0123479 	-0.00308801 	2.78279e-26
0.0504809 	-0.0121727 	-0.00324504 	2.2177e-26
0.0509276 	-0.0119975 	-0.00340206 	1.65261e-26
0.0513744 	-0.0118098 	-0.00355464 	1.75798e-26
0.0518211 	-0.0116127 	-0.00370392 	2.35892e-26
0.0522678 	-0.0114136 	-0.00385211 	3.00597e-26
0.0527146 	-0.0111927 	-0.00398884 	4.13392e-26
0.0531613 	-0.0109717 	-0.00412556 	5.26187e-26
0.053608 	-0.0107351 	-0.00425108 	5.01179e-26
0.0540548 	-0.0104879 	-0.00436912 	3.84304e-26
0.0545015 	-0.0102375 	-0.00448422 	2.67887e-26
0.0549482 	-0.00996176 	-0.00457611 	1.55093e-26
0.055395 	-0.00968597 	-0.00466799 	4.2298e-27
0.0558417 	-0.00939093 	-0.00473806 	0
0.0562884 	-0.00908432 	-0.00479503 	0
0.0567352 	-0.00877329 	-0.0048459 	0
0.0571819 	-0.00843451 	-0.00485844 	0
0.0576286 	-0.00809574 	-0.00487098 	0
0.0580754 	-0.00773644 	-0.00484862 	0
0.0585221 	-0.00736607 	-0.00480746 	0
0.0589688 	-0.00699121 	-0.0047564 	-6.17325e-28
0.0594156 	-0.00659314 	-0.00465432 	-4.41625e-27
0.0598623 	-0.00619507 	-0.00455223 	-8.21517e-27
0.060309 	-0.00578418 	-0.00440719 	-1.11669e-26
0.0607558 	-0.0053671 	-0.00424146 	-1.37108e-26
0.0612025 	-0.00494919 	-0.00406464 	-1.50654e-26
0.0616492 	-0.00452763 	-0.00383978 	-1.12665e-26
0.062096 	-0.00410607 	-0.00361493 	-7.46755e-27
0.0625427 	-0.00369533 	-0.00335829 	-4.54717e-27
0.0629894 	-0.00328924 	-0.00308804 	-2.0033e-27
0.0634362 	-0.00289131 	-0.00281298 	0
0.0638829 	-0.0025236 	-0.00252012 	0
0.0643296 	-0.0021559 	-0.00222726 	0
0.0647764 	-0.00183135 	-0.00193866 	0
0.0652231 	-0.00152316 	-0.00165168 	0
0.0656698 	-0.00123238 	-0.00137271 	-2.2756e-29
0.0661166 	-0.000997454 	-0.0011195 	-1.18571e-28
0.0665633 	-0.000762526 	-0.000866289 	-2.14385e-28
0.0670101 	-0.000584394 	-0.000653954 	-3.34946e-28
0.0674568 	-0.000425194 	-0.000455246 	-4.63754e-28
0.0679035 	-0.000283661 	-0.000273556 	-5.33599e-28
0.0683503 	-0.000191764 	-0.000139679 	-4.37785e-28
0.068797 	-9.98666e-05 	-5.80215e-06 	-3.4197e-28
0.0692437 	-4.8291e-05 	7.66535e-05 	-2.20585e-28
0.0696905 	-8.42152e-06 	0.00014418 	-9.17762e-29
0.0701372 	2.15639e-05 	0.000193528 	0
0.0705839 	2.7054e-05 	0.000197824 	0
0.0710307 	3.25441e-05 	0.000202119 	0
0.0714774 	2.67226e-05 	0.000166362 	-1.68007e-28
0.0719241 	1.80732e-05 	0.000120593 	-3.78016e-28
0.0723709 	1.0571e-05 	7.84237e-05 	-5.22547e-28
0.0728176 	5.59266e-06 	4.41754e-05 	-5.23027e-28
0.0732643 	6.14323e-07 	9.92724e-06 	-5.23507e-28
0.0737111 	-2.25579e-07 	2.61347e-06 	-3.50333e-28
0.0741578 	-1.87633e-07 	1.01306e-06 	-1.40325e-28
0.0746045 	-1.69698e-07 	-4.84339e-08 	-1.03183e-30
0.0750513 	-1.91047e-07 	-5.20757e-08 	-5.51907e-31
0.075498 	-2.12396e-07 	-5.57174e-08 	-7.19878e-32
0.0759447 	-2.1465e-07 	-5.98342e-08 	0
0.0763915 	-2.13536e-07 	-6.40347e-08 	0
0.0768382 	-2.11969e-07 	-6.85035e-08 	0
0.0772849 	-2.09607e-07 	-7.34441e-08 	0
0.0777317 	-2.07245e-07 	-7.83847e-08 	0
0.0781784 	-2.03812e-07 	-8.39999e-08 	0
0.0786251 	-2.00226e-07 	-8.97115e-08 	0
0.0790719 	-1.96178e-07 	-9.5724e-08 	0
0.0795186 	-1.91401e-07 	-1.02212e-07 	0
0.0799653 	-1.86624e-07 	-1.087e-07 	0
0.0804121 	-1.80804e-07 	-1.15898e-07 	0
0.0808588 	-1.74868e-07 	-1.23175e-07 	0
0.0813055 	-1.68467e-07 	-1.30792e-07 	0
0.0817523 	-1.61405e-07 	-1.38893e-07 	0
0.082199 	-1.54342e-07 	-1.46994e-07 	0
0.0826457 	-1.46273e-07 	-1.5592e-07 	0
0.0830925 	-1.38122e-07 	-1.64913e-07 	0
0.0835392 	-1.2952e-07 	-1.7434e-07 	0
0.0839859 	-1.20336e-07 	-1.84325e-07 	0
0.0844327 	-1.11153e-07 	-1.94311e-07 	0
0.0848794 	-1.01071e-07 	-2.05366e-07 	0
0.0853261 	-9.0942e-08 	-2.16478e-07 	0
0.0857729 	-8.04389e-08 	-2.28182e-07 	0
0.0862196 	-6.95009e-08 	-2.40575e-07 	0
0.0866663 	-5.85629e-08 	-2.52967e-07 	0
0.0871131 	-4.70297e-08 	-2.66752e-07 	0
0.0875598 	-3.54813e-08 	-2.80572e-07 	0
0.0880065 	-2.3769e-08 	-2.3128e-07 	0
0.0884533 	-1.18845e-08 	-1.1564e-07 	0
0.0889 	-3.74267e-22 	-4.28188e-21 	0
