0 	0 	0 	0
0.000446734 	-1.34468e-05 	-6.21469e-05 	7.89066e-26
0.000893467 	-2.68936e-05 	-0.000124294 	1.57813e-25
0.0013402 	-4.38642e-05 	-0.000181321 	2.76895e-25
0.00178693 	-6.41866e-05 	-0.000233478 	4.34193e-25
0.00223367 	-8.43524e-05 	-0.000284952 	5.85601e-25
0.0026804 	-9.84076e-05 	-0.000309799 	5.07271e-25
0.00312714 	-0.000112463 	-0.000334645 	4.28941e-25
0.00357387 	-0.000115398 	-0.000337143 	2.66206e-25
0.0040206 	-0.000108764 	-0.000320411 	3.08441e-26
0.00446734 	-0.000100301 	-0.000301018 	-1.94713e-25
0.00491407 	-5.70697e-05 	-0.000231056 	-2.33965e-25
0.0053608 	-1.38388e-05 	-0.000161095 	-2.73217e-25
0.00580754 	5.94295e-05 	-5.63819e-05 	-1.83223e-25
0.00625427 	0.00015606 	7.53597e-05 	7.29494e-27
0.00670101 	0.000257926 	0.000212003 	1.97426e-25
0.00714774 	0.000424361 	0.000409102 	3.82784e-25
0.00759447 	0.000590796 	0.000606201 	5.68142e-25
0.00804121 	0.000805172 	0.000838793 	5.78536e-25
0.00848794 	0.00105321 	0.00109631 	4.66082e-25
0.00893467 	0.0013096 	0.00135824 	3.61176e-25
0.00938141 	0.00164118 	0.00165991 	3.24195e-25
0.00982814 	0.00197276 	0.00196159 	2.87215e-25
0.0102749 	0.00234905 	0.00227425 	4.16518e-25
0.0107216 	0.00275364 	0.00259385 	6.51022e-25
0.0111683 	0.00316473 	0.00291186 	8.37922e-25
0.0116151 	0.0036214 	0.00321877 	6.91594e-25
0.0120618 	0.00407808 	0.00352567 	5.45265e-25
0.0125085 	0.00455149 	0.0038067 	2.21379e-25
0.0129553 	0.00503442 	0.00407301 	-2.0347e-25
0.013402 	0.00551755 	0.00433024 	-5.91095e-25
0.0138487 	0.0060018 	0.00453602 	-7.67779e-25
0.0142955 	0.00648604 	0.00474179 	-9.44463e-25
0.0147422 	0.00695789 	0.00490082 	-8.73107e-25
0.0151889 	0.00742342 	0.00503603 	-6.75391e-25
0.0156357 	0.00788332 	0.00515871 	-4.27941e-25
0.0160824 	0.00831665 	0.00522235 	5.39661e-26
0.0165291 	0.00874998 	0.00528599 	5.35873e-25
0.0169759 	0.0091562 	0.00530425 	6.81402e-25
0.0174226 	0.0095501 	0.00530189 	6.74031e-25
0.0178693 	0.00993565 	0.0052882 	6.14415e-25
0.0183161 	0.0102878 	0.00522921 	3.45818e-25
0.0187628 	0.0106399 	0.00517021 	7.72216e-26
0.0192095 	0.0109629 	0.00507856 	0
0.0196563 	0.0112742 	0.00497372 	0
0.020103 	0.0115768 	0.00486095 	-7.29138e-26
0.0205497 	0.0118499 	0.00472085 	-3.96975e-25
0.0209965 	0.0121229 	0.00458076 	-7.21037e-25
0.0214432 	0.0123703 	0.00442161 	-1.16734e-24
0.0218899 	0.0126085 	0.00425567 	-1.65715e-24
0.0223367 	0.0128389 	0.00408525 	-2.0024e-24
0.0227834 	0.0130457 	0.00390136 	-1.91397e-24
0.0232302 	0.0132525 	0.00371747 	-1.82555e-24
0.0236769 	0.0134378 	0.00352468 	-1.22766e-24
0.0241236 	0.0136164 	0.00332912 	-4.71087e-25
0.0245704 	0.0137879 	0.00313167 	2.36128e-25
0.0250171 	0.0139409 	0.00292924 	8.13212e-25
0.0254638 	0.0140939 	0.00272682 	1.3903e-24
0.0259106 	0.0142286 	0.00252181 	1.43889e-24
0.0263573 	0.0143583 	0.0023161 	1.34487e-24
0.026804 	0.0144815 	0.00211018 	1.22811e-24
0.0272508 	0.0145896 	0.00190375 	1.05829e-24
0.0276975 	0.0146978 	0.00169732 	8.88467e-25
0.0281442 	0.0147896 	0.00149175 	9.2399e-25
0.028591 	0.0148776 	0.00128638 	1.0069e-24
0.0290377 	0.0149594 	0.00108174 	9.83155e-25
0.0294844 	0.0150282 	0.000878607 	7.379e-25
0.0299312 	0.0150971 	0.000675477 	4.92645e-25
0.0303779 	0.0151505 	0.000474867 	-1.03301e-25
0.0308246 	0.0152009 	0.000274746 	-7.6729e-25
0.0312714 	0.015245 	7.58527e-05 	-1.17311e-24
0.0317181 	0.0152773 	-0.000120761 	-1.09948e-24
0.0321648 	0.0153095 	-0.000317375 	-1.02585e-24
0.0326116 	0.0153261 	-0.000510635 	-3.27578e-25
0.0330583 	0.0153402 	-0.00070336 	4.7028e-25
0.033505 	0.0153474 	-0.00089448 	1.02574e-24
0.0339518 	0.0153431 	-0.00108292 	1.17721e-24
0.0343985 	0.0153387 	-0.00127137 	1.32868e-24
0.0348452 	0.0153176 	-0.00145559 	8.68238e-25
0.035292 	0.0152943 	-0.00163927 	3.30234e-25
0.0357387 	0.0152632 	-0.0018208 	3.09149e-26
0.0361854 	0.0152202 	-0.00199907 	8.96225e-26
0.0366322 	0.0151772 	-0.00217735 	1.4833e-25
0.0370789 	0.0151154 	-0.00234986 	6.69532e-25
0.0375256 	0.0150517 	-0.00252182 	1.23508e-24
0.0379724 	0.0149787 	-0.00269054 	1.44008e-24
0.0384191 	0.014893 	-0.00285488 	1.15729e-24
0.0388658 	0.0148074 	-0.00301922 	8.74487e-25
0.0393126 	0.0146994 	-0.0031747 	2.1866e-26
0.0397593 	0.01459 	-0.00332959 	-8.68743e-25
0.040206 	0.0144687 	-0.00347906 	-1.41365e-24
0.0406528 	0.0143331 	-0.0036219 	-1.53604e-24
0.0410995 	0.0141974 	-0.00376475 	-1.65844e-24
0.0415462 	0.0140333 	-0.00389254 	-1.26535e-24
0.041993 	0.0138681 	-0.00401974 	-8.52184e-25
0.0424397 	0.0136867 	-0.00413721 	-5.69784e-25
0.0428864 	0.0134874 	-0.00424393 	-4.31916e-25
0.0433332 	0.0132881 	-0.00435065 	-2.94049e-25
0.0437799 	0.0130498 	-0.00443108 	-2.3271e-25
0.0442266 	0.012811 	-0.00451118 	-1.72339e-25
0.0446734 	0.0125496 	-0.00457439 	-1.13581e-25
0.0451201 	0.0122656 	-0.00462073 	-5.64331e-26
0.0455668 	0.0119809 	-0.00466656 	1.73836e-27
0.0460136 	0.0116469 	-0.0046718 	1.40807e-25
0.0464603 	0.0113129 	-0.00467704 	2.79876e-25
0.046907 	0.0109516 	-0.00465745 	5.19296e-25
0.0473538 	0.0105657 	-0.00461538 	8.49512e-25
0.0478005 	0.0101779 	-0.0045714 	1.16488e-24
0.0482472 	0.00974308 	-0.00447862 	1.09905e-24
0.048694 	0.00930825 	-0.00438584 	1.03322e-24
0.0491407 	0.00885171 	-0.00426575 	8.14711e-25
0.0495874 	0.00837742 	-0.00412332 	4.71292e-25
0.0500342 	0.00790167 	-0.00397819 	1.48687e-25
0.0504809 	0.00740417 	-0.0037926 	1.38287e-25
0.0509276 	0.00690667 	-0.00360701 	1.27888e-25
0.0513744 	0.00640829 	-0.00340333 	1.31061e-25
0.0518211 	0.00590927 	-0.00318628 	1.44265e-25
0.0522678 	0.00541221 	-0.0029678 	1.50815e-25
0.0527146 	0.00493557 	-0.00273439 	8.79753e-26
0.0531613 	0.00445894 	-0.00250097 	2.51358e-26
0.053608 	0.00400881 	-0.00226701 	0
0.0540548 	0.00357635 	-0.00203268 	0
0.0545015 	0.0031506 	-0.00179966 	0
0.0549482 	0.00277787 	-0.00157699 	0
0.055395 	0.00240514 	-0.00135431 	0
0.0558417 	0.00207424 	-0.00114404 	1.30594e-26
0.0562884 	0.00176845 	-0.000941199 	3.39545e-26
0.0567352 	0.00147184 	-0.000741889 	5.44816e-26
0.0571819 	0.00123277 	-0.000564708 	7.27002e-26
0.0576286 	0.00099371 	-0.000387526 	9.09188e-26
0.0580754 	0.000795228 	-0.000232776 	8.81516e-26
0.0585221 	0.000618599 	-9.01048e-05 	7.40843e-26
0.0589688 	0.000451308 	4.42318e-05 	5.74037e-26
0.0594156 	0.000332149 	0.000135612 	2.72548e-26
0.0598623 	0.000212991 	0.000226993 	-2.89405e-27
0.060309 	0.000129055 	0.000269264 	-2.03814e-26
0.0607558 	6.20788e-05 	0.000287891 	-3.17725e-26
0.0612025 	3.149e-06 	0.000291024 	-3.72476e-26
0.0616492 	-2.09128e-05 	0.000227023 	-1.70866e-26
0.062096 	-4.49746e-05 	0.000163022 	3.07444e-27
0.0625427 	-5.02347e-05 	5.63539e-05 	1.79202e-26
0.0629894 	-4.74369e-05 	-6.85993e-05 	3.0488e-26
0.0634362 	-4.28363e-05 	-0.000193991 	4.03271e-26
0.0638829 	-3.15547e-05 	-0.000321005 	4.00536e-26
0.0643296 	-2.02732e-05 	-0.00044802 	3.97801e-26
0.0647764 	-1.25411e-05 	-0.000513933 	4.49817e-26
0.0652231 	-6.15528e-06 	-0.00055667 	5.22601e-26
0.0656698 	-1.12451e-06 	-0.000559732 	5.59271e-26
0.0661166 	-4.43997e-07 	-0.000435417 	4.79995e-26
0.0665633 	2.36513e-07 	-0.000311101 	4.00719e-26
0.0670101 	3.58643e-07 	-0.000195614 	2.66299e-26
0.0674568 	2.94646e-07 	-8.30684e-05 	1.13497e-26
0.0679035 	2.56502e-07 	-6.45999e-08 	7.88804e-29
0.0683503 	2.90988e-07 	-5.82352e-08 	7.24623e-29
0.068797 	3.25475e-07 	-5.18705e-08 	6.60442e-29
0.0692437 	3.34011e-07 	-5.13865e-08 	9.36691e-29
0.0696905 	3.35011e-07 	-5.26099e-08 	1.31177e-28
0.0701372 	3.35524e-07 	-5.42192e-08 	1.82117e-28
0.0705839 	3.34828e-07 	-5.67852e-08 	2.66343e-28
0.0710307 	3.34132e-07 	-5.93512e-08 	3.50568e-28
0.0714774 	3.32178e-07 	-6.25174e-08 	3.32093e-28
0.0719241 	3.29908e-07 	-6.58336e-08 	2.87943e-28
0.0723709 	3.27225e-07 	-6.92772e-08 	1.84489e-28
0.0728176 	3.23635e-07 	-7.3001e-08 	-4.94344e-29
0.0732643 	3.20045e-07 	-7.67247e-08 	-2.83358e-28
0.0737111 	3.15556e-07 	-8.06409e-08 	-4.79416e-28
0.0741578 	3.10876e-07 	-8.45978e-08 	-6.67441e-28
0.0746045 	3.05888e-07 	-8.86081e-08 	-8.6189e-28
0.0750513 	3.00293e-07 	-9.27231e-08 	-1.06895e-27
0.075498 	2.94697e-07 	-9.68381e-08 	-1.276e-27
0.0759447 	2.88424e-07 	-1.01073e-07 	-1.25349e-27
0.0763915 	2.82032e-07 	-1.05328e-07 	-1.19046e-27
0.0768382 	2.75377e-07 	-1.09641e-07 	-9.57671e-28
0.0772849 	2.68262e-07 	-1.14054e-07 	-4.26332e-28
0.0777317 	2.61148e-07 	-1.18467e-07 	1.05006e-28
0.0781784 	2.53441e-07 	-1.23053e-07 	5.4072e-28
0.0786251 	2.4565e-07 	-1.27664e-07 	9.62774e-28
0.0790719 	2.37606e-07 	-1.32373e-07 	1.26722e-27
0.0795186 	2.29163e-07 	-1.37237e-07 	1.38576e-27
0.0799653 	2.2072e-07 	-1.42101e-07 	1.5043e-27
0.0804121 	2.11702e-07 	-1.47258e-07 	1.39606e-27
0.0808588 	2.02621e-07 	-1.52447e-07 	1.26262e-27
0.0813055 	1.93279e-07 	-1.57805e-07 	9.79816e-28
0.0817523 	1.83566e-07 	-1.63404e-07 	4.84268e-28
0.082199 	1.73854e-07 	-1.69003e-07 	-1.12795e-29
0.0826457 	1.63567e-07 	-1.75073e-07 	-4.62147e-28
0.0830925 	1.53233e-07 	-1.81181e-07 	-9.09391e-28
0.0835392 	1.42638e-07 	-1.87563e-07 	-1.18282e-27
0.0839859 	1.31705e-07 	-1.94296e-07 	-1.23276e-27
0.0844327 	1.20772e-07 	-2.0103e-07 	-1.28271e-27
0.0848794 	1.09309e-07 	-2.08478e-07 	-8.31152e-28
0.0853261 	9.78191e-08 	-2.15964e-07 	-3.53199e-28
0.0857729 	8.61061e-08 	-2.23861e-07 	-8.02094e-29
0.0862196 	7.41342e-08 	-2.32235e-07 	-4.542e-29
0.0866663 	6.21622e-08 	-2.40609e-07 	-1.06307e-29
0.0871131 	4.98357e-08 	-2.49969e-07 	-6.01872e-28
0.0875598 	3.75e-08 	-2.59354e-07 	-1.20917e-27
0.0880065 	2.50677e-08 	-2.12393e-07 	-1.22244e-27
0.0884533 	1.25339e-08 	-1.06196e-07 	-6.11218e-28
0.0889 	3.73421e-22 	-7.29659e-21 	-4.87954e-41
