0 	0 	0 	0
0.000446734 	0.000140692 	0.00301477 	3.0986e-26
0.000893467 	0.000280986 	0.00600894 	6.18927e-26
0.0013402 	0.000380919 	0.00828087 	6.89422e-26
0.00178693 	0.000443075 	0.00987603 	5.37837e-26
0.00223367 	0.000501445 	0.0114396 	3.84272e-26
0.0026804 	0.000489439 	0.012185 	2.26789e-26
0.00312714 	0.000477433 	0.0129304 	6.93065e-27
0.00357387 	0.000454342 	0.0134959 	7.52717e-27
0.0040206 	0.000423722 	0.0139129 	2.21405e-26
0.00446734 	0.000392434 	0.0143208 	3.71971e-26
0.00491407 	0.000361556 	0.0145619 	6.25838e-26
0.0053608 	0.000330678 	0.014803 	8.79706e-26
0.00580754 	0.000300469 	0.0149555 	9.63973e-26
0.00625427 	0.00027165 	0.0150394 	9.23944e-26
0.00670101 	0.000242564 	0.0151124 	8.65945e-26
0.00714774 	0.000215358 	0.015056 	6.12077e-26
0.00759447 	0.000188153 	0.0149996 	3.5821e-26
0.00804121 	0.000161776 	0.0148767 	1.9922e-26
0.00848794 	0.000136469 	0.0147076 	9.31159e-27
0.00893467 	0.000111213 	0.0145299 	0
0.00938141 	8.83452e-05 	0.0142763 	0
0.00982814 	6.54772e-05 	0.0140227 	0
0.0102749 	4.42415e-05 	0.0137319 	0
0.0107216 	2.42184e-05 	0.0134179 	0
0.0111683 	4.5348e-06 	0.0130986 	0
0.0116151 	-1.24603e-05 	0.0127436 	0
0.0120618 	-2.94554e-05 	0.0123886 	0
0.0125085 	-4.45063e-05 	0.0120176 	0
0.0129553 	-5.84837e-05 	0.0116377 	0
0.013402 	-7.1959e-05 	0.0112559 	0
0.0138487 	-8.30515e-05 	0.010864 	0
0.0142955 	-9.4144e-05 	0.0104721 	0
0.0147422 	-0.000103354 	0.0100794 	0
0.0151889 	-0.000111769 	0.00968623 	0
0.0156357 	-0.00011962 	0.00929434 	0
0.0160824 	-0.000125609 	0.00890848 	0
0.0165291 	-0.000131599 	0.00852263 	0
0.0169759 	-0.00013595 	0.00814629 	0
0.0174226 	-0.000139791 	0.0077743 	0
0.0178693 	-0.000143082 	0.00740606 	0
0.0183161 	-0.00014506 	0.00705282 	0
0.0187628 	-0.000147037 	0.00669959 	0
0.0192095 	-0.0001477 	0.00636213 	0
0.0196563 	-0.000148094 	0.00603104 	0
0.020103 	-0.000148002 	0.00570541 	0
0.0205497 	-0.000147081 	0.00539854 	0
0.0209965 	-0.000146161 	0.00509167 	0
0.0214432 	-0.000144268 	0.00480341 	0
0.0218899 	-0.000142285 	0.00452175 	0
0.0223367 	-0.000139911 	0.00424643 	0
0.0227834 	-0.000137096 	0.00399004 	0
0.0232302 	-0.00013428 	0.00373365 	0
0.0236769 	-0.000130812 	0.003496 	0
0.0241236 	-0.000127369 	0.00326416 	0
0.0245704 	-0.00012364 	0.00303873 	0
0.0250171 	-0.000119749 	0.00283009 	0
0.0254638 	-0.000115858 	0.00262146 	0
0.0259106 	-0.000111586 	0.00242965 	0
0.0263573 	-0.000107398 	0.00224235 	0
0.026804 	-0.000103029 	0.00206079 	0
0.0272508 	-9.86724e-05 	0.00189255 	0
0.0276975 	-9.43153e-05 	0.0017243 	0
0.0281442 	-8.9791e-05 	0.00156945 	0
0.028591 	-8.53659e-05 	0.00141765 	0
0.0290377 	-8.08531e-05 	0.0012703 	0
0.0294844 	-7.64409e-05 	0.00113209 	0
0.0299312 	-7.20287e-05 	0.000993876 	0
0.0303779 	-6.76108e-05 	0.000864535 	0
0.0308246 	-6.32763e-05 	0.000736874 	0
0.0312714 	-5.89377e-05 	0.00061183 	0
0.0317181 	-5.47302e-05 	0.000491549 	0
0.0321648 	-5.05227e-05 	0.000371268 	0
0.0326116 	-4.64263e-05 	0.000254582 	0
0.0330583 	-4.23776e-05 	0.000138431 	0
0.033505 	-3.83956e-05 	2.26275e-05 	0
0.0339518 	-3.45327e-05 	-9.26847e-05 	0
0.0343985 	-3.06699e-05 	-0.000207997 	0
0.0348452 	-2.70235e-05 	-0.000325455 	0
0.035292 	-2.3382e-05 	-0.000443222 	0
0.0357387 	-1.98874e-05 	-0.000563243 	0
0.0361854 	-1.65059e-05 	-0.00068672 	0
0.0366322 	-1.31243e-05 	-0.000810198 	0
0.0370789 	-1.00953e-05 	-0.000941764 	0
0.0375256 	-7.02879e-06 	-0.00107414 	0
0.0379724 	-4.21766e-06 	-0.00121157 	-1.57908e-26
0.0384191 	-1.54793e-06 	-0.0013559 	-5.50137e-26
0.0388658 	1.1218e-06 	-0.00150024 	-9.42367e-26
0.0393126 	3.21688e-06 	-0.00165849 	-1.31588e-25
0.0397593 	5.38829e-06 	-0.00181768 	-1.70686e-25
0.040206 	7.15223e-06 	-0.00198476 	-1.67022e-25
0.0406528 	8.70033e-06 	-0.00216149 	-1.10209e-25
0.0410995 	1.02484e-05 	-0.00233822 	-5.33966e-26
0.0415462 	1.09054e-05 	-0.0025341 	3.7097e-27
0.041993 	1.16782e-05 	-0.00273073 	6.0189e-26
0.0424397 	1.1836e-05 	-0.00293776 	8.05766e-26
0.0428864 	1.16529e-05 	-0.00315629 	6.2987e-26
0.0433332 	1.1423e-05 	-0.00337498 	4.49826e-26
0.0437799 	9.96115e-06 	-0.00361648 	2.56817e-26
0.0442266 	8.6127e-06 	-0.00385842 	8.3009e-27
0.0446734 	6.37697e-06 	-0.00411255 	-7.96689e-27
0.0451201 	3.62591e-06 	-0.00437884 	-2.46483e-26
0.0455668 	6.94124e-07 	-0.00464562 	-4.28829e-26
0.0460136 	-3.7564e-06 	-0.00493632 	-6.00245e-26
0.0464603 	-8.17276e-06 	-0.00522717 	-7.64739e-26
0.046907 	-1.38117e-05 	-0.00553065 	-7.54932e-26
0.0473538 	-2.01785e-05 	-0.00584544 	-5.88118e-26
0.0478005 	-2.68288e-05 	-0.00616115 	-3.99325e-26
0.0482472 	-3.5449e-05 	-0.00649827 	-2.3483e-26
0.048694 	-4.40692e-05 	-0.00683538 	-7.03361e-27
0.0491407 	-5.4296e-05 	-0.00718333 	0
0.0495874 	-6.54833e-05 	-0.00753996 	0
0.0500342 	-7.7036e-05 	-0.00789766 	1.27197e-27
0.0504809 	-9.11069e-05 	-0.00826963 	3.29999e-26
0.0509276 	-0.000105178 	-0.0086416 	6.47278e-26
0.0513744 	-0.000121254 	-0.00901923 	1.00757e-25
0.0518211 	-0.000138517 	-0.0094008 	1.32548e-25
0.0522678 	-0.000156232 	-0.00978271 	1.58791e-25
0.0527146 	-0.000176973 	-0.0101663 	1.27064e-25
0.0531613 	-0.000197713 	-0.0105499 	9.53356e-26
0.053608 	-0.000220809 	-0.0109292 	5.92936e-26
0.0540548 	-0.000245277 	-0.0113052 	2.75023e-26
0.0545015 	-0.000270268 	-0.0116793 	0
0.0549482 	-0.000298667 	-0.0120359 	0
0.055395 	-0.000327067 	-0.0123925 	0
0.0558417 	-0.000358045 	-0.0127281 	0
0.0562884 	-0.000390512 	-0.0130509 	0
0.0567352 	-0.000423523 	-0.0133668 	0
0.0571819 	-0.000460068 	-0.0136384 	0
0.0576286 	-0.000496612 	-0.0139099 	0
0.0580754 	-0.000535609 	-0.0141348 	0
0.0585221 	-0.000576043 	-0.0143342 	0
0.0589688 	-0.000616916 	-0.014518 	0
0.0594156 	-0.000660958 	-0.0146197 	0
0.0598623 	-0.000705 	-0.0147214 	0
0.060309 	-0.000751145 	-0.0147385 	0
0.0607558 	-0.000798631 	-0.0147141 	0
0.0612025 	-0.000846489 	-0.0146618 	0
0.0616492 	-0.000897478 	-0.0144869 	0
0.062096 	-0.000948467 	-0.0143119 	0
0.0625427 	-0.00100412 	-0.0140271 	0
0.0629894 	-0.00106236 	-0.0136953 	0
0.0634362 	-0.0011257 	-0.0133302 	0
0.0638829 	-0.00121077 	-0.0128398 	0
0.0643296 	-0.00129585 	-0.0123494 	0
0.0647764 	-0.00136683 	-0.0116382 	0
0.0652231 	-0.00143002 	-0.0108391 	0
0.0656698 	-0.00142746 	-0.00987239 	0
0.0661166 	-0.00119447 	-0.00835702 	0
0.0665633 	-0.00096149 	-0.00684164 	0
0.0670101 	-0.000663913 	-0.00508985 	0
0.0674568 	-0.000362839 	-0.00329148 	0
0.0679035 	-0.000127818 	-0.00175356 	0
0.0683503 	-6.97261e-05 	-0.000957643 	0
0.068797 	-1.16338e-05 	-0.000161723 	0
0.0692437 	8.86805e-08 	-4.42604e-07 	0
0.0696905 	3.27383e-08 	-4.0048e-07 	0
0.0701372 	-1.24196e-08 	-3.68436e-07 	0
0.0705839 	-3.17678e-08 	-3.60454e-07 	0
0.0710307 	-5.11161e-08 	-3.52472e-07 	0
0.0714774 	-6.05411e-08 	-3.46203e-07 	0
0.0719241 	-6.76188e-08 	-3.40696e-07 	0
0.0723709 	-7.27425e-08 	-3.36107e-07 	0
0.0728176 	-7.39205e-08 	-3.3389e-07 	0
0.0732643 	-7.50985e-08 	-3.31672e-07 	0
0.0737111 	-7.40457e-08 	-3.31648e-07 	0
0.0741578 	-7.26187e-08 	-3.32139e-07 	0
0.0746045 	-7.07844e-08 	-3.33301e-07 	-1.26703e-29
0.0750513 	-6.83185e-08 	-3.35819e-07 	-5.2882e-29
0.075498 	-6.58526e-08 	-3.38336e-07 	-9.30938e-29
0.0759447 	-6.30796e-08 	-3.42135e-07 	-1.33395e-28
0.0763915 	-6.02989e-08 	-3.4616e-07 	-1.67181e-28
0.0768382 	-5.74913e-08 	-3.50607e-07 	-1.73135e-28
0.0772849 	-5.47157e-08 	-3.55787e-07 	-1.32924e-28
0.0777317 	-5.19401e-08 	-3.60966e-07 	-9.27121e-29
0.0781784 	-4.92599e-08 	-3.66956e-07 	-5.37235e-29
0.0786251 	-4.66186e-08 	-3.73056e-07 	-1.99371e-29
0.0790719 	-4.4027e-08 	-3.79458e-07 	0
0.0795186 	-4.156e-08 	-3.86325e-07 	0
0.0799653 	-3.90931e-08 	-3.93191e-07 	0
0.0804121 	-3.67671e-08 	-4.0066e-07 	0
0.0808588 	-3.44736e-08 	-4.0819e-07 	0
0.0813055 	-3.22305e-08 	-4.15969e-07 	-1.16659e-29
0.0817523 	-3.00915e-08 	-4.24094e-07 	-4.15717e-29
0.082199 	-2.79524e-08 	-4.32219e-07 	-7.14775e-29
0.0826457 	-2.59196e-08 	-4.40854e-07 	-9.83322e-29
0.0830925 	-2.39085e-08 	-4.49527e-07 	-1.23587e-28
0.0835392 	-2.19294e-08 	-4.58427e-07 	-1.1545e-28
0.0839859 	-2.00175e-08 	-4.67615e-07 	-6.39621e-29
0.0844327 	-1.81055e-08 	-4.76803e-07 	-1.24741e-29
0.0848794 	-1.62492e-08 	-4.86462e-07 	3.37068e-29
0.0853261 	-1.44072e-08 	-4.96144e-07 	7.78144e-29
0.0857729 	-1.25738e-08 	-5.06049e-07 	9.07982e-29
0.0862196 	-1.07732e-08 	-5.16211e-07 	6.9216e-29
0.0866663 	-8.97262e-09 	-5.26373e-07 	4.76338e-29
0.0871131 	-7.17461e-09 	-5.36985e-07 	2.80925e-29
0.0875598 	-5.38728e-09 	-5.47607e-07 	9.23962e-30
0.0880065 	-3.58761e-09 	-4.49886e-07 	0
0.0884533 	-1.79648e-09 	-2.27536e-07 	0
0.0889 	0 	0 	0
