0 	0 	0 	0
0.000446734 	1.37891e-06 	0.000267221 	-8.82669e-27
0.000893467 	2.75782e-06 	0.000534443 	-1.76534e-26
0.0013402 	1.60927e-06 	0.000682373 	-1.9719e-26
0.00178693 	-1.94344e-06 	0.000716832 	-1.53535e-26
0.00223367 	-5.41091e-06 	0.000747926 	-1.09855e-26
0.0026804 	-5.55442e-06 	0.000647777 	-6.52438e-27
0.00312714 	-5.69793e-06 	0.000547629 	-2.06326e-27
0.00357387 	1.05276e-08 	0.000418387 	0
0.0040206 	1.07544e-05 	0.000264111 	0
0.00446734 	2.18358e-05 	0.00011022 	0
0.00491407 	3.933e-05 	-3.63596e-05 	0
0.0053608 	5.68242e-05 	-0.000182939 	0
0.00580754 	7.06512e-05 	-0.000300746 	0
0.00625427 	8.1626e-05 	-0.000396173 	0
0.00670101 	9.09955e-05 	-0.000486322 	-6.15092e-28
0.00714774 	8.05668e-05 	-0.00051137 	-8.81633e-27
0.00759447 	7.01381e-05 	-0.000536417 	-1.70176e-26
0.00804121 	4.09305e-05 	-0.000523317 	-2.50248e-26
0.00848794 	-1.46241e-06 	-0.000483434 	-3.28959e-26
0.00893467 	-4.76048e-05 	-0.000438957 	-3.91598e-26
0.00938141 	-0.000127493 	-0.000353147 	-3.09585e-26
0.00982814 	-0.000207381 	-0.000267337 	-2.27573e-26
0.0102749 	-0.000312463 	-0.000164631 	-1.47583e-26
0.0107216 	-0.000433483 	-5.12355e-05 	-6.8872e-27
0.0111683 	-0.000560218 	6.43431e-05 	-3.93833e-28
0.0116151 	-0.00072695 	0.000195204 	-3.5445e-27
0.0120618 	-0.000893683 	0.000326065 	-6.69517e-27
0.0125085 	-0.0010932 	0.000466501 	-9.60844e-27
0.0129553 	-0.00131136 	0.000612382 	-1.23867e-26
0.013402 	-0.00153795 	0.000760628 	-1.42757e-26
0.0138487 	-0.00181235 	0.000922281 	-1.1125e-26
0.0142955 	-0.00208675 	0.00108393 	-7.97434e-27
0.0147422 	-0.00239917 	0.00125576 	-5.07037e-27
0.0151889 	-0.00273096 	0.00143276 	-2.29209e-27
0.0156357 	-0.00307197 	0.00161175 	0
0.0160824 	-0.00345649 	0.00180006 	0
0.0165291 	-0.003841 	0.00198838 	0
0.0169759 	-0.00425418 	0.00217898 	0
0.0174226 	-0.00468039 	0.00237062 	0
0.0178693 	-0.00511168 	0.0025608 	0
0.0183161 	-0.00556334 	0.00274515 	0
0.0187628 	-0.00601499 	0.00292949 	0
0.0192095 	-0.00647122 	0.00310064 	0
0.0196563 	-0.00692931 	0.00326647 	0
0.020103 	-0.0073846 	0.00342592 	0
0.0205497 	-0.00783026 	0.00356341 	0
0.0209965 	-0.00827591 	0.00370091 	0
0.0214432 	-0.0087005 	0.00381242 	0
0.0218899 	-0.00911759 	0.00391469 	0
0.0223367 	-0.00952463 	0.00400731 	4.23567e-28
0.0227834 	-0.00990148 	0.00407102 	2.11783e-27
0.0232302 	-0.0102783 	0.00413473 	3.8121e-27
0.0236769 	-0.0106195 	0.00416918 	5.91348e-27
0.0241236 	-0.0109496 	0.00419452 	8.14166e-27
0.0245704 	-0.0112663 	0.00421012 	9.29116e-27
0.0250171 	-0.0115479 	0.00420008 	7.5969e-27
0.0254638 	-0.0118294 	0.00419005 	5.90263e-27
0.0259106 	-0.0120743 	0.00415597 	8.58428e-27
0.0263573 	-0.0123094 	0.0041154 	1.24467e-26
0.026804 	-0.0125319 	0.00406738 	1.71453e-26
0.0272508 	-0.012725 	0.00400196 	2.37946e-26
0.0276975 	-0.0129181 	0.00393655 	3.0444e-26
0.0281442 	-0.0130817 	0.00385553 	2.67422e-26
0.028591 	-0.0132385 	0.00377092 	2.06515e-26
0.0290377 	-0.0133854 	0.0036817 	1.43793e-26
0.0294844 	-0.0135117 	0.00358293 	7.72992e-27
0.0299312 	-0.0136381 	0.00348415 	1.08053e-27
0.0303779 	-0.0137432 	0.00337696 	0
0.0308246 	-0.0138442 	0.00326814 	0
0.0312714 	-0.0139378 	0.0031569 	0
0.0317181 	-0.0140176 	0.00304114 	0
0.0321648 	-0.0140975 	0.00292539 	0
0.0326116 	-0.0141619 	0.00280555 	1.39383e-26
0.0330583 	-0.0142239 	0.00268506 	3.00987e-26
0.033505 	-0.01428 	0.00256333 	4.62994e-26
0.0339518 	-0.0143263 	0.00243953 	6.25674e-26
0.0343985 	-0.0143727 	0.00231574 	7.88354e-26
0.0348452 	-0.0144065 	0.00218976 	6.63232e-26
0.035292 	-0.0144388 	0.00206351 	5.01628e-26
0.0357387 	-0.0144659 	0.00193644 	3.39594e-26
0.0361854 	-0.0144852 	0.00180815 	1.76914e-26
0.0366322 	-0.0145045 	0.00167986 	1.42345e-27
0.0370789 	-0.0145125 	0.00154983 	-3.67374e-27
0.0375256 	-0.0145195 	0.00141962 	-7.69976e-27
0.0379724 	-0.0145214 	0.00128856 	-1.17615e-26
0.0384191 	-0.0145165 	0.00115634 	-1.58714e-26
0.0388658 	-0.0145115 	0.00102413 	-1.99814e-26
0.0393126 	-0.0144956 	0.000889809 	-1.64639e-26
0.0397593 	-0.014479 	0.000755351 	-1.24378e-26
0.040206 	-0.0144572 	0.000619744 	-8.37404e-27
0.0406528 	-0.0144289 	0.000482732 	-4.26408e-27
0.0410995 	-0.0144007 	0.00034572 	-1.54123e-28
0.0415462 	-0.0143612 	0.00020592 	0
0.041993 	-0.0143212 	6.60103e-05 	0
0.0424397 	-0.0142756 	-7.54405e-05 	0
0.0428864 	-0.0142237 	-0.000218595 	0
0.0433332 	-0.0141718 	-0.00036175 	0
0.0437799 	-0.0141077 	-0.000508401 	-4.70713e-27
0.0442266 	-0.0140434 	-0.000655097 	-9.47384e-27
0.0446734 	-0.0139728 	-0.000803638 	-1.43172e-26
0.0451201 	-0.0138956 	-0.000954025 	-1.92372e-26
0.0455668 	-0.0138184 	-0.00110446 	-2.40362e-26
0.0460136 	-0.0137277 	-0.00125846 	-1.92695e-26
0.0464603 	-0.013637 	-0.00141246 	-1.45028e-26
0.046907 	-0.0135388 	-0.00156817 	-9.65556e-27
0.0473538 	-0.0134337 	-0.00172543 	-4.73553e-27
0.0478005 	-0.013328 	-0.00188277 	2.01015e-28
0.0482472 	-0.0132075 	-0.00204252 	5.56141e-27
0.048694 	-0.0130871 	-0.00220228 	1.09218e-26
0.0491407 	-0.0129575 	-0.00236272 	1.63375e-26
0.0495874 	-0.0128205 	-0.00252373 	2.17983e-26
0.0500342 	-0.0126824 	-0.00268471 	2.65828e-26
0.0504809 	-0.0125275 	-0.00284512 	2.12224e-26
0.0509276 	-0.0123727 	-0.00300554 	1.5862e-26
0.0513744 	-0.0122067 	-0.0031641 	1.71016e-26
0.0518211 	-0.0120326 	-0.00332128 	2.32194e-26
0.0522678 	-0.0118566 	-0.00347788 	2.98015e-26
0.0527146 	-0.0116614 	-0.00362827 	4.12245e-26
0.0531613 	-0.0114663 	-0.00377866 	5.26475e-26
0.053608 	-0.0112574 	-0.00392216 	5.02695e-26
0.0540548 	-0.0110393 	-0.00406107 	3.86909e-26
0.0545015 	-0.0108183 	-0.004198 	2.71297e-26
0.0549482 	-0.0105751 	-0.00431943 	1.57067e-26
0.055395 	-0.0103319 	-0.00444085 	4.28364e-27
0.0558417 	-0.0100716 	-0.00454672 	0
0.0562884 	-0.00980092 	-0.00464325 	0
0.0567352 	-0.00952618 	-0.00473515 	0
0.0571819 	-0.00922583 	-0.00479801 	0
0.0576286 	-0.00892548 	-0.00486087 	0
0.0580754 	-0.00860478 	-0.00489548 	0
0.0585221 	-0.00827312 	-0.00491488 	0
0.0589688 	-0.00793637 	-0.00492563 	-8.47694e-28
0.0594156 	-0.00757339 	-0.00489174 	-6.06427e-27
0.0598623 	-0.00721042 	-0.00485786 	-1.12808e-26
0.060309 	-0.00682831 	-0.00478246 	-1.55537e-26
0.0607558 	-0.00643699 	-0.00468708 	-1.9372e-26
0.0612025 	-0.00604177 	-0.00457941 	-2.14964e-26
0.0616492 	-0.00562965 	-0.00441849 	-1.62798e-26
0.062096 	-0.00521752 	-0.00425756 	-1.10632e-26
0.0625427 	-0.00480023 	-0.00405291 	-6.82538e-27
0.0629894 	-0.00438072 	-0.00382952 	-3.00699e-27
0.0634362 	-0.00396376 	-0.00359556 	0
0.0638829 	-0.00355624 	-0.00332241 	0
0.0643296 	-0.00314872 	-0.00304925 	0
0.0647764 	-0.00276679 	-0.00275658 	0
0.0652231 	-0.00239456 	-0.0024565 	0
0.0656698 	-0.00203611 	-0.00215715 	3.37809e-30
0.0661166 	-0.00172184 	-0.00186015 	1.76016e-29
0.0665633 	-0.00140756 	-0.00156315 	3.18251e-29
0.0670101 	-0.00114864 	-0.00129139 	6.21673e-29
0.0674568 	-0.000908167 	-0.00102804 	9.78824e-29
0.0679035 	-0.000688139 	-0.000779652 	1.20489e-28
0.0683503 	-0.000525556 	-0.000573281 	1.06265e-28
0.068797 	-0.000362973 	-0.000366911 	9.20416e-29
0.0692437 	-0.000254403 	-0.000213579 	6.11621e-29
0.0696905 	-0.000161514 	-7.56459e-05 	2.5447e-29
0.0701372 	-8.40141e-05 	4.24214e-05 	0
0.0705839 	-4.46543e-05 	0.000111256 	0
0.0710307 	-5.29444e-06 	0.00018009 	0
0.0714774 	5.9837e-06 	0.000198275 	-5.14488e-29
0.0719241 	1.02414e-05 	0.000203797 	-1.1576e-28
0.0723709 	1.16601e-05 	0.000192666 	-1.59974e-28
0.0728176 	6.83278e-06 	0.000144895 	-1.59974e-28
0.0732643 	2.00548e-06 	9.71238e-05 	-1.59974e-28
0.0737111 	7.75746e-07 	5.93246e-05 	-1.06917e-28
0.0741578 	3.09132e-07 	2.36406e-05 	-4.26061e-29
0.0746045 	-8.13158e-14 	6.05683e-13 	-4.75578e-35
0.0750513 	-4.34943e-14 	3.23482e-13 	-2.54379e-35
0.075498 	-5.67267e-15 	4.12806e-14 	-3.31799e-36
0.0759447 	3.65997e-19 	-7.02162e-16 	0
0.0763915 	1.29923e-19 	-2.93419e-16 	0
0.0768382 	-1.95582e-20 	-2.80599e-17 	0
0.0772849 	-1.67537e-20 	-1.48586e-17 	0
0.0777317 	-1.39491e-20 	-1.65733e-18 	0
0.0781784 	-1.51076e-20 	-7.76263e-21 	0
0.0786251 	-1.68323e-20 	-8.44264e-21 	0
0.0790719 	-1.77903e-20 	-9.14367e-21 	0
0.0795186 	-1.75365e-20 	-9.87793e-21 	0
0.0799653 	-1.72826e-20 	-1.06122e-20 	0
0.0804121 	-1.68785e-20 	-1.14157e-20 	0
0.0808588 	-1.64577e-20 	-1.22268e-20 	0
0.0813055 	-1.59722e-20 	-1.30762e-20 	0
0.0817523 	-1.53947e-20 	-1.39801e-20 	0
0.082199 	-1.48172e-20 	-1.48841e-20 	0
0.0826457 	-1.41056e-20 	-1.58861e-20 	0
0.0830925 	-1.33831e-20 	-1.68962e-20 	0
0.0835392 	-1.26027e-20 	-1.79588e-20 	0
0.0839859 	-1.17479e-20 	-1.9089e-20 	0
0.0844327 	-1.08932e-20 	-2.02192e-20 	0
0.0848794 	-9.92708e-21 	-2.1479e-20 	0
0.0853261 	-8.95512e-21 	-2.27456e-20 	0
0.0857729 	-7.93801e-21 	-2.40839e-20 	0
0.0862196 	-6.86845e-21 	-2.55055e-20 	0
0.0866663 	-5.79888e-21 	-2.69271e-20 	0
0.0871131 	-4.65958e-21 	-2.85176e-20 	0
0.0875598 	-3.51849e-21 	-3.01125e-20 	0
0.0880065 	-2.35874e-21 	-2.48683e-20 	0
0.0884533 	-1.17937e-21 	-1.24341e-20 	0
0.0889 	-3.72508e-35 	-4.61677e-34 	0
