0 	0 	0 	0
0.000446734 	6.45854e-07 	0.000293137 	-8.54496e-27
0.000893467 	1.29171e-06 	0.000586275 	-1.70899e-26
0.0013402 	-1.60831e-06 	0.000751404 	-1.90896e-26
0.00178693 	-7.88124e-06 	0.00079477 	-1.48633e-26
0.00223367 	-1.40774e-05 	0.00083451 	-1.06346e-26
0.0026804 	-1.72776e-05 	0.000732858 	-6.316e-27
0.00312714 	-2.04778e-05 	0.000631206 	-1.99737e-27
0.00357387 	-1.67066e-05 	0.000496486 	0
0.0040206 	-6.93675e-06 	0.000333312 	0
0.00446734 	3.37792e-06 	0.000170208 	0
0.00491407 	2.40444e-05 	8.43116e-06 	0
0.0053608 	4.47109e-05 	-0.000153346 	0
0.00580754 	6.46447e-05 	-0.000288583 	0
0.00625427 	8.40088e-05 	-0.000403178 	0
0.00670101 	0.000102126 	-0.000512478 	-5.95223e-28
0.00714774 	0.000104865 	-0.000556468 	-8.53153e-27
0.00759447 	0.000107605 	-0.000600457 	-1.64678e-26
0.00804121 	9.35903e-05 	-0.000604043 	-2.42143e-26
0.00848794 	6.78121e-05 	-0.000579259 	-3.18276e-26
0.00893467 	3.85459e-05 	-0.000549444 	-3.78859e-26
0.00938141 	-2.21133e-05 	-0.000474343 	-2.99496e-26
0.00982814 	-8.27724e-05 	-0.000399242 	-2.20133e-26
0.0102749 	-0.000166873 	-0.000305901 	-1.42749e-26
0.0107216 	-0.000265804 	-0.000201022 	-6.6616e-27
0.0111683 	-0.000370002 	-9.40142e-05 	-3.90444e-28
0.0116151 	-0.000511068 	2.78891e-05 	-3.514e-27
0.0120618 	-0.000652134 	0.000149792 	-6.63755e-27
0.0125085 	-0.000823638 	0.000280173 	-9.55509e-27
0.0129553 	-0.00101245 	0.000415373 	-1.23555e-26
0.013402 	-0.00120933 	0.000552762 	-1.42673e-26
0.0138487 	-0.00145191 	0.00070255 	-1.11437e-26
0.0142955 	-0.0016945 	0.000852338 	-8.02018e-27
0.0147422 	-0.00197524 	0.0010128 	-5.11072e-27
0.0151889 	-0.00227543 	0.00117871 	-2.31032e-27
0.0156357 	-0.00258553 	0.00134718 	0
0.0160824 	-0.00294241 	0.00152778 	0
0.0165291 	-0.00329929 	0.00170838 	0
0.0169759 	-0.00369028 	0.00189526 	0
0.0174226 	-0.00409676 	0.002085 	0
0.0178693 	-0.00451054 	0.00227475 	0
0.0183161 	-0.00495349 	0.00246453 	0
0.0187628 	-0.00539644 	0.00265432 	0
0.0192095 	-0.00585289 	0.00283632 	0
0.0196563 	-0.00631478 	0.00301518 	0
0.020103 	-0.00677659 	0.00318914 	0
0.0205497 	-0.00723814 	0.00334624 	0
0.0209965 	-0.0076997 	0.00350334 	0
0.0214432 	-0.00814756 	0.00363785 	0
0.0218899 	-0.00859056 	0.00376432 	0
0.0223367 	-0.0090252 	0.00388169 	3.51558e-28
0.0227834 	-0.0094348 	0.0039718 	1.75779e-27
0.0232302 	-0.0098444 	0.0040619 	3.16402e-27
0.0236769 	-0.0102209 	0.00412265 	5.00332e-27
0.0241236 	-0.010587 	0.00417424 	6.97749e-27
0.0245704 	-0.0109398 	0.00421556 	8.02206e-27
0.0250171 	-0.0112575 	0.00422978 	6.61583e-27
0.0254638 	-0.0115751 	0.004244 	5.20959e-27
0.0259106 	-0.0118543 	0.00423165 	7.90264e-27
0.0263573 	-0.0121231 	0.00421214 	1.17018e-26
0.026804 	-0.0123782 	0.00418406 	1.62901e-26
0.0272508 	-0.0126012 	0.00413598 	2.27195e-26
0.0276975 	-0.0128241 	0.00408791 	2.91489e-26
0.0281442 	-0.0130139 	0.00402127 	2.56635e-26
0.028591 	-0.0131961 	0.00395036 	1.98901e-26
0.0290377 	-0.013367 	0.00387381 	1.39035e-26
0.0294844 	-0.0135143 	0.00378557 	7.47415e-27
0.0299312 	-0.0136617 	0.00369733 	1.04477e-27
0.0303779 	-0.0137848 	0.0035986 	0
0.0308246 	-0.0139031 	0.00349783 	0
0.0312714 	-0.0140131 	0.00339403 	0
0.0317181 	-0.0141075 	0.00328457 	0
0.0321648 	-0.0142019 	0.00317512 	0
0.0326116 	-0.0142791 	0.00306065 	1.39316e-26
0.0330583 	-0.0143537 	0.00294537 	3.00842e-26
0.033505 	-0.0144219 	0.00282864 	4.62638e-26
0.0339518 	-0.0144796 	0.00270951 	6.24883e-26
0.0343985 	-0.0145373 	0.00259037 	7.87128e-26
0.0348452 	-0.014582 	0.00246892 	6.62027e-26
0.035292 	-0.014625 	0.00234718 	5.00501e-26
0.0357387 	-0.0146627 	0.00222467 	3.38687e-26
0.0361854 	-0.0146925 	0.00210102 	1.76442e-26
0.0366322 	-0.0147222 	0.00197737 	1.41965e-27
0.0370789 	-0.0147408 	0.00185225 	-3.61815e-27
0.0375256 	-0.0147582 	0.00172698 	-7.58326e-27
0.0379724 	-0.0147707 	0.00160105 	-1.15721e-26
0.0384191 	-0.0147765 	0.0014742 	-1.5593e-26
0.0388658 	-0.0147822 	0.00134735 	-1.96139e-26
0.0393126 	-0.0147773 	0.00121884 	-1.61479e-26
0.0397593 	-0.0147717 	0.00109023 	-1.21828e-26
0.040206 	-0.014761 	0.000960696 	-8.1926e-27
0.0406528 	-0.0147442 	0.000830028 	-4.17169e-27
0.0410995 	-0.0147274 	0.000699359 	-1.50784e-28
0.0415462 	-0.0146997 	0.000566358 	0
0.041993 	-0.0146717 	0.000433265 	0
0.0424397 	-0.0146383 	0.000298834 	0
0.0428864 	-0.0145989 	0.000162925 	0
0.0433332 	-0.0145595 	2.70162e-05 	0
0.0437799 	-0.0145086 	-0.000112059 	-4.55689e-27
0.0442266 	-0.0144576 	-0.000251175 	-9.17147e-27
0.0446734 	-0.0144006 	-0.000392063 	-1.38584e-26
0.0451201 	-0.0143376 	-0.000534726 	-1.86178e-26
0.0455668 	-0.0142744 	-0.000677435 	-2.32599e-26
0.0460136 	-0.0141988 	-0.000823855 	-1.86454e-26
0.0464603 	-0.0141232 	-0.000970275 	-1.40308e-26
0.046907 	-0.0140406 	-0.00111867 	-9.3402e-27
0.0473538 	-0.0139517 	-0.00126885 	-4.58086e-27
0.0478005 	-0.0138623 	-0.00141916 	1.9656e-28
0.0482472 	-0.0137593 	-0.00157284 	5.43816e-27
0.048694 	-0.0136563 	-0.00172651 	1.06798e-26
0.0491407 	-0.013545 	-0.00188177 	1.60017e-26
0.0495874 	-0.0134269 	-0.00203833 	2.13894e-26
0.0500342 	-0.0133078 	-0.002195 	2.61128e-26
0.0504809 	-0.0131735 	-0.00235338 	2.08712e-26
0.0509276 	-0.0130392 	-0.00251176 	1.56296e-26
0.0513744 	-0.0128949 	-0.00267026 	1.70337e-26
0.0518211 	-0.0127432 	-0.00282885 	2.33498e-26
0.0522678 	-0.0125898 	-0.00298726 	3.0143e-26
0.0527146 	-0.0124193 	-0.00314376 	4.19118e-26
0.0531613 	-0.0122488 	-0.00330026 	5.36807e-26
0.053608 	-0.012066 	-0.00345363 	5.13659e-26
0.0540548 	-0.0118752 	-0.00360491 	3.96621e-26
0.0545015 	-0.0116818 	-0.00375514 	2.79509e-26
0.0549482 	-0.0114689 	-0.00389707 	1.61821e-26
0.055395 	-0.011256 	-0.004039 	4.41331e-27
0.0558417 	-0.0110281 	-0.00417178 	0
0.0562884 	-0.0107912 	-0.00429907 	0
0.0567352 	-0.0105508 	-0.00442343 	0
0.0571819 	-0.0102879 	-0.00452948 	0
0.0576286 	-0.010025 	-0.00463552 	0
0.0580754 	-0.00974372 	-0.00472258 	0
0.0585221 	-0.00945262 	-0.00479942 	0
0.0589688 	-0.00915666 	-0.00487002 	-1.19831e-27
0.0594156 	-0.00883557 	-0.0049085 	-8.57251e-27
0.0598623 	-0.00851448 	-0.00494698 	-1.59467e-26
0.060309 	-0.00817263 	-0.00495297 	-2.2423e-26
0.0607558 	-0.00782078 	-0.00494333 	-2.84671e-26
0.0612025 	-0.00746343 	-0.00492296 	-3.19952e-26
0.0616492 	-0.00708224 	-0.00485611 	-2.4621e-26
0.062096 	-0.00670106 	-0.00478925 	-1.72468e-26
0.0625427 	-0.00630295 	-0.0046779 	-1.08037e-26
0.0629894 	-0.0058976 	-0.00454748 	-4.75968e-27
0.0634362 	-0.00548934 	-0.00440338 	0
0.0638829 	-0.00507029 	-0.00420862 	0
0.0643296 	-0.00465125 	-0.00401385 	0
0.0647764 	-0.00423429 	-0.00377799 	0
0.0652231 	-0.00381812 	-0.00352656 	0
0.0656698 	-0.00340779 	-0.00326589 	-7.16793e-29
0.0661166 	-0.00301621 	-0.00297559 	-3.73487e-28
0.0665633 	-0.00262464 	-0.00268529 	-6.75295e-28
0.0670101 	-0.00226905 	-0.00238591 	-8.60631e-28
0.0674568 	-0.00192546 	-0.00208351 	-1.00714e-27
0.0679035 	-0.00159956 	-0.00178601 	-1.03597e-27
0.0683503 	-0.00132335 	-0.00150225 	-7.34166e-28
0.068797 	-0.00104714 	-0.00121849 	-4.32358e-28
0.0692437 	-0.000830593 	-0.000970264 	-2.50904e-28
0.0696905 	-0.000631363 	-0.000732352 	-1.04391e-28
0.0701372 	-0.000453464 	-0.000512617 	0
0.0705839 	-0.000328431 	-0.000337928 	0
0.0710307 	-0.000203398 	-0.000163239 	0
0.0714774 	-0.000127445 	-4.41332e-05 	-1.51427e-28
0.0719241 	-6.37614e-05 	6.10765e-05 	-3.4071e-28
0.0723709 	-1.36941e-05 	0.000144933 	-5.39313e-28
0.0728176 	6.41777e-06 	0.000181812 	-7.58418e-28
0.0732643 	2.65296e-05 	0.000218692 	-9.77523e-28
0.0737111 	2.59785e-05 	0.000203234 	-8.59708e-28
0.0741578 	2.10443e-05 	0.000176674 	-6.70425e-28
0.0746045 	1.54651e-05 	0.000143491 	-4.71077e-28
0.0750513 	8.61995e-06 	9.73065e-05 	-2.51971e-28
0.075498 	1.77476e-06 	5.11223e-05 	-3.28658e-29
0.0759447 	4.38534e-07 	2.90548e-05 	0
0.0763915 	7.44845e-08 	1.12432e-05 	0
0.0768382 	-1.54397e-07 	-1.04535e-07 	0
0.0772849 	-1.4557e-07 	-8.47356e-08 	0
0.0777317 	-1.36742e-07 	-6.49363e-08 	0
0.0781784 	-1.49202e-07 	-6.87172e-08 	0
0.0786251 	-1.64702e-07 	-7.58667e-08 	0
0.0790719 	-1.73225e-07 	-8.32223e-08 	0
0.0795186 	-1.70722e-07 	-9.09034e-08 	0
0.0799653 	-1.68218e-07 	-9.85846e-08 	0
0.0804121 	-1.64285e-07 	-1.06908e-07 	0
0.0808588 	-1.60193e-07 	-1.15302e-07 	0
0.0813055 	-1.55479e-07 	-1.24053e-07 	0
0.0817523 	-1.49881e-07 	-1.33312e-07 	0
0.082199 	-1.44283e-07 	-1.42571e-07 	0
0.0826457 	-1.37383e-07 	-1.52761e-07 	0
0.0830925 	-1.30377e-07 	-1.63027e-07 	0
0.0835392 	-1.22804e-07 	-1.73799e-07 	0
0.0839859 	-1.14502e-07 	-1.85222e-07 	0
0.0844327 	-1.06201e-07 	-1.96645e-07 	0
0.0848794 	-9.68015e-08 	-2.09331e-07 	0
0.0853261 	-8.73446e-08 	-2.22084e-07 	0
0.0857729 	-7.74407e-08 	-2.3554e-07 	0
0.0862196 	-6.70175e-08 	-2.49814e-07 	0
0.0866663 	-5.65943e-08 	-2.64088e-07 	0
0.0871131 	-4.54786e-08 	-2.80021e-07 	0
0.0875598 	-3.43452e-08 	-2.95997e-07 	0
0.0880065 	-2.30266e-08 	-2.44571e-07 	0
0.0884533 	-1.15133e-08 	-1.22285e-07 	0
0.0889 	-3.63724e-22 	-4.5426e-21 	0
