0 	506.15 	5.14318e-05
0.000446734 	506.126 	5.13063e-05
0.000893467 	506.101 	5.11795e-05
0.0013402 	506.077 	5.09013e-05
0.00178693 	506.052 	5.0478e-05
0.00223367 	506.028 	5.00463e-05
0.0026804 	506.004 	4.92461e-05
0.00312714 	505.98 	4.8446e-05
0.00357387 	505.956 	4.74153e-05
0.0040206 	505.933 	4.6185e-05
0.00446734 	505.909 	4.49327e-05
0.00491407 	505.887 	4.32589e-05
0.0053608 	505.864 	4.1585e-05
0.00580754 	505.843 	3.9682e-05
0.00625427 	505.822 	3.76022e-05
0.00670101 	505.801 	3.54974e-05
0.00714774 	505.782 	3.31035e-05
0.00759447 	505.763 	3.07096e-05
0.00804121 	505.744 	2.81985e-05
0.00848794 	505.727 	2.56081e-05
0.00893467 	505.71 	2.30078e-05
0.00938141 	505.694 	2.03361e-05
0.00982814 	505.679 	1.76643e-05
0.0102749 	505.664 	1.50009e-05
0.0107216 	505.651 	1.23451e-05
0.0111683 	505.637 	9.69943e-06
0.0116151 	505.626 	7.13477e-06
0.0120618 	505.614 	4.57011e-06
0.0125085 	505.603 	2.09752e-06
0.0129553 	505.593 	-3.21032e-07
0.013402 	505.584 	-2.71288e-06
0.0138487 	505.576 	-4.94739e-06
0.0142955 	505.567 	-7.18191e-06
0.0147422 	505.56 	-9.27981e-06
0.0151889 	505.553 	-1.1307e-05
0.0156357 	505.547 	-1.32966e-05
0.0160824 	505.541 	-1.51058e-05
0.0165291 	505.536 	-1.69149e-05
0.0169759 	505.531 	-1.85744e-05
0.0174226 	505.527 	-2.01652e-05
0.0178693 	505.523 	-2.17142e-05
0.0183161 	505.519 	-2.30944e-05
0.0187628 	505.516 	-2.44746e-05
0.0192095 	505.513 	-2.57144e-05
0.0196563 	505.511 	-2.68973e-05
0.020103 	505.509 	-2.80397e-05
0.0205497 	505.507 	-2.90423e-05
0.0209965 	505.505 	-3.00448e-05
0.0214432 	505.504 	-3.09283e-05
0.0218899 	505.503 	-3.17693e-05
0.0223367 	505.502 	-3.25748e-05
0.0227834 	505.502 	-3.32737e-05
0.0232302 	505.502 	-3.39725e-05
0.0236769 	505.501 	-3.45775e-05
0.0241236 	505.501 	-3.51531e-05
0.0245704 	505.501 	-3.56999e-05
0.0250171 	505.502 	-3.61702e-05
0.0254638 	505.502 	-3.66406e-05
0.0259106 	505.503 	-3.70409e-05
0.0263573 	505.504 	-3.74223e-05
0.026804 	505.504 	-3.77814e-05
0.0272508 	505.505 	-3.80885e-05
0.0276975 	505.506 	-3.83956e-05
0.0281442 	505.507 	-3.86526e-05
0.028591 	505.508 	-3.88981e-05
0.0290377 	505.51 	-3.91271e-05
0.0294844 	505.511 	-3.93219e-05
0.0299312 	505.512 	-3.95167e-05
0.0303779 	505.513 	-3.96768e-05
0.0308246 	505.515 	-3.983e-05
0.0312714 	505.516 	-3.99714e-05
0.0317181 	505.518 	-4.00906e-05
0.0321648 	505.519 	-4.02098e-05
0.0326116 	505.521 	-4.0305e-05
0.0330583 	505.523 	-4.03962e-05
0.033505 	505.524 	-4.04787e-05
0.0339518 	505.526 	-4.05467e-05
0.0343985 	505.528 	-4.06147e-05
0.0348452 	505.529 	-4.06652e-05
0.035292 	505.531 	-4.07134e-05
0.0357387 	505.533 	-4.07548e-05
0.0361854 	505.535 	-4.07858e-05
0.0366322 	505.536 	-4.08169e-05
0.0370789 	505.538 	-4.08337e-05
0.0375256 	505.54 	-4.08492e-05
0.0379724 	505.542 	-4.08584e-05
0.0384191 	505.543 	-4.08589e-05
0.0388658 	505.545 	-4.08595e-05
0.0393126 	505.547 	-4.08462e-05
0.0397593 	505.549 	-4.08318e-05
0.040206 	505.55 	-4.08104e-05
0.0406528 	505.552 	-4.07801e-05
0.0410995 	505.554 	-4.07499e-05
0.0415462 	505.556 	-4.07028e-05
0.041993 	505.557 	-4.06549e-05
0.0424397 	505.559 	-4.05975e-05
0.0428864 	505.561 	-4.05292e-05
0.0433332 	505.562 	-4.04607e-05
0.0437799 	505.564 	-4.0369e-05
0.0442266 	505.566 	-4.02766e-05
0.0446734 	505.567 	-4.01698e-05
0.0451201 	505.569 	-4.00483e-05
0.0455668 	505.57 	-3.99261e-05
0.0460136 	505.572 	-3.97696e-05
0.0464603 	505.573 	-3.96126e-05
0.046907 	505.574 	-3.94332e-05
0.0473538 	505.576 	-3.92329e-05
0.0478005 	505.577 	-3.9031e-05
0.0482472 	505.578 	-3.8778e-05
0.048694 	505.579 	-3.8525e-05
0.0491407 	505.58 	-3.82371e-05
0.0495874 	505.581 	-3.79201e-05
0.0500342 	505.582 	-3.75986e-05
0.0504809 	505.583 	-3.72044e-05
0.0509276 	505.583 	-3.68102e-05
0.0513744 	505.584 	-3.63633e-05
0.0518211 	505.584 	-3.58769e-05
0.0522678 	505.585 	-3.53814e-05
0.0527146 	505.585 	-3.47861e-05
0.0531613 	505.585 	-3.41907e-05
0.053608 	505.584 	-3.35195e-05
0.0540548 	505.584 	-3.27969e-05
0.0545015 	505.583 	-3.20584e-05
0.0549482 	505.582 	-3.11894e-05
0.055395 	505.581 	-3.03203e-05
0.0558417 	505.58 	-2.9348e-05
0.0562884 	505.578 	-2.83129e-05
0.0567352 	505.576 	-2.72529e-05
0.0571819 	505.574 	-2.60326e-05
0.0576286 	505.571 	-2.48124e-05
0.0580754 	505.568 	-2.34615e-05
0.0585221 	505.565 	-2.20392e-05
0.0589688 	505.561 	-2.05825e-05
0.0594156 	505.557 	-1.89449e-05
0.0598623 	505.553 	-1.73073e-05
0.060309 	505.548 	-1.55199e-05
0.0607558 	505.542 	-1.36594e-05
0.0612025 	505.536 	-1.17578e-05
0.0616492 	505.529 	-9.6751e-06
0.062096 	505.522 	-7.5924e-06
0.0625427 	505.514 	-5.36235e-06
0.0629894 	505.506 	-3.06849e-06
0.0634362 	505.497 	-7.35112e-07
0.0638829 	505.487 	1.74628e-06
0.0643296 	505.477 	4.22767e-06
0.0647764 	505.466 	6.8173e-06
0.0652231 	505.454 	9.44823e-06
0.0656698 	505.442 	1.21018e-05
0.0661166 	505.428 	1.48278e-05
0.0665633 	505.414 	1.75538e-05
0.0670101 	505.399 	2.02963e-05
0.0674568 	505.383 	2.3044e-05
0.0679035 	505.367 	2.57732e-05
0.0683503 	505.349 	2.84486e-05
0.068797 	505.332 	3.1124e-05
0.0692437 	505.312 	3.36586e-05
0.0696905 	505.293 	3.61512e-05
0.0701372 	505.273 	3.856e-05
0.0705839 	505.251 	4.07578e-05
0.0710307 	505.23 	4.29556e-05
0.0714774 	505.207 	4.48489e-05
0.0719241 	505.184 	4.66652e-05
0.0723709 	505.161 	4.83518e-05
0.0728176 	505.137 	4.97519e-05
0.0732643 	505.113 	5.1152e-05
0.0737111 	505.088 	5.22444e-05
0.0741578 	505.063 	5.32717e-05
0.0746045 	505.038 	5.42073e-05
0.0750513 	505.012 	5.49596e-05
0.075498 	504.987 	5.57119e-05
0.0759447 	504.952 	5.58512e-05
0.0763915 	504.916 	5.58639e-05
0.0768382 	504.865 	5.57527e-05
0.0772849 	504.786 	5.54977e-05
0.0777317 	504.708 	5.52426e-05
0.0781784 	504.603 	5.54107e-05
0.0786251 	504.496 	5.56322e-05
0.0790719 	504.39 	5.58923e-05
0.0795186 	504.286 	5.62048e-05
0.0799653 	504.181 	5.65173e-05
0.0804121 	504.079 	5.67904e-05
0.0808588 	503.976 	5.70578e-05
0.0813055 	503.873 	5.73105e-05
0.0817523 	503.771 	5.7539e-05
0.082199 	503.669 	5.77676e-05
0.0826457 	503.567 	5.79633e-05
0.0830925 	503.466 	5.8155e-05
0.0835392 	503.364 	5.83323e-05
0.0839859 	503.263 	5.84885e-05
0.0844327 	503.161 	5.86446e-05
0.0848794 	503.06 	5.87686e-05
0.0853261 	502.959 	5.88901e-05
0.0857729 	502.858 	5.89963e-05
0.0862196 	502.756 	5.90834e-05
0.0866663 	502.655 	5.91705e-05
0.0871131 	502.554 	5.92245e-05
0.0875598 	502.453 	5.92772e-05
0.0880065 	502.352 	5.93131e-05
0.0884533 	502.251 	5.93309e-05
0.0889 	502.15 	5.93487e-05
