0 	0 	0 	0
0.000446734 	5.16428e-06 	0.000193807 	1.00435e-27
0.000893467 	1.03286e-05 	0.000387615 	2.00869e-27
0.0013402 	1.58728e-05 	0.000478784 	2.16873e-27
0.00178693 	2.17786e-05 	0.000472321 	1.52563e-27
0.00223367 	2.76752e-05 	0.000463398 	8.89583e-28
0.0026804 	3.32163e-05 	0.000358512 	5.28331e-28
0.00312714 	3.87574e-05 	0.000253626 	1.67079e-28
0.00357387 	3.97907e-05 	0.000143261 	0
0.0040206 	3.69453e-05 	2.81817e-05 	0
0.00446734 	3.28217e-05 	-8.42804e-05 	0
0.00491407 	4.41206e-06 	-0.000147018 	0
0.0053608 	-2.39976e-05 	-0.000209755 	0
0.00580754 	-7.61903e-05 	-0.000228245 	0
0.00625427 	-0.000146881 	-0.000212321 	0
0.00670101 	-0.000221502 	-0.000190962 	-9.65712e-29
0.00714774 	-0.000344601 	-0.000102585 	-1.38419e-27
0.00759447 	-0.000467699 	-1.42083e-05 	-2.6718e-27
0.00804121 	-0.000624911 	0.000105096 	-3.9208e-27
0.00848794 	-0.000806075 	0.000246115 	-5.1427e-27
0.00893467 	-0.000993521 	0.000390714 	-6.11364e-27
0.00938141 	-0.0012375 	0.000567535 	-4.82602e-27
0.00982814 	-0.00148148 	0.000744357 	-3.5384e-27
0.0102749 	-0.00176616 	0.000937146 	-2.29105e-27
0.0107216 	-0.00207658 	0.00114004 	-1.06915e-27
0.0111683 	-0.00239522 	0.00134533 	2.77173e-29
0.0116151 	-0.00277141 	0.00156745 	2.49455e-28
0.0120618 	-0.00314759 	0.00178957 	4.71194e-28
0.0125085 	-0.00356056 	0.00201823 	1.0506e-27
0.0129553 	-0.00399445 	0.0022506 	1.8334e-27
0.013402 	-0.00443458 	0.00248258 	2.46551e-27
0.0138487 	-0.00491006 	0.00271229 	2.24377e-27
0.0142955 	-0.00538554 	0.00294199 	2.02203e-27
0.0147422 	-0.00587411 	0.00315979 	1.4286e-27
0.0151889 	-0.00636935 	0.00337153 	6.45804e-28
0.0156357 	-0.00686395 	0.00357757 	0
0.0160824 	-0.00735548 	0.00375675 	0
0.0165291 	-0.00784701 	0.00393593 	0
0.0169759 	-0.00832162 	0.00408518 	0
0.0174226 	-0.00878854 	0.00422083 	0
0.0178693 	-0.00924745 	0.00434661 	0
0.0183161 	-0.00967435 	0.00443292 	0
0.0187628 	-0.0101012 	0.00451922 	0
0.0192095 	-0.0104934 	0.00456999 	0
0.0196563 	-0.0108716 	0.00460641 	0
0.020103 	-0.0112383 	0.00463244 	0
0.0205497 	-0.0115652 	0.00462264 	0
0.0209965 	-0.0118922 	0.00461285 	0
0.0214432 	-0.0121829 	0.00457359 	0
0.0218899 	-0.0124607 	0.00452383 	0
0.0223367 	-0.0127274 	0.00446589 	1.30337e-27
0.0227834 	-0.0129608 	0.00438339 	6.51686e-27
0.0232302 	-0.0131942 	0.00430089 	1.17303e-26
0.0236769 	-0.013398 	0.00419871 	1.71847e-26
0.0241236 	-0.0135926 	0.0040904 	2.27142e-26
0.0245704 	-0.0137779 	0.00397661 	2.52893e-26
0.0250171 	-0.0139389 	0.00384841 	2.00758e-26
0.0254638 	-0.0141 	0.0037202 	1.48624e-26
0.0259106 	-0.014238 	0.00357999 	1.885e-26
0.0263573 	-0.0143698 	0.00343655 	2.53204e-26
0.026804 	-0.0144939 	0.00328957 	3.35603e-26
0.0272508 	-0.0145998 	0.00313436 	4.59286e-26
0.0276975 	-0.0147057 	0.00297914 	5.8297e-26
0.0281442 	-0.0147926 	0.00281638 	5.08661e-26
0.028591 	-0.014875 	0.00265189 	3.88662e-26
0.0290377 	-0.0149503 	0.00248495 	2.67466e-26
0.0294844 	-0.015011 	0.00231294 	1.43782e-26
0.0299312 	-0.0150717 	0.00214094 	2.00986e-27
0.0303779 	-0.0151154 	0.00196368 	0
0.0308246 	-0.0151557 	0.00178541 	0
0.0312714 	-0.0151893 	0.00160526 	0
0.0317181 	-0.0152103 	0.00142159 	0
0.0321648 	-0.0152313 	0.00123793 	0
0.0326116 	-0.0152363 	0.00105015 	2.55522e-26
0.0330583 	-0.0152388 	0.000861716 	5.5178e-26
0.033505 	-0.0152345 	0.000671659 	8.51199e-26
0.0339518 	-0.0152189 	0.000478902 	1.15589e-25
0.0343985 	-0.0152034 	0.000286144 	1.46058e-25
0.0348452 	-0.0151721 	8.98813e-05 	1.23192e-25
0.035292 	-0.0151389 	-0.000106826 	9.35666e-26
0.0357387 	-0.0150985 	-0.00030497 	6.36036e-26
0.0361854 	-0.0150475 	-0.000505269 	3.31348e-26
0.0366322 	-0.0149966 	-0.000705568 	2.66602e-27
0.0370789 	-0.0149292 	-0.000908702 	-6.8526e-27
0.0375256 	-0.0148602 	-0.00111211 	-1.43623e-26
0.0379724 	-0.0147833 	-0.0013165 	-2.18988e-26
0.0384191 	-0.0146956 	-0.00152224 	-2.94715e-26
0.0388658 	-0.0146079 	-0.00172797 	-3.70443e-26
0.0393126 	-0.0145017 	-0.00193474 	-3.04772e-26
0.0397593 	-0.0143943 	-0.00214158 	-2.29675e-26
0.040206 	-0.0142774 	-0.00234808 	-1.54295e-26
0.0406528 	-0.0141489 	-0.00255418 	-7.85673e-27
0.0410995 	-0.0140203 	-0.00276028 	-2.83978e-28
0.0415462 	-0.0138696 	-0.00296308 	0
0.041993 	-0.013718 	-0.00316576 	0
0.0424397 	-0.0135544 	-0.00336502 	0
0.0428864 	-0.0133774 	-0.0035605 	0
0.0433332 	-0.0132004 	-0.00375599 	0
0.0437799 	-0.0129953 	-0.00393931 	-6.9616e-27
0.0442266 	-0.0127899 	-0.00412248 	-1.40113e-26
0.0446734 	-0.0125685 	-0.00429613 	-2.08547e-26
0.0451201 	-0.0123311 	-0.00446026 	-2.74917e-26
0.0455668 	-0.0120932 	-0.00462405 	-3.39577e-26
0.0460136 	-0.0118197 	-0.00476063 	-2.6908e-26
0.0464603 	-0.0115462 	-0.00489721 	-1.98582e-26
0.046907 	-0.0112516 	-0.00501395 	-1.30252e-26
0.0473538 	-0.010938 	-0.00511274 	-6.38814e-27
0.0478005 	-0.0106226 	-0.00520968 	1.73137e-28
0.0482472 	-0.0102653 	-0.00525915 	4.79013e-27
0.048694 	-0.00990787 	-0.00530862 	9.40712e-27
0.0491407 	-0.00952561 	-0.00532452 	1.35517e-26
0.0495874 	-0.00912301 	-0.00531295 	1.73097e-26
0.0500342 	-0.00871772 	-0.00529695 	2.05443e-26
0.0504809 	-0.00827213 	-0.00521441 	1.59273e-26
0.0509276 	-0.00782654 	-0.00513186 	1.13104e-26
0.0513744 	-0.00736087 	-0.00500543 	1.01018e-26
0.0518211 	-0.00688035 	-0.00484655 	1.14126e-26
0.0522678 	-0.00639814 	-0.00468122 	1.29155e-26
0.0527146 	-0.00589827 	-0.00444856 	1.64213e-26
0.0531613 	-0.00539841 	-0.0042159 	1.9927e-26
0.053608 	-0.00490099 	-0.0039469 	1.8288e-26
0.0540548 	-0.0044052 	-0.00365368 	1.32192e-26
0.0545015 	-0.00391314 	-0.00335641 	8.3262e-27
0.0549482 	-0.00345051 	-0.00302721 	4.82043e-27
0.055395 	-0.00298788 	-0.00269801 	1.31466e-27
0.0558417 	-0.0025644 	-0.00236694 	0
0.0562884 	-0.0021644 	-0.00203474 	0
0.0567352 	-0.00177608 	-0.00170685 	0
0.0571819 	-0.00146106 	-0.00140595 	0
0.0576286 	-0.00114603 	-0.00110506 	0
0.0580754 	-0.000891824 	-0.000841979 	0
0.0585221 	-0.000670369 	-0.000599265 	0
0.0589688 	-0.000463013 	-0.000368261 	-7.81293e-29
0.0594156 	-0.000328326 	-0.000197613 	-5.58925e-28
0.0598623 	-0.000193638 	-2.69639e-05 	-1.03972e-27
0.060309 	-0.000105666 	9.36233e-05 	-1.48919e-27
0.0607558 	-4.01868e-05 	0.000190107 	-1.92357e-27
0.0612025 	1.62845e-05 	0.000273349 	-2.18635e-27
0.0616492 	3.37208e-05 	0.000299209 	-1.70556e-27
0.062096 	5.1157e-05 	0.00032507 	-1.22476e-27
0.0625427 	4.85633e-05 	0.000303913 	-7.76456e-28
0.0629894 	3.73853e-05 	0.000262605 	-3.42075e-28
0.0634362 	2.62338e-05 	0.0002163 	0
0.0638829 	1.51806e-05 	0.000151482 	0
0.0643296 	4.12738e-06 	8.6664e-05 	0
0.0647764 	7.15273e-07 	4.87818e-05 	0
0.0652231 	2.01513e-07 	2.11168e-05 	0
0.0656698 	-1.93709e-07 	2.19571e-08 	-9.81287e-32
0.0661166 	-2.08362e-07 	2.0598e-08 	-5.11302e-31
0.0665633 	-2.23016e-07 	1.92389e-08 	-9.24476e-31
0.0670101 	-2.35161e-07 	1.43262e-08 	-9.15297e-31
0.0674568 	-2.46469e-07 	8.22883e-09 	-7.65333e-31
0.0679035 	-2.54926e-07 	2.53092e-09 	-5.46277e-31
0.0683503 	-2.55371e-07 	-2.04483e-09 	-1.33104e-31
0.068797 	-2.55817e-07 	-6.62058e-09 	2.8007e-31
0.0692437 	-2.55712e-07 	-1.06555e-08 	2.56812e-31
0.0696905 	-2.55448e-07 	-1.45334e-08 	1.06849e-31
0.0701372 	-2.54989e-07 	-1.8335e-08 	0
0.0705839 	-2.54047e-07 	-2.19476e-08 	0
0.0710307 	-2.53106e-07 	-2.55602e-08 	0
0.0714774 	-2.51638e-07 	-2.91386e-08 	1.42395e-30
0.0719241 	-2.50037e-07 	-3.27085e-08 	3.20389e-30
0.0723709 	-2.48234e-07 	-3.63002e-08 	5.11057e-30
0.0728176 	-2.45986e-07 	-3.99397e-08 	7.29608e-30
0.0732643 	-2.43739e-07 	-4.35792e-08 	9.48159e-30
0.0737111 	-2.40962e-07 	-4.73235e-08 	8.3956e-30
0.0741578 	-2.38073e-07 	-5.10899e-08 	6.61567e-30
0.0746045 	-2.34967e-07 	-5.49101e-08 	4.69885e-30
0.0750513 	-2.31438e-07 	-5.88358e-08 	2.51334e-30
0.075498 	-2.27909e-07 	-6.27615e-08 	3.27826e-31
0.0759447 	-2.23833e-07 	-6.68428e-08 	0
0.0763915 	-2.19661e-07 	-7.09516e-08 	0
0.0768382 	-2.15254e-07 	-7.51355e-08 	0
0.0772849 	-2.10435e-07 	-7.94515e-08 	0
0.0777317 	-2.05615e-07 	-8.37675e-08 	0
0.0781784 	-2.00223e-07 	-8.82906e-08 	0
0.0786251 	-1.94749e-07 	-9.28434e-08 	0
0.0790719 	-1.8902e-07 	-9.75027e-08 	0
0.0795186 	-1.82887e-07 	-1.0233e-07 	0
0.0799653 	-1.76754e-07 	-1.07158e-07 	0
0.0804121 	-1.70024e-07 	-1.12278e-07 	0
0.0808588 	-1.63228e-07 	-1.1743e-07 	0
0.0813055 	-1.56159e-07 	-1.22742e-07 	0
0.0817523 	-1.487e-07 	-1.28281e-07 	0
0.082199 	-1.41242e-07 	-1.3382e-07 	0
0.0826457 	-1.33181e-07 	-1.3979e-07 	0
0.0830925 	-1.2507e-07 	-1.45794e-07 	0
0.0835392 	-1.16686e-07 	-1.52042e-07 	0
0.0839859 	-1.07948e-07 	-1.58605e-07 	0
0.0844327 	-9.92108e-08 	-1.65168e-07 	0
0.0848794 	-8.99235e-08 	-1.72364e-07 	0
0.0853261 	-8.06072e-08 	-1.79594e-07 	0
0.0857729 	-7.1061e-08 	-1.87186e-07 	0
0.0862196 	-6.12476e-08 	-1.952e-07 	0
0.0866663 	-5.14342e-08 	-2.03213e-07 	0
0.0871131 	-4.12562e-08 	-2.12095e-07 	0
0.0875598 	-3.10689e-08 	-2.21e-07 	0
0.0880065 	-2.07822e-08 	-1.81357e-07 	0
0.0884533 	-1.03911e-08 	-9.06786e-08 	0
0.0889 	-3.26007e-22 	-3.33952e-21 	0
