0 	506.15 	7.21468e-05
0.000446734 	506.144 	7.21433e-05
0.000893467 	506.137 	7.21397e-05
0.0013402 	506.131 	7.21355e-05
0.00178693 	506.125 	7.21307e-05
0.00223367 	506.119 	7.21261e-05
0.0026804 	506.113 	7.21271e-05
0.00312714 	506.106 	7.21281e-05
0.00357387 	506.1 	7.21327e-05
0.0040206 	506.094 	7.21404e-05
0.00446734 	506.088 	7.21484e-05
0.00491407 	506.082 	7.21637e-05
0.0053608 	506.076 	7.21789e-05
0.00580754 	506.071 	7.22005e-05
0.00625427 	506.065 	7.2227e-05
0.00670101 	506.059 	7.22547e-05
0.00714774 	506.054 	7.22978e-05
0.00759447 	506.048 	7.23409e-05
0.00804121 	506.043 	7.23963e-05
0.00848794 	506.038 	7.24604e-05
0.00893467 	506.032 	7.25265e-05
0.00938141 	506.027 	7.2611e-05
0.00982814 	506.022 	7.26955e-05
0.0102749 	506.017 	7.27862e-05
0.0107216 	506.012 	7.28807e-05
0.0111683 	506.008 	7.29734e-05
0.0116151 	506.003 	7.30537e-05
0.0120618 	505.998 	7.3134e-05
0.0125085 	505.994 	7.31808e-05
0.0129553 	505.989 	7.32086e-05
0.013402 	505.985 	7.32214e-05
0.0138487 	505.981 	7.31495e-05
0.0142955 	505.977 	7.30776e-05
0.0147422 	505.973 	7.29083e-05
0.0151889 	505.969 	7.26894e-05
0.0156357 	505.965 	7.24382e-05
0.0160824 	505.961 	7.20349e-05
0.0165291 	505.957 	7.16316e-05
0.0169759 	505.953 	7.10876e-05
0.0174226 	505.95 	7.04796e-05
0.0178693 	505.946 	6.98309e-05
0.0183161 	505.943 	6.90191e-05
0.0187628 	505.94 	6.82072e-05
0.0192095 	505.937 	6.72651e-05
0.0196563 	505.933 	6.62703e-05
0.020103 	505.93 	6.52429e-05
0.0205497 	505.927 	6.41028e-05
0.0209965 	505.925 	6.29627e-05
0.0214432 	505.922 	6.17517e-05
0.0218899 	505.919 	6.05155e-05
0.0223367 	505.917 	5.92692e-05
0.0227834 	505.914 	5.79925e-05
0.0232302 	505.912 	5.67158e-05
0.0236769 	505.909 	5.54518e-05
0.0241236 	505.907 	5.41918e-05
0.0245704 	505.905 	5.29515e-05
0.0250171 	505.903 	5.1763e-05
0.0254638 	505.901 	5.05745e-05
0.0259106 	505.899 	4.94815e-05
0.0263573 	505.897 	4.84141e-05
0.026804 	505.895 	4.73958e-05
0.0272508 	505.894 	4.6492e-05
0.0276975 	505.892 	4.55882e-05
0.0281442 	505.89 	4.48449e-05
0.028591 	505.889 	4.41386e-05
0.0290377 	505.887 	4.35047e-05
0.0294844 	505.886 	4.3021e-05
0.0299312 	505.884 	4.25372e-05
0.0303779 	505.883 	4.22525e-05
0.0308246 	505.881 	4.20064e-05
0.0312714 	505.88 	4.18455e-05
0.0317181 	505.878 	4.1843e-05
0.0321648 	505.876 	4.18405e-05
0.0326116 	505.875 	4.20456e-05
0.0330583 	505.873 	4.22838e-05
0.033505 	505.871 	4.2608e-05
0.0339518 	505.87 	4.30757e-05
0.0343985 	505.868 	4.35433e-05
0.0348452 	505.866 	4.41975e-05
0.035292 	505.864 	4.48753e-05
0.0357387 	505.861 	4.56265e-05
0.0361854 	505.859 	4.64877e-05
0.0366322 	505.856 	4.7349e-05
0.0370789 	505.853 	4.83474e-05
0.0375256 	505.85 	4.93589e-05
0.0379724 	505.847 	5.04179e-05
0.0384191 	505.843 	5.15413e-05
0.0388658 	505.839 	5.26646e-05
0.0393126 	505.835 	5.38531e-05
0.0397593 	505.83 	5.50459e-05
0.040206 	505.825 	5.625e-05
0.0406528 	505.819 	5.74678e-05
0.0410995 	505.813 	5.86856e-05
0.0415462 	505.807 	5.98844e-05
0.041993 	505.8 	6.10824e-05
0.0424397 	505.792 	6.22509e-05
0.0428864 	505.784 	6.33868e-05
0.0433332 	505.775 	6.45227e-05
0.0437799 	505.766 	6.55613e-05
0.0442266 	505.756 	6.65987e-05
0.0446734 	505.745 	6.75735e-05
0.0451201 	505.733 	6.84858e-05
0.0455668 	505.722 	6.93964e-05
0.0460136 	505.708 	7.01701e-05
0.0464603 	505.695 	7.09438e-05
0.046907 	505.68 	7.16452e-05
0.0473538 	505.665 	7.22812e-05
0.0478005 	505.65 	7.29125e-05
0.0482472 	505.633 	7.34239e-05
0.048694 	505.616 	7.39354e-05
0.0491407 	505.598 	7.43897e-05
0.0495874 	505.579 	7.47974e-05
0.0500342 	505.56 	7.51999e-05
0.0504809 	505.54 	7.55255e-05
0.0509276 	505.519 	7.58511e-05
0.0513744 	505.498 	7.61391e-05
0.0518211 	505.476 	7.63993e-05
0.0522678 	505.454 	7.66546e-05
0.0527146 	505.431 	7.68582e-05
0.0531613 	505.408 	7.70618e-05
0.053608 	505.385 	7.72327e-05
0.0540548 	505.361 	7.73818e-05
0.0545015 	505.336 	7.7525e-05
0.0549482 	505.312 	7.76215e-05
0.055395 	505.287 	7.7718e-05
0.0558417 	505.262 	7.7786e-05
0.0562884 	505.236 	7.7837e-05
0.0567352 	505.211 	7.78834e-05
0.0571819 	505.185 	7.79003e-05
0.0576286 	505.159 	7.79172e-05
0.0580754 	505.133 	7.79124e-05
0.0585221 	505.107 	7.78958e-05
0.0589688 	505.079 	7.78843e-05
0.0594156 	505.044 	7.78992e-05
0.0598623 	505.009 	7.79141e-05
0.060309 	504.968 	7.70463e-05
0.0607558 	504.924 	7.57534e-05
0.0612025 	504.879 	7.4206e-05
0.0616492 	504.835 	7.15555e-05
0.062096 	504.791 	6.8905e-05
0.0625427 	504.747 	6.62644e-05
0.0629894 	504.703 	6.36281e-05
0.0634362 	504.659 	6.09993e-05
0.0638829 	504.614 	5.8398e-05
0.0643296 	504.57 	5.57968e-05
0.0647764 	504.526 	5.32322e-05
0.0652231 	504.482 	5.06816e-05
0.0656698 	504.438 	4.81458e-05
0.0661166 	504.394 	4.56576e-05
0.0665633 	504.349 	4.31693e-05
0.0670101 	504.305 	4.07346e-05
0.0674568 	504.261 	3.83177e-05
0.0679035 	504.217 	3.59213e-05
0.0683503 	504.173 	3.35828e-05
0.068797 	504.129 	3.12443e-05
0.0692437 	504.084 	2.8971e-05
0.0696905 	504.04 	2.67167e-05
0.0701372 	503.996 	2.4488e-05
0.0705839 	503.952 	2.23228e-05
0.0710307 	503.908 	2.01577e-05
0.0714774 	503.864 	1.80675e-05
0.0719241 	503.82 	1.5996e-05
0.0723709 	503.776 	1.39551e-05
0.0728176 	503.732 	1.19815e-05
0.0732643 	503.688 	1.0008e-05
0.0737111 	503.644 	8.11864e-06
0.0741578 	503.6 	6.24719e-06
0.0746045 	503.556 	4.41162e-06
0.0750513 	503.511 	2.64651e-06
0.075498 	503.467 	8.81395e-07
0.0759447 	503.423 	-7.89603e-07
0.0763915 	503.379 	-2.44399e-06
0.0768382 	503.335 	-4.05657e-06
0.0772849 	503.291 	-5.59562e-06
0.0777317 	503.248 	-7.13468e-06
0.0781784 	503.204 	-8.56853e-06
0.0786251 	503.16 	-9.98736e-06
0.0790719 	503.116 	-1.13576e-05
0.0795186 	503.072 	-1.2651e-05
0.0799653 	503.028 	-1.39444e-05
0.0804121 	502.984 	-1.51199e-05
0.0808588 	502.94 	-1.62824e-05
0.0813055 	502.896 	-1.73884e-05
0.0817523 	502.852 	-1.84141e-05
0.082199 	502.808 	-1.94397e-05
0.0826457 	502.764 	-2.03333e-05
0.0830925 	502.72 	-2.12161e-05
0.0835392 	502.676 	-2.20337e-05
0.0839859 	502.633 	-2.27675e-05
0.0844327 	502.589 	-2.35014e-05
0.0848794 	502.545 	-2.40879e-05
0.0853261 	502.501 	-2.46667e-05
0.0857729 	502.457 	-2.51712e-05
0.0862196 	502.413 	-2.55894e-05
0.0866663 	502.369 	-2.60076e-05
0.0871131 	502.325 	-2.62647e-05
0.0875598 	502.282 	-2.65177e-05
0.0880065 	502.238 	-2.66886e-05
0.0884533 	502.194 	-2.67733e-05
0.0889 	502.15 	-2.6858e-05
