0 	0 	0 	0
0.000446734 	0.000149063 	0.00306176 	-9.33206e-26
0.000893467 	0.000297759 	0.00610284 	-1.8351e-25
0.0013402 	0.000406303 	0.00841652 	-1.99288e-25
0.00178693 	0.000477147 	0.0100477 	-1.48174e-25
0.00223367 	0.000544099 	0.0116464 	-9.53462e-26
0.0026804 	0.000537773 	0.0124032 	-5.62714e-26
0.00312714 	0.000531447 	0.01316 	-1.71965e-26
0.00357387 	0.000512943 	0.0137294 	-1.34346e-26
0.0040206 	0.000486022 	0.0141444 	-3.95167e-26
0.00446734 	0.000458378 	0.01455 	-6.74236e-26
0.00491407 	0.000430186 	0.0147844 	-9.87414e-26
0.0053608 	0.000401994 	0.0150188 	-1.30059e-25
0.00580754 	0.000373976 	0.0151637 	-1.32511e-25
0.00625427 	0.000346963 	0.0152393 	-1.13561e-25
0.00670101 	0.00031962 	0.015304 	-9.22753e-26
0.00714774 	0.000293402 	0.0152388 	-6.09575e-26
0.00759447 	0.000267185 	0.0151737 	-2.96397e-26
0.00804121 	0.0002414 	0.0150419 	-1.33923e-26
0.00848794 	0.000216411 	0.0148638 	-6.25958e-27
0.00893467 	0.000191419 	0.014677 	0
0.00938141 	0.000168334 	0.0144144 	0
0.00982814 	0.000145249 	0.0141518 	0
0.0102749 	0.000123528 	0.0138521 	0
0.0107216 	0.000102848 	0.0135292 	0
0.0111683 	8.24649e-05 	0.0132011 	0
0.0116151 	6.44604e-05 	0.0128376 	0
0.0120618 	4.64558e-05 	0.0124742 	0
0.0125085 	3.02247e-05 	0.0120951 	0
0.0129553 	1.49674e-05 	0.0117074 	0
0.013402 	1.84542e-07 	0.0113179 	0
0.0138487 	-1.23829e-05 	0.010919 	0
0.0142955 	-2.49503e-05 	0.0105201 	0
0.0147422 	-3.572e-05 	0.0101209 	0
0.0151889 	-4.57401e-05 	0.00972167 	0
0.0156357 	-5.52089e-05 	0.00932379 	0
0.0160824 	-6.28809e-05 	0.00893262 	0
0.0165291 	-7.05528e-05 	0.00854145 	0
0.0169759 	-7.66077e-05 	0.00816034 	0
0.0174226 	-8.21641e-05 	0.00778381 	0
0.0178693 	-8.71694e-05 	0.00741117 	0
0.0183161 	-9.08585e-05 	0.00705409 	0
0.0187628 	-9.45477e-05 	0.006697 	0
0.0192095 	-9.68997e-05 	0.00635613 	0
0.0196563 	-9.89737e-05 	0.00602178 	0
0.020103 	-0.000100551 	0.00569301 	0
0.0205497 	-0.000101258 	0.00538337 	0
0.0209965 	-0.000101965 	0.00507373 	0
0.0214432 	-0.000101652 	0.00478298 	0
0.0218899 	-0.00010123 	0.00449893 	0
0.0223367 	-0.0001004 	0.00422128 	0
0.0227834 	-9.907e-05 	0.00396275 	0
0.0232302 	-9.77406e-05 	0.00370422 	0
0.0236769 	-9.57004e-05 	0.00346454 	0
0.0241236 	-9.36646e-05 	0.00323069 	0
0.0245704 	-9.13246e-05 	0.00300326 	0
0.0250171 	-8.87623e-05 	0.00279262 	0
0.0254638 	-8.62001e-05 	0.00258197 	0
0.0259106 	-8.32021e-05 	0.00238806 	0
0.0263573 	-8.02697e-05 	0.00219863 	0
0.026804 	-7.71396e-05 	0.00201486 	0
0.0272508 	-7.39701e-05 	0.00184421 	0
0.0276975 	-7.08007e-05 	0.00167355 	0
0.0281442 	-6.74221e-05 	0.00151597 	0
0.028591 	-6.41273e-05 	0.00136136 	0
0.0290377 	-6.07355e-05 	0.00121102 	0
0.0294844 	-5.74092e-05 	0.00106944 	0
0.0299312 	-5.40829e-05 	0.000927869 	0
0.0303779 	-5.07321e-05 	0.000794589 	0
0.0308246 	-4.74542e-05 	0.000662875 	0
0.0312714 	-4.41721e-05 	0.00053349 	0
0.0317181 	-4.10027e-05 	0.00040833 	0
0.0321648 	-3.78334e-05 	0.000283171 	0
0.0326116 	-3.47796e-05 	0.000160785 	0
0.0330583 	-3.17663e-05 	3.88003e-05 	0
0.033505 	-2.88345e-05 	-8.32391e-05 	0
0.0339518 	-2.60274e-05 	-0.00020546 	0
0.0343985 	-2.32202e-05 	-0.000327681 	0
0.0348452 	-2.06679e-05 	-0.000453101 	0
0.035292 	-1.81168e-05 	-0.000578962 	0
0.0357387 	-1.57418e-05 	-0.000707591 	0
0.0361854 	-1.35044e-05 	-0.000840444 	0
0.0366322 	-1.1267e-05 	-0.000973297 	0
0.0370789 	-9.46107e-06 	-0.00111547 	0
0.0375256 	-7.61653e-06 	-0.00125858 	0
0.0379724 	-6.07578e-06 	-0.00140733 	-1.86316e-28
0.0384191 	-4.72328e-06 	-0.00156379 	-6.49109e-28
0.0388658 	-3.37077e-06 	-0.00172025 	-1.1119e-27
0.0393126 	-2.70419e-06 	-0.00189195 	-1.64529e-27
0.0397593 	-1.96038e-06 	-0.00206467 	-2.20789e-27
0.040206 	-1.68695e-06 	-0.0022459 	-2.85133e-27
0.0406528 	-1.6896e-06 	-0.00243753 	-3.66194e-27
0.0410995 	-1.69224e-06 	-0.00262916 	-4.47255e-27
0.0415462 	-2.72053e-06 	-0.00284118 	-5.39835e-27
0.041993 	-3.63092e-06 	-0.003054 	-6.12729e-27
0.0424397 	-5.22785e-06 	-0.00327778 	-5.92057e-27
0.0428864 	-7.23136e-06 	-0.00351364 	-4.64716e-27
0.0433332 	-9.28418e-06 	-0.00374966 	-3.40385e-27
0.0437799 	-1.27041e-05 	-0.00400941 	-1.90837e-27
0.0442266 	-1.60093e-05 	-0.00426962 	-6.16828e-28
0.0446734 	-2.02702e-05 	-0.00454234 	5.14295e-28
0.0451201 	-2.51062e-05 	-0.00482752 	1.59115e-27
0.0455668 	-3.01277e-05 	-0.00511321 	2.79411e-27
0.0460136 	-3.67743e-05 	-0.00542303 	3.6948e-27
0.0464603 	-4.33874e-05 	-0.00573302 	4.57485e-27
0.046907 	-5.12683e-05 	-0.00605548 	4.39665e-27
0.0473538 	-5.99166e-05 	-0.00638912 	3.3198e-27
0.0478005 	-6.88484e-05 	-0.00672365 	2.1364e-27
0.0482472 	-7.97934e-05 	-0.00707866 	1.25635e-27
0.048694 	-9.07384e-05 	-0.00743368 	3.76301e-28
0.0491407 	-0.000103276 	-0.00779857 	0
0.0495874 	-0.000116772 	-0.00817134 	0
0.0500342 	-0.000130619 	-0.00854503 	7.02923e-29
0.0504809 	-0.000146897 	-0.00893039 	1.82365e-27
0.0509276 	-0.000163175 	-0.00931574 	3.57701e-27
0.0513744 	-0.000181321 	-0.0097045 	6.39854e-27
0.0518211 	-0.000200571 	-0.0100955 	9.65828e-27
0.0522678 	-0.000220224 	-0.0104864 	1.27157e-26
0.0527146 	-0.000242568 	-0.0108741 	1.09623e-26
0.0531613 	-0.000264911 	-0.0112618 	9.20897e-27
0.053608 	-0.000289221 	-0.0116409 	6.07972e-27
0.0540548 	-0.00031468 	-0.0120141 	2.81997e-27
0.0545015 	-0.000340531 	-0.0123842 	0
0.0549482 	-0.000368983 	-0.012729 	0
0.055395 	-0.000397435 	-0.0130737 	0
0.0558417 	-0.000427545 	-0.0133906 	0
0.0562884 	-0.000458641 	-0.0136904 	0
0.0567352 	-0.000489952 	-0.0139815 	0
0.0571819 	-0.000522984 	-0.0142162 	0
0.0576286 	-0.000556017 	-0.0144509 	0
0.0580754 	-0.000589403 	-0.014628 	0
0.0585221 	-0.000623155 	-0.0147735 	0
0.0589688 	-0.000656545 	-0.0149003 	0
0.0594156 	-0.000689234 	-0.0149288 	0
0.0598623 	-0.000721924 	-0.0149573 	0
0.060309 	-0.000752137 	-0.0148889 	0
0.0607558 	-0.000781565 	-0.0147736 	0
0.0612025 	-0.0008097 	-0.0146285 	0
0.0616492 	-0.000834231 	-0.0143547 	0
0.062096 	-0.000858762 	-0.014081 	0
0.0625427 	-0.000879219 	-0.0136936 	0
0.0629894 	-0.000898542 	-0.0132576 	0
0.0634362 	-0.000910544 	-0.0127705 	0
0.0638829 	-0.000894399 	-0.0120886 	0
0.0643296 	-0.000878255 	-0.0114067 	0
0.0647764 	-0.000759386 	-0.0103204 	0
0.0652231 	-0.00060047 	-0.0090767 	0
0.0656698 	-0.000433606 	-0.00764111 	0
0.0661166 	-0.000270832 	-0.00559909 	0
0.0665633 	-0.000108058 	-0.00355706 	0
0.0670101 	-4.77198e-05 	-0.00209848 	0
0.0674568 	-1.95713e-05 	-0.000876311 	0
0.0679035 	4.9006e-07 	-2.12464e-06 	0
0.0683503 	2.27877e-07 	-1.21825e-06 	0
0.068797 	-3.43055e-08 	-3.11858e-07 	0
0.0692437 	-9.62109e-08 	-1.50093e-07 	0
0.0696905 	-1.06767e-07 	-1.77449e-07 	0
0.0701372 	-1.13782e-07 	-2.01486e-07 	0
0.0705839 	-1.11888e-07 	-2.1789e-07 	0
0.0710307 	-1.09994e-07 	-2.34293e-07 	0
0.0714774 	-1.06769e-07 	-2.46133e-07 	0
0.0719241 	-1.03069e-07 	-2.56921e-07 	0
0.0723709 	-9.92881e-08 	-2.6683e-07 	0
0.0728176 	-9.51397e-08 	-2.74894e-07 	0
0.0732643 	-9.09914e-08 	-2.82959e-07 	0
0.0737111 	-8.69193e-08 	-2.90024e-07 	0
0.0741578 	-8.28311e-08 	-2.96887e-07 	0
0.0746045 	-7.88385e-08 	-3.03613e-07 	-3.91261e-29
0.0750513 	-7.50065e-08 	-3.10069e-07 	-1.63301e-28
0.075498 	-7.11746e-08 	-3.16525e-07 	-2.87475e-28
0.0759447 	-6.76142e-08 	-3.2299e-07 	-4.33677e-28
0.0763915 	-6.41018e-08 	-3.29451e-07 	-5.64293e-28
0.0768382 	-6.07015e-08 	-3.35996e-07 	-6.03558e-28
0.0772849 	-5.75115e-08 	-3.42674e-07 	-4.79383e-28
0.0777317 	-5.43214e-08 	-3.49353e-07 	-3.55209e-28
0.0781784 	-5.13846e-08 	-3.56322e-07 	-2.07691e-28
0.0786251 	-4.84921e-08 	-3.63326e-07 	-7.70752e-29
0.0790719 	-4.56924e-08 	-3.70482e-07 	0
0.0795186 	-4.3061e-08 	-3.77865e-07 	0
0.0799653 	-4.04297e-08 	-3.85249e-07 	0
0.0804121 	-3.79886e-08 	-3.93002e-07 	0
0.0808588 	-3.55785e-08 	-4.0079e-07 	0
0.0813055 	-3.32342e-08 	-4.08754e-07 	-1.3161e-28
0.0817523 	-3.10059e-08 	-4.16959e-07 	-4.68994e-28
0.082199 	-2.87775e-08 	-4.25164e-07 	-8.06378e-28
0.0826457 	-2.66734e-08 	-4.33762e-07 	-1.17405e-27
0.0830925 	-2.45893e-08 	-4.42388e-07 	-1.52843e-27
0.0835392 	-2.25438e-08 	-4.51201e-07 	-1.42682e-27
0.0839859 	-2.0569e-08 	-4.60248e-07 	-7.17246e-28
0.0844327 	-1.85943e-08 	-4.69296e-07 	-7.67082e-30
0.0848794 	-1.66832e-08 	-4.78747e-07 	7.6794e-28
0.0853261 	-1.47853e-08 	-4.88217e-07 	1.51313e-27
0.0857729 	-1.28996e-08 	-4.97883e-07 	1.73485e-27
0.0862196 	-1.10481e-08 	-5.07776e-07 	1.36266e-27
0.0866663 	-9.19659e-09 	-5.17668e-07 	9.9047e-28
0.0871131 	-7.35284e-09 	-5.27963e-07 	5.82347e-28
0.0875598 	-5.51878e-09 	-5.38268e-07 	1.91534e-28
0.0880065 	-3.67479e-09 	-4.42152e-07 	0
0.0884533 	-1.83982e-09 	-2.23622e-07 	0
0.0889 	0 	0 	0
