0 	0 	0 	0
0.000446734 	-1.27093e-05 	0.000399589 	-6.527e-27
0.000893467 	-2.54186e-05 	0.000799178 	-1.3054e-26
0.0013402 	-4.89032e-05 	0.00103631 	-1.45793e-26
0.00178693 	-8.26374e-05 	0.0011189 	-1.13468e-26
0.00223367 	-0.000116333 	0.00119704 	-8.11279e-27
0.0026804 	-0.00014852 	0.00110147 	-4.81826e-27
0.00312714 	-0.000180707 	0.0010059 	-1.52372e-27
0.00357387 	-0.000201088 	0.000867593 	0
0.0040206 	-0.000211311 	0.000692518 	0
0.00446734 	-0.000220189 	0.000516693 	0
0.00491407 	-0.000203516 	0.000326623 	0
0.0053608 	-0.000186843 	0.000136553 	0
0.00580754 	-0.000159595 	-3.66932e-05 	0
0.00625427 	-0.000124122 	-0.000196855 	0
0.00670101 	-8.82868e-05 	-0.000352797 	-4.59505e-28
0.00714774 	-4.79912e-05 	-0.000456693 	-6.58624e-27
0.00759447 	-7.69565e-06 	-0.00056059 	-1.2713e-26
0.00804121 	2.83235e-05 	-0.000628787 	-1.85949e-26
0.00848794 	6.134e-05 	-0.00067192 	-2.4305e-26
0.00893467 	9.30167e-05 	-0.000710305 	-2.88314e-26
0.00938141 	0.000112635 	-0.00070596 	-2.27047e-26
0.00982814 	0.000132253 	-0.000701615 	-1.6578e-26
0.0102749 	0.000143407 	-0.000680492 	-1.07064e-26
0.0107216 	0.000149205 	-0.000648754 	-4.99633e-27
0.0111683 	0.000153623 	-0.000615778 	-2.90946e-28
0.0116151 	0.00014838 	-0.000574134 	-2.61852e-27
0.0120618 	0.000143138 	-0.000532489 	-4.94608e-27
0.0125085 	0.000133159 	-0.000491622 	-7.17835e-27
0.0129553 	0.000120487 	-0.000451197 	-9.35643e-27
0.013402 	0.000107188 	-0.000411735 	-1.08587e-26
0.0138487 	9.03364e-05 	-0.000377729 	-8.5311e-27
0.0142955 	7.34843e-05 	-0.000343723 	-6.20353e-27
0.0147422 	5.55831e-05 	-0.000314802 	-3.975e-27
0.0151889 	3.71475e-05 	-0.000288471 	-1.79692e-27
0.0156357 	1.8801e-05 	-0.000263348 	0
0.0160824 	8.74452e-07 	-0.000243924 	0
0.0165291 	-1.70521e-05 	-0.000224499 	0
0.0169759 	-3.33806e-05 	-0.000208793 	0
0.0174226 	-4.89826e-05 	-0.000194776 	0
0.0178693 	-6.37908e-05 	-0.000181524 	0
0.0183161 	-7.54233e-05 	-0.000171326 	0
0.0187628 	-8.70558e-05 	-0.000161129 	0
0.0192095 	-9.48315e-05 	-0.000152616 	0
0.0196563 	-0.000101051 	-0.000144783 	0
0.020103 	-0.000105803 	-0.000137191 	0
0.0205497 	-0.000105498 	-0.000130425 	0
0.0209965 	-0.000105194 	-0.00012366 	0
0.0214432 	-9.96158e-05 	-0.000116844 	0
0.0218899 	-9.21609e-05 	-0.000110009 	0
0.0223367 	-8.29081e-05 	-0.000102916 	-2.75998e-28
0.0227834 	-6.82616e-05 	-9.50475e-05 	-1.37999e-27
0.0232302 	-5.3615e-05 	-8.71793e-05 	-2.48399e-27
0.0236769 	-3.39307e-05 	-7.79351e-05 	-3.51557e-27
0.0241236 	-1.26773e-05 	-6.82624e-05 	-4.52459e-27
0.0245704 	1.00571e-05 	-5.7946e-05 	-4.95254e-27
0.0250171 	3.66961e-05 	-4.59326e-05 	-3.84854e-27
0.0254638 	6.3335e-05 	-3.39192e-05 	-2.74455e-27
0.0259106 	9.28301e-05 	-1.98741e-05 	-3.02176e-27
0.0263573 	0.000123096 	-5.28071e-06 	-3.67168e-27
0.026804 	0.0001538 	1.00463e-05 	-4.57379e-27
0.0272508 	0.000185529 	2.70851e-05 	-6.06438e-27
0.0276975 	0.000217257 	4.41238e-05 	-7.55496e-27
0.0281442 	0.000248213 	6.26702e-05 	-6.48655e-27
0.028591 	0.000278992 	8.15644e-05 	-4.82761e-27
0.0290377 	0.000308677 	0.000100709 	-3.22338e-27
0.0294844 	0.000336093 	0.000120374 	-1.7328e-27
0.0299312 	0.000363509 	0.000140039 	-2.4222e-28
0.0303779 	0.000386244 	0.000159011 	0
0.0308246 	0.00040807 	0.000177848 	0
0.0312714 	0.000427297 	0.000195667 	0
0.0317181 	0.000441699 	0.000211594 	0
0.0321648 	0.0004561 	0.00022752 	0
0.0326116 	0.00046301 	0.000238802 	-1.32856e-27
0.0330583 	0.000468726 	0.000249343 	-2.86891e-27
0.033505 	0.000470941 	0.000256855 	-4.33026e-27
0.0339518 	0.000467322 	0.000259321 	-5.65994e-27
0.0343985 	0.000463702 	0.000261786 	-6.98962e-27
0.0348452 	0.000451747 	0.000254826 	-5.77215e-27
0.035292 	0.000438734 	0.000246672 	-4.23179e-27
0.0357387 	0.000422167 	0.000233591 	-2.77571e-27
0.0361854 	0.000400267 	0.000213119 	-1.44603e-27
0.0366322 	0.000378366 	0.000192647 	-1.16347e-28
0.0370789 	0.000349392 	0.000161238 	2.06831e-28
0.0375256 	0.00031974 	0.00012878 	4.33494e-28
0.0379724 	0.000287663 	9.30135e-05 	6.4895e-28
0.0384191 	0.000252308 	5.27711e-05 	8.49244e-28
0.0388658 	0.000216952 	1.25287e-05 	1.04954e-27
0.0393126 	0.000179536 	-2.51769e-05 	8.49558e-28
0.0397593 	0.000141982 	-6.27134e-05 	6.22894e-28
0.040206 	0.000106188 	-9.06604e-05 	4.08098e-28
0.0406528 	7.25457e-05 	-0.000106887 	2.07804e-28
0.0410995 	3.89031e-05 	-0.000123114 	7.511e-30
0.0415462 	2.31844e-05 	-9.97535e-05 	0
0.041993 	8.16409e-06 	-7.48511e-05 	0
0.0424397 	1.9412e-07 	-4.99806e-05 	0
0.0428864 	1.66429e-08 	-2.51451e-05 	0
0.0433332 	-1.60834e-07 	-3.09629e-07 	0
0.0437799 	-1.91721e-07 	1.09595e-08 	-2.29165e-30
0.0442266 	-2.20753e-07 	2.12335e-08 	-4.61231e-30
0.0446734 	-2.39425e-07 	2.51448e-08 	-7.21423e-30
0.0451201 	-2.47738e-07 	2.26936e-08 	-1.00974e-29
0.0455668 	-2.5599e-07 	2.02573e-08 	-1.29156e-29
0.0460136 	-2.59498e-07 	1.90112e-08 	-1.05949e-29
0.0464603 	-2.63006e-07 	1.7765e-08 	-8.27425e-30
0.046907 	-2.6575e-07 	1.67883e-08 	-5.65826e-30
0.0473538 	-2.67802e-07 	1.60554e-08 	-2.77507e-30
0.0478005 	-2.69834e-07 	1.53277e-08 	1.68651e-31
0.0482472 	-2.71318e-07 	1.47341e-08 	4.66601e-30
0.048694 	-2.72802e-07 	1.41406e-08 	9.16337e-30
0.0491407 	-2.74124e-07 	1.35281e-08 	1.39531e-29
0.0495874 	-2.75312e-07 	1.29001e-08 	1.8982e-29
0.0500342 	-2.76487e-07 	1.22656e-08 	2.34155e-29
0.0504809 	-2.77459e-07 	1.15336e-08 	1.89181e-29
0.0509276 	-2.78432e-07 	1.08015e-08 	1.44208e-29
0.0513744 	-2.79289e-07 	9.99828e-09 	1.66117e-29
0.0518211 	-2.80062e-07 	9.14255e-09 	2.37462e-29
0.0522678 	-2.80817e-07 	8.27629e-09 	3.14083e-29
0.0527146 	-2.81385e-07 	7.30032e-09 	4.4572e-29
0.0531613 	-2.81954e-07 	6.32435e-09 	5.77357e-29
0.053608 	-2.82395e-07 	5.28408e-09 	5.57031e-29
0.0540548 	-2.8275e-07 	4.20094e-09 	4.35397e-29
0.0545015 	-2.83081e-07 	3.10756e-09 	3.12638e-29
0.0549482 	-2.83213e-07 	1.93351e-09 	1.81001e-29
0.055395 	-2.83346e-07 	7.59455e-10 	4.93639e-30
0.0558417 	-2.83335e-07 	-4.61212e-10 	0
0.0562884 	-2.83238e-07 	-1.70985e-09 	0
0.0567352 	-2.83108e-07 	-2.96669e-09 	0
0.0571819 	-2.82775e-07 	-4.27501e-09 	0
0.0576286 	-2.82442e-07 	-5.58333e-09 	0
0.0580754 	-2.81953e-07 	-6.92214e-09 	0
0.0585221 	-2.8138e-07 	-8.27738e-09 	0
0.0589688 	-2.80768e-07 	-9.63855e-09 	-3.12655e-30
0.0594156 	-2.79955e-07 	-1.10303e-08 	-2.23669e-29
0.0598623 	-2.79141e-07 	-1.24221e-08 	-4.16072e-29
0.060309 	-2.78164e-07 	-1.38332e-08 	-6.15371e-29
0.0607558 	-2.77108e-07 	-1.52536e-08 	-8.17991e-29
0.0612025 	-2.76007e-07 	-1.66783e-08 	-9.46544e-29
0.0616492 	-2.7471e-07 	-1.81217e-08 	-7.54141e-29
0.062096 	-2.73413e-07 	-1.95651e-08 	-5.61737e-29
0.0625427 	-2.71947e-07 	-2.10222e-08 	-3.62183e-29
0.0629894 	-2.70408e-07 	-2.24852e-08 	-1.59563e-29
0.0634362 	-2.68819e-07 	-2.3952e-08 	0
0.0638829 	-2.6704e-07 	-2.54333e-08 	0
0.0643296 	-2.65261e-07 	-2.69145e-08 	0
0.0647764 	-2.63308e-07 	-2.84093e-08 	0
0.0652231 	-2.61289e-07 	-2.99092e-08 	0
0.0656698 	-2.59213e-07 	-3.1414e-08 	-3.02174e-30
0.0661166 	-2.56953e-07 	-3.29348e-08 	-1.57449e-29
0.0665633 	-2.54694e-07 	-3.44555e-08 	-2.8468e-29
0.0670101 	-2.52254e-07 	-3.59946e-08 	-4.15835e-29
0.0674568 	-2.49754e-07 	-3.75399e-08 	-5.48299e-29
0.0679035 	-2.4719e-07 	-3.9093e-08 	-6.12593e-29
0.0683503 	-2.44447e-07 	-4.06679e-08 	-4.85362e-29
0.068797 	-2.41705e-07 	-4.22428e-08 	-3.58131e-29
0.0692437 	-2.38772e-07 	-4.38457e-08 	-2.26844e-29
0.0696905 	-2.35784e-07 	-4.54568e-08 	-9.43805e-30
0.0701372 	-2.32725e-07 	-4.70806e-08 	0
0.0705839 	-2.29488e-07 	-4.87358e-08 	0
0.0710307 	-2.26252e-07 	-5.0391e-08 	0
0.0714774 	-2.22813e-07 	-5.2089e-08 	-1.22618e-29
0.0719241 	-2.19323e-07 	-5.37976e-08 	-2.75891e-29
0.0723709 	-2.15752e-07 	-5.55264e-08 	-4.30759e-29
0.0728176 	-2.12003e-07 	-5.72994e-08 	-5.89139e-29
0.0732643 	-2.08254e-07 	-5.90725e-08 	-7.47518e-29
0.0737111 	-2.04285e-07 	-6.09091e-08 	-6.48785e-29
0.0741578 	-2.00269e-07 	-6.27592e-08 	-4.95512e-29
0.0746045 	-1.96161e-07 	-6.46403e-08 	-3.40516e-29
0.0750513 	-1.91871e-07 	-6.65822e-08 	-1.82136e-29
0.075498 	-1.87581e-07 	-6.85241e-08 	-2.37569e-30
0.0759447 	-1.83049e-07 	-7.05587e-08 	0
0.0763915 	-1.78475e-07 	-7.26097e-08 	0
0.0768382 	-1.73794e-07 	-7.47075e-08 	0
0.0772849 	-1.68926e-07 	-7.68877e-08 	0
0.0777317 	-1.64057e-07 	-7.90679e-08 	0
0.0781784 	-1.58922e-07 	-8.13822e-08 	0
0.0786251 	-1.53749e-07 	-8.37156e-08 	0
0.0790719 	-1.48453e-07 	-8.61194e-08 	0
0.0795186 	-1.42963e-07 	-8.86344e-08 	0
0.0799653 	-1.37474e-07 	-9.11495e-08 	0
0.0804121 	-1.31692e-07 	-9.38588e-08 	0
0.0808588 	-1.25877e-07 	-9.65897e-08 	0
0.0813055 	-1.19925e-07 	-9.94265e-08 	0
0.0817523 	-1.13778e-07 	-1.02414e-07 	0
0.082199 	-1.0763e-07 	-1.05402e-07 	0
0.0826457 	-1.01174e-07 	-1.08672e-07 	0
0.0830925 	-9.46917e-08 	-1.11965e-07 	0
0.0835392 	-8.80663e-08 	-1.15417e-07 	0
0.0839859 	-8.12565e-08 	-1.19073e-07 	0
0.0844327 	-7.44467e-08 	-1.22729e-07 	0
0.0848794 	-6.73447e-08 	-1.26792e-07 	0
0.0853261 	-6.02274e-08 	-1.30875e-07 	0
0.0857729 	-5.29862e-08 	-1.35189e-07 	0
0.0862196 	-4.56012e-08 	-1.39771e-07 	0
0.0866663 	-3.82162e-08 	-1.44352e-07 	0
0.0871131 	-3.06326e-08 	-1.4948e-07 	0
0.0875598 	-2.3044e-08 	-1.54622e-07 	0
0.0880065 	-1.54008e-08 	-1.26438e-07 	0
0.0884533 	-7.70042e-09 	-6.32189e-08 	0
0.0889 	-2.41195e-22 	-2.31921e-21 	0
