0 	0 	0 	0
0.000446734 	-1.3497e-05 	0.000307686 	-6.61098e-27
0.000893467 	-2.6994e-05 	0.000615373 	-1.3222e-26
0.0013402 	-4.69652e-05 	0.000781786 	-1.47665e-26
0.00178693 	-7.30949e-05 	0.000813817 	-1.14916e-26
0.00223367 	-9.91577e-05 	0.000842265 	-8.21525e-27
0.0026804 	-0.000122609 	0.000730966 	-4.87911e-27
0.00312714 	-0.000146061 	0.000619667 	-1.54297e-27
0.00357387 	-0.00016503 	0.000488085 	0
0.0040206 	-0.000180143 	0.000339051 	0
0.00446734 	-0.000195302 	0.000191569 	0
0.00491407 	-0.000211355 	7.35628e-05 	0
0.0053608 	-0.000227407 	-4.44432e-05 	0
0.00580754 	-0.000251537 	-0.000128629 	0
0.00625427 	-0.00028195 	-0.000186511 	0
0.00670101 	-0.000314026 	-0.000240166 	-4.44901e-28
0.00714774 	-0.000366625 	-0.000241694 	-6.37692e-27
0.00759447 	-0.000419223 	-0.000243221 	-1.23089e-26
0.00804121 	-0.000485771 	-0.000223038 	-1.79902e-26
0.00848794 	-0.000562112 	-0.000187611 	-2.34953e-26
0.00893467 	-0.000640656 	-0.000150446 	-2.78568e-26
0.00938141 	-0.000739015 	-9.76456e-05 	-2.19247e-26
0.00982814 	-0.000837374 	-4.4845e-05 	-1.59927e-26
0.0102749 	-0.000947543 	1.02748e-05 	-1.03222e-26
0.0107216 	-0.00106518 	6.68618e-05 	-4.81701e-27
0.0111683 	-0.00118485 	0.000122927 	-2.46828e-28
0.0116151 	-0.00131872 	0.000175338 	-2.22145e-27
0.0120618 	-0.00145258 	0.000227749 	-4.19607e-27
0.0125085 	-0.00159451 	0.000274602 	-5.98274e-27
0.0129553 	-0.00174101 	0.000318294 	-7.66252e-27
0.013402 	-0.00188875 	0.000360248 	-8.79415e-27
0.0138487 	-0.0020435 	0.000392354 	-6.81953e-27
0.0142955 	-0.00219825 	0.00042446 	-4.84491e-27
0.0147422 	-0.00235503 	0.000447576 	-3.06562e-27
0.0151889 	-0.00251282 	0.000466113 	-1.38583e-27
0.0156357 	-0.00267015 	0.000482051 	0
0.0160824 	-0.00282522 	0.000485733 	0
0.0165291 	-0.0029803 	0.000489416 	0
0.0169759 	-0.00312939 	0.000482523 	0
0.0174226 	-0.00327576 	0.000470823 	0
0.0178693 	-0.00341923 	0.000456114 	0
0.0183161 	-0.00355109 	0.000429366 	0
0.0187628 	-0.00368295 	0.000402619 	0
0.0192095 	-0.00380067 	0.000366037 	0
0.0196563 	-0.00391268 	0.000325486 	0
0.020103 	-0.00401918 	0.000282307 	0
0.0205497 	-0.00410668 	0.000230071 	0
0.0209965 	-0.00419419 	0.000177836 	0
0.0214432 	-0.00426078 	0.000119128 	0
0.0218899 	-0.00431994 	5.8117e-05 	0
0.0223367 	-0.00437128 	-4.18749e-06 	-8.96661e-29
0.0227834 	-0.0043992 	-7.03723e-05 	-4.48331e-28
0.0232302 	-0.00442711 	-0.000136557 	-8.06995e-28
0.0236769 	-0.00442965 	-0.000203547 	-1.12179e-27
0.0241236 	-0.00442428 	-0.000270789 	-1.42291e-27
0.0245704 	-0.00440948 	-0.000337127 	-1.54259e-27
0.0250171 	-0.00436983 	-0.000401087 	-1.18393e-27
0.0254638 	-0.00433018 	-0.000465046 	-8.25265e-28
0.0259106 	-0.00426374 	-0.000523021 	-9.34957e-28
0.0263573 	-0.00419008 	-0.000579381 	-1.17103e-27
0.026804 	-0.00410666 	-0.000632233 	-1.50609e-27
0.0272508 	-0.00400049 	-0.000676899 	-2.07213e-27
0.0276975 	-0.00389432 	-0.000721565 	-2.63816e-27
0.0281442 	-0.00376413 	-0.000753833 	-2.30782e-27
0.028591 	-0.0036284 	-0.000783241 	-1.77062e-27
0.0290377 	-0.00348452 	-0.000806817 	-1.22405e-27
0.0294844 	-0.00332372 	-0.000818283 	-6.58015e-28
0.0299312 	-0.00316291 	-0.000829749 	-9.19806e-29
0.0303779 	-0.00298617 	-0.000824972 	0
0.0308246 	-0.00280634 	-0.000817043 	0
0.0312714 	-0.00262249 	-0.000802353 	0
0.0317181 	-0.00243117 	-0.000775108 	0
0.0321648 	-0.00223984 	-0.000747863 	0
0.0326116 	-0.00204608 	-0.000705508 	-9.48631e-28
0.0330583 	-0.00185192 	-0.000660744 	-2.04849e-27
0.033505 	-0.00166017 	-0.00061073 	-3.17481e-27
0.0339518 	-0.00147242 	-0.000551966 	-4.3452e-27
0.0343985 	-0.00128466 	-0.000493203 	-5.5156e-27
0.0348452 	-0.00111054 	-0.000426448 	-4.67114e-27
0.035292 	-0.000938143 	-0.000358681 	-3.57128e-27
0.0357387 	-0.000774976 	-0.000289689 	-2.44321e-27
0.0361854 	-0.000625651 	-0.00021886 	-1.27281e-27
0.0366322 	-0.000476327 	-0.000148031 	-1.0241e-28
0.0370789 	-0.000353108 	-8.00514e-05 	1.94746e-28
0.0375256 	-0.000232393 	-1.23451e-05 	4.08165e-28
0.0379724 	-0.000125045 	5.15635e-05 	6.00642e-28
0.0384191 	-3.57803e-05 	0.000110334 	7.64784e-28
0.0388658 	5.3484e-05 	0.000169105 	9.28926e-28
0.0393126 	0.000113145 	0.000214798 	7.39104e-28
0.0397593 	0.000170833 	0.000259618 	5.25684e-28
0.040206 	0.000215254 	0.000296365 	3.34439e-28
0.0406528 	0.00024346 	0.000323244 	1.70297e-28
0.0410995 	0.000271665 	0.000350122 	6.15532e-30
0.0415462 	0.000275211 	0.000357307 	0
0.041993 	0.000277796 	0.000363725 	0
0.0424397 	0.000270755 	0.000360293 	0
0.0428864 	0.000253075 	0.000345976 	0
0.0433332 	0.000235395 	0.000331658 	0
0.0437799 	0.000203767 	0.000299624 	2.06709e-29
0.0442266 	0.000171963 	0.000267365 	4.16035e-29
0.0446734 	0.000136068 	0.000229404 	5.70656e-29
0.0451201 	9.60835e-05 	0.000185739 	6.70574e-29
0.0455668 	5.63222e-05 	0.000142114 	7.66625e-29
0.0460136 	3.42257e-05 	0.000101635 	5.57299e-29
0.0464603 	1.21291e-05 	6.11556e-05 	3.47974e-29
0.046907 	1.24119e-06 	3.30841e-05 	1.96087e-29
0.0473538 	4.94486e-07 	1.62385e-05 	9.61702e-30
0.0478005 	-2.24391e-07 	2.50215e-08 	1.31005e-31
0.0482472 	-2.29063e-07 	3.43399e-08 	3.62448e-30
0.048694 	-2.33735e-07 	4.36584e-08 	7.11796e-30
0.0491407 	-2.44741e-07 	4.41609e-08 	1.06948e-29
0.0495874 	-2.6093e-07 	3.74502e-08 	1.434e-29
0.0500342 	-2.76146e-07 	3.09731e-08 	1.7539e-29
0.0504809 	-2.76772e-07 	2.80001e-08 	1.40455e-29
0.0509276 	-2.77397e-07 	2.50271e-08 	1.0552e-29
0.0513744 	-2.78187e-07 	2.27983e-08 	1.224e-29
0.0518211 	-2.79097e-07 	2.11196e-08 	1.77577e-29
0.0522678 	-2.80014e-07 	1.94759e-08 	2.36873e-29
0.0527146 	-2.81002e-07 	1.81971e-08 	3.39122e-29
0.0531613 	-2.8199e-07 	1.69183e-08 	4.41372e-29
0.053608 	-2.82944e-07 	1.5676e-08 	4.27294e-29
0.0540548 	-2.83874e-07 	1.4458e-08 	3.35666e-29
0.0545015 	-2.84788e-07 	1.32329e-08 	2.42842e-29
0.0549482 	-2.85572e-07 	1.19515e-08 	1.40593e-29
0.055395 	-2.86355e-07 	1.06701e-08 	3.83435e-30
0.0558417 	-2.8701e-07 	9.32549e-09 	0
0.0562884 	-2.87587e-07 	7.94299e-09 	0
0.0567352 	-2.88131e-07 	6.5463e-09 	0
0.0571819 	-2.88462e-07 	5.06059e-09 	0
0.0576286 	-2.88794e-07 	3.57488e-09 	0
0.0580754 	-2.88949e-07 	2.02964e-09 	0
0.0585221 	-2.89009e-07 	4.52336e-10 	0
0.0589688 	-2.89022e-07 	-1.13728e-09 	-2.70204e-30
0.0594156 	-2.88794e-07 	-2.79035e-09 	-1.933e-29
0.0598623 	-2.88566e-07 	-4.44343e-09 	-3.59579e-29
0.060309 	-2.88137e-07 	-6.13705e-09 	-5.3308e-29
0.0607558 	-2.87612e-07 	-7.85021e-09 	-7.10056e-29
0.0612025 	-2.87029e-07 	-9.57207e-09 	-8.22672e-29
0.0616492 	-2.862e-07 	-1.13316e-08 	-6.56393e-29
0.062096 	-2.85371e-07 	-1.30912e-08 	-4.90113e-29
0.0625427 	-2.84329e-07 	-1.48757e-08 	-3.16346e-29
0.0629894 	-2.83195e-07 	-1.66709e-08 	-1.39369e-29
0.0634362 	-2.81996e-07 	-1.8472e-08 	0
0.0638829 	-2.80556e-07 	-2.02949e-08 	0
0.0643296 	-2.79116e-07 	-2.21179e-08 	0
0.0647764 	-2.77456e-07 	-2.39576e-08 	0
0.0652231 	-2.75711e-07 	-2.58036e-08 	0
0.0656698 	-2.73895e-07 	-2.76546e-08 	-2.74428e-30
0.0661166 	-2.71847e-07 	-2.95216e-08 	-1.42991e-29
0.0665633 	-2.69799e-07 	-3.13887e-08 	-2.5854e-29
0.0670101 	-2.67525e-07 	-3.32721e-08 	-3.78198e-29
0.0674568 	-2.65175e-07 	-3.51608e-08 	-4.99226e-29
0.0679035 	-2.62746e-07 	-3.70561e-08 	-5.58153e-29
0.0683503 	-2.60094e-07 	-3.89697e-08 	-4.42604e-29
0.068797 	-2.57442e-07 	-4.08832e-08 	-3.27056e-29
0.0692437 	-2.54556e-07 	-4.282e-08 	-2.0726e-29
0.0696905 	-2.51603e-07 	-4.47636e-08 	-8.62324e-30
0.0701372 	-2.48562e-07 	-4.67179e-08 	0
0.0705839 	-2.45305e-07 	-4.86988e-08 	0
0.0710307 	-2.42049e-07 	-5.06798e-08 	0
0.0714774 	-2.38547e-07 	-5.26981e-08 	-1.14354e-29
0.0719241 	-2.34985e-07 	-5.47259e-08 	-2.57296e-29
0.0723709 	-2.31326e-07 	-5.67718e-08 	-4.01929e-29
0.0728176 	-2.27454e-07 	-5.88578e-08 	-5.50282e-29
0.0732643 	-2.23582e-07 	-6.09438e-08 	-6.98635e-29
0.0737111 	-2.19451e-07 	-6.30892e-08 	-6.0667e-29
0.0741578 	-2.15264e-07 	-6.52472e-08 	-4.63728e-29
0.0746045 	-2.10969e-07 	-6.7435e-08 	-3.18959e-29
0.0750513 	-2.06461e-07 	-6.96811e-08 	-1.70606e-29
0.075498 	-2.01953e-07 	-7.19273e-08 	-2.2253e-30
0.0759447 	-1.97165e-07 	-7.42645e-08 	0
0.0763915 	-1.92328e-07 	-7.66179e-08 	0
0.0768382 	-1.87368e-07 	-7.90182e-08 	0
0.0772849 	-1.82192e-07 	-8.15011e-08 	0
0.0777317 	-1.77016e-07 	-8.39841e-08 	0
0.0781784 	-1.71536e-07 	-8.66036e-08 	0
0.0786251 	-1.66012e-07 	-8.92427e-08 	0
0.0790719 	-1.6035e-07 	-9.19545e-08 	0
0.0795186 	-1.54468e-07 	-9.47812e-08 	0
0.0799653 	-1.48586e-07 	-9.7608e-08 	0
0.0804121 	-1.42374e-07 	-1.00638e-07 	0
0.0808588 	-1.36125e-07 	-1.0369e-07 	0
0.0813055 	-1.29722e-07 	-1.06853e-07 	0
0.0817523 	-1.231e-07 	-1.10176e-07 	0
0.082199 	-1.16479e-07 	-1.13499e-07 	0
0.0826457 	-1.09511e-07 	-1.17121e-07 	0
0.0830925 	-1.02516e-07 	-1.20768e-07 	0
0.0835392 	-9.53606e-08 	-1.24584e-07 	0
0.0839859 	-8.80003e-08 	-1.28618e-07 	0
0.0844327 	-8.06399e-08 	-1.32652e-07 	0
0.0848794 	-7.29553e-08 	-1.37121e-07 	0
0.0853261 	-6.52537e-08 	-1.41614e-07 	0
0.0857729 	-5.74149e-08 	-1.46353e-07 	0
0.0862196 	-4.94167e-08 	-1.5138e-07 	0
0.0866663 	-4.14186e-08 	-1.56407e-07 	0
0.0871131 	-3.32009e-08 	-1.62023e-07 	0
0.0875598 	-2.49775e-08 	-1.67653e-07 	0
0.0880065 	-1.66939e-08 	-1.37117e-07 	0
0.0884533 	-8.34695e-09 	-6.85584e-08 	0
0.0889 	-2.6144e-22 	-2.51542e-21 	0
