0 	0 	0 	0
0.000446734 	-9.3305e-06 	0.000330317 	-6.66938e-27
0.000893467 	-1.8661e-05 	0.000660634 	-1.33388e-26
0.0013402 	-3.4419e-05 	0.000845668 	-1.48982e-26
0.00178693 	-5.6291e-05 	0.000892505 	-1.15971e-26
0.00223367 	-7.80579e-05 	0.000935423 	-8.2942e-27
0.0026804 	-9.57227e-05 	0.000825501 	-4.926e-27
0.00312714 	-0.000113388 	0.000715579 	-1.55779e-27
0.00357387 	-0.000122532 	0.000574741 	0
0.0040206 	-0.000124345 	0.0004073 	0
0.00446734 	-0.000125572 	0.000240438 	0
0.00491407 	-0.000115673 	8.45692e-05 	0
0.0053608 	-0.000105773 	-7.12993e-05 	0
0.00580754 	-9.68054e-05 	-0.00019811 	0
0.00625427 	-8.85618e-05 	-0.00030232 	0
0.00670101 	-8.13219e-05 	-0.000401913 	-4.56282e-28
0.00714774 	-8.64598e-05 	-0.000444571 	-6.54004e-27
0.00759447 	-9.15977e-05 	-0.000487229 	-1.26238e-26
0.00804121 	-0.000107555 	-0.000501259 	-1.84849e-26
0.00848794 	-0.00013111 	-0.000495189 	-2.41897e-26
0.00893467 	-0.000156462 	-0.000486323 	-2.87156e-26
0.00938141 	-0.000197994 	-0.000452291 	-2.26319e-26
0.00982814 	-0.000239525 	-0.000418258 	-1.65481e-26
0.0102749 	-0.000290302 	-0.000377901 	-1.06965e-26
0.0107216 	-0.000346926 	-0.000333544 	-4.99169e-27
0.0111683 	-0.000405029 	-0.000289278 	-2.83331e-28
0.0116151 	-0.000473476 	-0.000245657 	-2.54997e-27
0.0120618 	-0.000541924 	-0.000202036 	-4.81662e-27
0.0125085 	-0.000615953 	-0.000162436 	-6.95271e-27
0.0129553 	-0.000693157 	-0.000125122 	-9.01458e-27
0.013402 	-0.000771215 	-8.91002e-05 	-1.04272e-26
0.0138487 	-0.000854118 	-6.03976e-05 	-8.16052e-27
0.0142955 	-0.000937021 	-3.1695e-05 	-5.89388e-27
0.0147422 	-0.0010215 	-9.20878e-06 	-3.7629e-27
0.0151889 	-0.00110677 	1.01105e-05 	-1.70104e-27
0.0156357 	-0.00119181 	2.7772e-05 	0
0.0160824 	-0.00127574 	3.76177e-05 	0
0.0165291 	-0.00135967 	4.74633e-05 	0
0.0169759 	-0.00143992 	5.10084e-05 	0
0.0174226 	-0.00151849 	5.16895e-05 	0
0.0178693 	-0.00159517 	5.06765e-05 	0
0.0183161 	-0.00166429 	4.28867e-05 	0
0.0187628 	-0.00173342 	3.50969e-05 	0
0.0192095 	-0.00179306 	2.20882e-05 	0
0.0196563 	-0.00184887 	6.97362e-06 	0
0.020103 	-0.00190091 	-9.41542e-06 	0
0.0205497 	-0.00194 	-3.01943e-05 	0
0.0209965 	-0.00197908 	-5.09731e-05 	0
0.0214432 	-0.00200384 	-7.43239e-05 	0
0.0218899 	-0.0020235 	-9.85901e-05 	0
0.0223367 	-0.00203784 	-0.00012309 	-2.35762e-28
0.0227834 	-0.00203626 	-0.000148291 	-1.17881e-27
0.0232302 	-0.00203468 	-0.000173492 	-2.12186e-27
0.0236769 	-0.00201632 	-0.000197374 	-3.0072e-27
0.0241236 	-0.00199273 	-0.000220846 	-3.87456e-27
0.0245704 	-0.0019632 	-0.000243133 	-4.24405e-27
0.0250171 	-0.00191798 	-0.000262295 	-3.30101e-27
0.0254638 	-0.00187276 	-0.000281457 	-2.35796e-27
0.0259106 	-0.0018117 	-0.000295366 	-2.64542e-27
0.0263573 	-0.00174638 	-0.000307858 	-3.26492e-27
0.026804 	-0.00167584 	-0.000317774 	-4.11253e-27
0.0272508 	-0.00159312 	-0.000321681 	-5.49237e-27
0.0276975 	-0.00151041 	-0.000325588 	-6.87221e-27
0.0281442 	-0.0014167 	-0.000321526 	-5.92286e-27
0.028591 	-0.00132046 	-0.000315625 	-4.43599e-27
0.0290377 	-0.00122139 	-0.000306426 	-2.98391e-27
0.0294844 	-0.00111646 	-0.000290378 	-1.60407e-27
0.0299312 	-0.00101153 	-0.000274331 	-2.24224e-28
0.0303779 	-0.000903984 	-0.000250348 	0
0.0308246 	-0.00079593 	-0.000224825 	0
0.0312714 	-0.000688835 	-0.00019658 	0
0.0317181 	-0.00058352 	-0.000163278 	0
0.0321648 	-0.000478205 	-0.000129977 	0
0.0326116 	-0.000380133 	-9.2216e-05 	-1.40634e-27
0.0330583 	-0.000283216 	-5.37443e-05 	-3.03688e-27
0.033505 	-0.000191293 	-1.45749e-05 	-4.58489e-27
0.0339518 	-0.000107696 	2.57574e-05 	-5.99536e-27
0.0343985 	-2.40986e-05 	6.60898e-05 	-7.40582e-27
0.0348452 	4.43694e-05 	0.000104764 	-6.1174e-27
0.035292 	0.00011092 	0.000143229 	-4.48686e-27
0.0357387 	0.000169744 	0.000179379 	-2.94435e-27
0.0361854 	0.000216981 	0.00021206 	-1.53388e-27
0.0366322 	0.000264217 	0.00024474 	-1.23416e-28
0.0370789 	0.000293116 	0.000268636 	1.84129e-28
0.0375256 	0.000320257 	0.00029169 	3.85914e-28
0.0379724 	0.000339137 	0.000309231 	5.71723e-28
0.0384191 	0.00034684 	0.000319315 	7.35917e-28
0.0388658 	0.000354543 	0.000329398 	9.00112e-28
0.0393126 	0.000345852 	0.00032522 	7.21201e-28
0.0397593 	0.000336069 	0.000320091 	5.19416e-28
0.040206 	0.000319777 	0.000308001 	3.34546e-28
0.0406528 	0.000295531 	0.000287403 	1.70352e-28
0.0410995 	0.000271285 	0.000266805 	6.1573e-30
0.0415462 	0.000236898 	0.000234192 	0
0.041993 	0.000202116 	0.000201111 	0
0.0424397 	0.000164842 	0.000165836 	0
0.0428864 	0.000124812 	0.000128134 	0
0.0433332 	8.47826e-05 	9.04333e-05 	0
0.0437799 	5.70632e-05 	6.26722e-05 	4.57031e-29
0.0442266 	2.94997e-05 	3.50369e-05 	9.19847e-29
0.0446734 	1.23712e-05 	1.68414e-05 	1.15219e-28
0.0451201 	5.67768e-06 	8.0855e-06 	1.15405e-28
0.0455668 	-9.28444e-07 	-5.58176e-07 	1.1501e-28
0.0460136 	-6.31892e-07 	-3.38517e-07 	6.87284e-29
0.0464603 	-3.3534e-07 	-1.18857e-07 	2.24468e-29
0.046907 	-2.08832e-07 	-1.26547e-08 	3.6529e-31
0.0473538 	-2.36174e-07 	-9.1043e-09 	1.79155e-31
0.0478005 	-2.62571e-07 	-5.59438e-09 	1.00113e-31
0.0482472 	-2.64721e-07 	-3.12504e-09 	2.76979e-30
0.048694 	-2.6687e-07 	-6.5569e-10 	5.43947e-30
0.0491407 	-2.68951e-07 	1.27744e-09 	8.53105e-30
0.0495874 	-2.70976e-07 	2.77185e-09 	1.19678e-29
0.0500342 	-2.72984e-07 	4.21918e-09 	1.50229e-29
0.0504809 	-2.7475e-07 	4.96026e-09 	1.23533e-29
0.0509276 	-2.76516e-07 	5.70133e-09 	9.68358e-30
0.0513744 	-2.78113e-07 	6.11719e-09 	1.21342e-29
0.0518211 	-2.79584e-07 	6.29268e-09 	1.83693e-29
0.0522678 	-2.81029e-07 	6.43056e-09 	2.50101e-29
0.0527146 	-2.82206e-07 	6.17631e-09 	3.58806e-29
0.0531613 	-2.83383e-07 	5.92207e-09 	4.67512e-29
0.053608 	-2.84388e-07 	5.46856e-09 	4.52963e-29
0.0540548 	-2.85278e-07 	4.88222e-09 	3.56244e-29
0.0545015 	-2.86136e-07 	4.26671e-09 	2.58176e-29
0.0549482 	-2.86744e-07 	3.42111e-09 	1.49471e-29
0.055395 	-2.87351e-07 	2.5755e-09 	4.07647e-30
0.0558417 	-2.87783e-07 	1.60314e-09 	0
0.0562884 	-2.8811e-07 	5.54737e-10 	0
0.0567352 	-2.88397e-07 	-5.15388e-10 	0
0.0571819 	-2.88442e-07 	-1.72176e-09 	0
0.0576286 	-2.88487e-07 	-2.92813e-09 	0
0.0580754 	-2.88349e-07 	-4.21388e-09 	0
0.0585221 	-2.88112e-07 	-5.54237e-09 	0
0.0589688 	-2.87829e-07 	-6.88608e-09 	-2.84325e-30
0.0594156 	-2.8731e-07 	-8.30822e-09 	-2.03402e-29
0.0598623 	-2.8679e-07 	-9.73035e-09 	-3.78371e-29
0.060309 	-2.86081e-07 	-1.12007e-08 	-5.60588e-29
0.0607558 	-2.8528e-07 	-1.26942e-08 	-7.46296e-29
0.0612025 	-2.84426e-07 	-1.4198e-08 	-8.64376e-29
0.0616492 	-2.83345e-07 	-1.5746e-08 	-6.89407e-29
0.062096 	-2.82263e-07 	-1.72941e-08 	-5.14438e-29
0.0625427 	-2.80987e-07 	-1.88717e-08 	-3.31952e-29
0.0629894 	-2.79626e-07 	-2.04621e-08 	-1.46244e-29
0.0634362 	-2.78207e-07 	-2.20596e-08 	0
0.0638829 	-2.7657e-07 	-2.36839e-08 	0
0.0643296 	-2.74933e-07 	-2.53083e-08 	0
0.0647764 	-2.73096e-07 	-2.69538e-08 	0
0.0652231 	-2.71183e-07 	-2.86073e-08 	0
0.0656698 	-2.69206e-07 	-3.02673e-08 	-2.84578e-30
0.0661166 	-2.67019e-07 	-3.19482e-08 	-1.4828e-29
0.0665633 	-2.64833e-07 	-3.3629e-08 	-2.68102e-29
0.0670101 	-2.62441e-07 	-3.5331e-08 	-3.91995e-29
0.0674568 	-2.59981e-07 	-3.704e-08 	-5.17246e-29
0.0679035 	-2.5745e-07 	-3.87572e-08 	-5.78164e-29
0.0683503 	-2.54716e-07 	-4.04975e-08 	-4.58342e-29
0.068797 	-2.51983e-07 	-4.22377e-08 	-3.3852e-29
0.0692437 	-2.49036e-07 	-4.40061e-08 	-2.14491e-29
0.0696905 	-2.46028e-07 	-4.57827e-08 	-8.92408e-30
0.0701372 	-2.4294e-07 	-4.75718e-08 	0
0.0705839 	-2.39654e-07 	-4.93919e-08 	0
0.0710307 	-2.36368e-07 	-5.12119e-08 	0
0.0714774 	-2.32858e-07 	-5.3074e-08 	-1.17491e-29
0.0719241 	-2.29291e-07 	-5.49466e-08 	-2.64354e-29
0.0723709 	-2.25636e-07 	-5.6839e-08 	-4.12878e-29
0.0728176 	-2.21783e-07 	-5.8775e-08 	-5.65056e-29
0.0732643 	-2.17931e-07 	-6.0711e-08 	-7.17235e-29
0.0737111 	-2.13837e-07 	-6.27102e-08 	-6.22704e-29
0.0741578 	-2.09693e-07 	-6.47227e-08 	-4.7584e-29
0.0746045 	-2.05447e-07 	-6.67662e-08 	-3.27183e-29
0.0750513 	-2.01003e-07 	-6.88706e-08 	-1.75005e-29
0.075498 	-1.96558e-07 	-7.0975e-08 	-2.28267e-30
0.0759447 	-1.91852e-07 	-7.31729e-08 	0
0.0763915 	-1.87099e-07 	-7.53872e-08 	0
0.0768382 	-1.82231e-07 	-7.76492e-08 	0
0.0772849 	-1.7716e-07 	-7.99949e-08 	0
0.0777317 	-1.72088e-07 	-8.23407e-08 	0
0.0781784 	-1.6673e-07 	-8.48235e-08 	0
0.0786251 	-1.6133e-07 	-8.73259e-08 	0
0.0790719 	-1.55798e-07 	-8.99007e-08 	0
0.0795186 	-1.50059e-07 	-9.259e-08 	0
0.0799653 	-1.4432e-07 	-9.52793e-08 	0
0.0804121 	-1.38267e-07 	-9.81693e-08 	0
0.0808588 	-1.32179e-07 	-1.01082e-07 	0
0.0813055 	-1.25945e-07 	-1.04104e-07 	0
0.0817523 	-1.19501e-07 	-1.07283e-07 	0
0.082199 	-1.13058e-07 	-1.10461e-07 	0
0.0826457 	-1.06285e-07 	-1.13934e-07 	0
0.0830925 	-9.94851e-08 	-1.17431e-07 	0
0.0835392 	-9.25325e-08 	-1.21093e-07 	0
0.0839859 	-8.53835e-08 	-1.24968e-07 	0
0.0844327 	-7.82345e-08 	-1.28844e-07 	0
0.0848794 	-7.0775e-08 	-1.33144e-07 	0
0.0853261 	-6.32991e-08 	-1.37467e-07 	0
0.0857729 	-5.56917e-08 	-1.4203e-07 	0
0.0862196 	-4.79315e-08 	-1.46874e-07 	0
0.0866663 	-4.01713e-08 	-1.51717e-07 	0
0.0871131 	-3.22004e-08 	-1.57133e-07 	0
0.0875598 	-2.4224e-08 	-1.62564e-07 	0
0.0880065 	-1.61899e-08 	-1.32943e-07 	0
0.0884533 	-8.09494e-09 	-6.64713e-08 	0
0.0889 	-2.5355e-22 	-2.43867e-21 	0
