0 	0 	0 	0
0.000446734 	1.97786e-06 	0.000261848 	-8.77692e-27
0.000893467 	3.95571e-06 	0.000523696 	-1.75538e-26
0.0013402 	3.78284e-06 	0.000667375 	-1.96078e-26
0.00178693 	1.56415e-06 	0.000698649 	-1.52668e-26
0.00223367 	-5.65466e-07 	0.000726605 	-1.09234e-26
0.0026804 	7.79063e-07 	0.000625167 	-6.48748e-27
0.00312714 	2.12359e-06 	0.000523729 	-2.0516e-27
0.00357387 	8.93838e-06 	0.000394396 	0
0.0040206 	2.04601e-05 	0.000241059 	0
0.00446734 	3.22377e-05 	8.8246e-05 	0
0.00491407 	4.88764e-05 	-5.46313e-05 	0
0.0053608 	6.55151e-05 	-0.000197509 	0
0.00580754 	7.72389e-05 	-0.000310242 	0
0.00625427 	8.514e-05 	-0.000399531 	0
0.00670101 	9.12701e-05 	-0.000483459 	-6.08676e-28
0.00714774 	7.5557e-05 	-0.000501273 	-8.72435e-27
0.00759447 	5.98439e-05 	-0.000519087 	-1.684e-26
0.00804121 	2.42644e-05 	-0.000498922 	-2.47551e-26
0.00848794 	-2.52639e-05 	-0.00045209 	-3.25292e-26
0.00893467 	-7.87076e-05 	-0.000400742 	-3.87144e-26
0.00938141 	-0.000167391 	-0.000308747 	-3.05987e-26
0.00982814 	-0.000256074 	-0.000216752 	-2.24831e-26
0.0102749 	-0.000371068 	-0.000108037 	-1.45766e-26
0.0107216 	-0.000502708 	1.12547e-05 	-6.80239e-27
0.0111683 	-0.000640326 	0.000132781 	-3.8158e-28
0.0116151 	-0.000819789 	0.000269949 	-3.43422e-27
0.0120618 	-0.000999253 	0.000407116 	-6.48686e-27
0.0125085 	-0.00121287 	0.000554313 	-9.2883e-27
0.0129553 	-0.00144592 	0.000707212 	-1.19469e-26
0.013402 	-0.00168765 	0.00086255 	-1.37488e-26
0.0138487 	-0.00197864 	0.0010317 	-1.06962e-26
0.0142955 	-0.00226964 	0.00120085 	-7.64354e-27
0.0147422 	-0.00259913 	0.00138006 	-4.85195e-27
0.0151889 	-0.00294823 	0.00156439 	-2.19335e-27
0.0156357 	-0.00330644 	0.0017505 	0
0.0160824 	-0.00370758 	0.00194504 	0
0.0165291 	-0.00410872 	0.00213957 	0
0.0169759 	-0.00453693 	0.00233497 	0
0.0174226 	-0.00497744 	0.00253076 	0
0.0178693 	-0.00542229 	0.00272451 	0
0.0183161 	-0.00588445 	0.00291013 	0
0.0187628 	-0.00634662 	0.00309575 	0
0.0192095 	-0.00680993 	0.00326579 	0
0.0196563 	-0.00727369 	0.00342955 	0
0.020103 	-0.00773349 	0.00358619 	0
0.0205497 	-0.00817961 	0.00371829 	0
0.0209965 	-0.00862574 	0.00385038 	0
0.0214432 	-0.00904719 	0.00395436 	0
0.0218899 	-0.00945987 	0.00404834 	0
0.0223367 	-0.00986151 	0.00413215 	4.89579e-28
0.0227834 	-0.01023 	0.00418548 	2.44789e-27
0.0232302 	-0.0105985 	0.00423882 	4.40621e-27
0.0236769 	-0.0109293 	0.00426203 	6.76473e-27
0.0241236 	-0.0112484 	0.00427586 	9.24791e-27
0.0245704 	-0.0115538 	0.00427991 	1.05097e-26
0.0250171 	-0.0118231 	0.00425818 	8.55137e-27
0.0254638 	-0.0120925 	0.00423645 	6.59305e-27
0.0259106 	-0.0123252 	0.00419111 	9.36655e-27
0.0263573 	-0.012548 	0.0041394 	1.34169e-26
0.026804 	-0.0127586 	0.00408055 	1.83685e-26
0.0272508 	-0.0129403 	0.004005 	2.54232e-26
0.0276975 	-0.0131221 	0.00392946 	3.24779e-26
0.0281442 	-0.0132755 	0.00383929 	2.84922e-26
0.028591 	-0.0134223 	0.00374575 	2.19586e-26
0.0290377 	-0.0135597 	0.00364797 	1.52557e-26
0.0294844 	-0.0136776 	0.00354141 	8.20107e-27
0.0299312 	-0.0137954 	0.00343485 	1.14639e-27
0.0303779 	-0.0138931 	0.00332068 	0
0.0308246 	-0.0139869 	0.00320502 	0
0.0312714 	-0.0140736 	0.00308719 	0
0.0317181 	-0.0141473 	0.0029653 	0
0.0321648 	-0.014221 	0.00284342 	0
0.0326116 	-0.0142799 	0.00271783 	1.45208e-26
0.0330583 	-0.0143364 	0.00259166 	3.13565e-26
0.033505 	-0.0143871 	0.00246433 	4.82442e-26
0.0339518 	-0.0144284 	0.00233508 	6.52183e-26
0.0343985 	-0.0144696 	0.00220584 	8.21924e-26
0.0348452 	-0.0144986 	0.00207447 	6.91603e-26
0.035292 	-0.0145259 	0.00194282 	5.23246e-26
0.0357387 	-0.014548 	0.00181034 	3.54335e-26
0.0361854 	-0.0145623 	0.0016766 	1.84594e-26
0.0366322 	-0.0145767 	0.00154286 	1.48524e-27
0.0370789 	-0.0145796 	0.00140723 	-3.86455e-27
0.0375256 	-0.0145814 	0.00127142 	-8.09968e-27
0.0379724 	-0.0145781 	0.00113467 	-1.23783e-26
0.0384191 	-0.0145677 	0.00099664 	-1.67158e-26
0.0388658 	-0.0145574 	0.00085861 	-2.10533e-26
0.0393126 	-0.0145358 	0.000718255 	-1.73539e-26
0.0397593 	-0.0145135 	0.000577744 	-1.31188e-26
0.040206 	-0.0144857 	0.000435976 	-8.8376e-27
0.0406528 	-0.0144514 	0.000292669 	-4.50013e-27
0.0410995 	-0.014417 	0.000149362 	-1.62655e-28
0.0415462 	-0.0143709 	3.04422e-06 	0
0.041993 	-0.0143244 	-0.000143391 	0
0.0424397 	-0.0142719 	-0.00029146 	0
0.0428864 	-0.0142129 	-0.000441334 	0
0.0433332 	-0.0141539 	-0.000591208 	0
0.0437799 	-0.0140822 	-0.000744674 	-4.9668e-27
0.0442266 	-0.0140102 	-0.000898186 	-9.99647e-27
0.0446734 	-0.0139315 	-0.00105351 	-1.51041e-26
0.0451201 	-0.0138461 	-0.00121066 	-2.02897e-26
0.0455668 	-0.0137604 	-0.00136784 	-2.53476e-26
0.0460136 	-0.0136606 	-0.00152834 	-2.0318e-26
0.0464603 	-0.0135609 	-0.00168884 	-1.52883e-26
0.046907 	-0.0134531 	-0.00185077 	-1.01768e-26
0.0473538 	-0.0133381 	-0.00201399 	-4.99115e-27
0.0478005 	-0.0132225 	-0.00217728 	2.09593e-28
0.0482472 	-0.0130912 	-0.00234212 	5.79873e-27
0.048694 	-0.0129599 	-0.00250696 	1.13879e-26
0.0491407 	-0.012819 	-0.00267177 	1.70139e-26
0.0495874 	-0.0126702 	-0.00283654 	2.267e-26
0.0500342 	-0.0125203 	-0.00300116 	2.76233e-26
0.0504809 	-0.0123526 	-0.00316344 	2.20341e-26
0.0509276 	-0.0121848 	-0.00332571 	1.6445e-26
0.0513744 	-0.0120053 	-0.00348462 	1.75886e-26
0.0518211 	-0.011817 	-0.00364103 	2.37086e-26
0.0522678 	-0.0116267 	-0.00379655 	3.02967e-26
0.0527146 	-0.0114159 	-0.00394264 	4.17667e-26
0.0531613 	-0.0112052 	-0.00408873 	5.32367e-26
0.053608 	-0.0109795 	-0.00422515 	5.0759e-26
0.0540548 	-0.010744 	-0.00435513 	3.89829e-26
0.0545015 	-0.0105055 	-0.00448247 	2.72412e-26
0.0549482 	-0.0102427 	-0.00458903 	1.57712e-26
0.055395 	-0.00997993 	-0.0046956 	4.30124e-27
0.0558417 	-0.00969847 	-0.00478202 	0
0.0562884 	-0.0094058 	-0.00485637 	0
0.0567352 	-0.0091087 	-0.0049249 	0
0.0571819 	-0.00878383 	-0.00495696 	0
0.0576286 	-0.00845897 	-0.00498902 	0
0.0580754 	-0.00811251 	-0.00498677 	0
0.0585221 	-0.00775443 	-0.00496604 	0
0.0589688 	-0.00739122 	-0.00493522 	-6.85378e-28
0.0594156 	-0.00700161 	-0.00485239 	-4.90309e-27
0.0598623 	-0.00661199 	-0.00476956 	-9.1208e-27
0.060309 	-0.00620527 	-0.00464105 	-1.24007e-26
0.0607558 	-0.0057903 	-0.00449054 	-1.52292e-26
0.0612025 	-0.00537289 	-0.0043276 	-1.67364e-26
0.0616492 	-0.0049449 	-0.00411077 	-1.25187e-26
0.062096 	-0.00451691 	-0.00389395 	-8.30102e-27
0.0625427 	-0.00409314 	-0.00363854 	-5.05581e-27
0.0629894 	-0.00367118 	-0.00336659 	-2.22738e-27
0.0634362 	-0.00325563 	-0.00308763 	0
0.0638829 	-0.00286385 	-0.00278266 	0
0.0643296 	-0.00247206 	-0.00247769 	0
0.0647764 	-0.00212009 	-0.00217088 	0
0.0652231 	-0.00178322 	-0.00186338 	0
0.0656698 	-0.00146384 	-0.00156296 	2.36492e-29
0.0661166 	-0.00120063 	-0.0012853 	1.23225e-28
0.0665633 	-0.000937426 	-0.00100764 	2.228e-28
0.0670101 	-0.00073464 	-0.000771854 	3.0493e-28
0.0674568 	-0.000551994 	-0.000550031 	3.81244e-28
0.0679035 	-0.000388796 	-0.000346608 	4.11387e-28
0.0683503 	-0.000280239 	-0.000194877 	3.11812e-28
0.068797 	-0.000171682 	-4.31465e-05 	2.12236e-28
0.0692437 	-0.000108265 	5.18868e-05 	1.30688e-28
0.0696905 	-5.7952e-05 	0.000130459 	5.43739e-29
0.0701372 	-1.88458e-05 	0.000189235 	0
0.0705839 	-7.51169e-06 	0.000198949 	0
0.0710307 	3.82243e-06 	0.000208664 	0
0.0714774 	4.45964e-06 	0.000172147 	-2.53435e-35
0.0719241 	2.42263e-06 	0.000124073 	-5.70228e-35
0.0723709 	8.93768e-07 	7.95873e-05 	-7.89133e-35
0.0728176 	4.8284e-07 	4.29954e-05 	-7.92684e-35
0.0732643 	7.19123e-08 	6.40358e-06 	-7.96234e-35
0.0737111 	-8.17025e-14 	8.20408e-13 	-5.35501e-35
0.0741578 	-3.25603e-14 	3.25754e-13 	-2.18707e-35
0.0746045 	-3.1587e-18 	-1.69984e-15 	-7.63333e-37
0.0750513 	-1.70186e-18 	-9.44597e-16 	-4.08295e-37
0.075498 	-2.45022e-19 	-1.89355e-16 	-5.32558e-38
0.0759447 	-2.23505e-20 	-5.00775e-17 	0
0.0763915 	-1.74733e-20 	-1.94998e-17 	0
0.0768382 	-1.50354e-20 	-6.71376e-21 	0
0.0772849 	-1.68871e-20 	-7.23798e-21 	0
0.0777317 	-1.87388e-20 	-7.7622e-21 	0
0.0781784 	-1.87923e-20 	-8.33755e-21 	0
0.0786251 	-1.85889e-20 	-8.92021e-21 	0
0.0790719 	-1.83283e-20 	-9.53163e-21 	0
0.0795186 	-1.79772e-20 	-1.01885e-20 	0
0.0799653 	-1.7626e-20 	-1.08454e-20 	0
0.0804121 	-1.71471e-20 	-1.1578e-20 	0
0.0808588 	-1.66539e-20 	-1.2319e-20 	0
0.0813055 	-1.61053e-20 	-1.30978e-20 	0
0.0817523 	-1.54778e-20 	-1.39307e-20 	0
0.082199 	-1.48503e-20 	-1.47636e-20 	0
0.0826457 	-1.41063e-20 	-1.56895e-20 	0
0.0830925 	-1.33528e-20 	-1.66229e-20 	0
0.0835392 	-1.25483e-20 	-1.76052e-20 	0
0.0839859 	-1.16782e-20 	-1.86505e-20 	0
0.0844327 	-1.08081e-20 	-1.96958e-20 	0
0.0848794 	-9.83857e-21 	-2.08609e-20 	0
0.0853261 	-8.86385e-21 	-2.20324e-20 	0
0.0857729 	-7.84845e-21 	-2.32699e-20 	0
0.0862196 	-6.78578e-21 	-2.45843e-20 	0
0.0866663 	-5.7231e-21 	-2.58987e-20 	0
0.0871131 	-4.59715e-21 	-2.73688e-20 	0
0.0875598 	-3.46957e-21 	-2.88429e-20 	0
0.0880065 	-2.32497e-21 	-2.37977e-20 	0
0.0884533 	-1.16249e-21 	-1.18989e-20 	0
0.0889 	-3.66773e-35 	-4.41285e-34 	0
