0 	0 	0 	0
0.000446734 	8.92e-05 	0.00372104 	-7.36304e-26
0.000893467 	0.000176828 	0.00740649 	-1.44827e-25
0.0013402 	0.000187127 	0.00993206 	-1.59199e-25
0.00178693 	0.000128179 	0.0113948 	-1.21623e-25
0.00223367 	6.54869e-05 	0.0128214 	-8.20376e-26
0.0026804 	-5.91695e-05 	0.0133784 	-4.84169e-26
0.00312714 	-0.000183826 	0.0139353 	-1.47962e-26
0.00357387 	-0.00031288 	0.0143499 	-1.91258e-26
0.0040206 	-0.000443596 	0.0146465 	-5.62568e-26
0.00446734 	-0.000574728 	0.0149353 	-9.61501e-26
0.00491407 	-0.000696917 	0.015074 	-1.49089e-25
0.0053608 	-0.000819106 	0.0152127 	-2.02028e-25
0.00580754 	-0.000935251 	0.0152642 	-2.12285e-25
0.00625427 	-0.00104548 	0.0152476 	-1.90475e-25
0.00670101 	-0.00115529 	0.0152206 	-1.63953e-25
0.00714774 	-0.00125295 	0.0150666 	-1.11014e-25
0.00759447 	-0.0013506 	0.0149127 	-5.80751e-26
0.00804121 	-0.00144166 	0.0146964 	-2.87664e-26
0.00848794 	-0.0015274 	0.0144367 	-1.34455e-26
0.00893467 	-0.00161234 	0.0141694 	0
0.00938141 	-0.00168715 	0.0138353 	0
0.00982814 	-0.00176195 	0.0135012 	0
0.0102749 	-0.00183086 	0.0131368 	0
0.0107216 	-0.00189567 	0.0127533 	0
0.0111683 	-0.0019595 	0.012366 	0
0.0116151 	-0.0020152 	0.0119514 	0
0.0120618 	-0.00207091 	0.0115368 	0
0.0125085 	-0.00212154 	0.0111111 	0
0.0129553 	-0.00216914 	0.010679 	0
0.013402 	-0.00221574 	0.010246 	0
0.0138487 	-0.00225646 	0.00980724 	0
0.0142955 	-0.00229717 	0.00936852 	0
0.0147422 	-0.00233423 	0.00893104 	0
0.0151889 	-0.00236942 	0.00849414 	0
0.0156357 	-0.00240386 	0.00805868 	0
0.0160824 	-0.00243488 	0.00762975 	0
0.0165291 	-0.0024659 	0.00720083 	0
0.0169759 	-0.00249492 	0.00678012 	0
0.0174226 	-0.00252308 	0.0063631 	0
0.0178693 	-0.00255087 	0.00594888 	0
0.0183161 	-0.00257738 	0.00554575 	0
0.0187628 	-0.00260389 	0.00514262 	0
0.0192095 	-0.00263 	0.00474972 	0
0.0196563 	-0.002656 	0.00436092 	0
0.020103 	-0.00268209 	0.00397517 	0
0.0205497 	-0.00270864 	0.0035999 	0
0.0209965 	-0.0027352 	0.00322463 	0
0.0214432 	-0.00276284 	0.00285801 	0
0.0218899 	-0.00279092 	0.00249448 	0
0.0223367 	-0.00281957 	0.00213324 	0
0.0227834 	-0.00284999 	0.00177893 	0
0.0232302 	-0.00288041 	0.00142462 	0
0.0236769 	-0.00291306 	0.00107496 	0
0.0241236 	-0.00294641 	0.000726782 	0
0.0245704 	-0.00298077 	0.000379315 	0
0.0250171 	-0.00301772 	3.38709e-05 	0
0.0254638 	-0.00305467 	-0.000311573 	0
0.0259106 	-0.00309498 	-0.000657642 	0
0.0263573 	-0.00313617 	-0.00100381 	0
0.026804 	-0.00317874 	-0.00135127 	0
0.0272508 	-0.0032244 	-0.00170153 	0
0.0276975 	-0.00327005 	-0.00205179 	0
0.0281442 	-0.0033194 	-0.00240796 	0
0.028591 	-0.00336954 	-0.00276541 	0
0.0290377 	-0.00342119 	-0.00312611 	0
0.0294844 	-0.00347577 	-0.00349335 	0
0.0299312 	-0.00353034 	-0.00386059 	0
0.0303779 	-0.0035885 	-0.00423769 	0
0.0308246 	-0.00364725 	-0.00461661 	0
0.0312714 	-0.00370739 	-0.00500005 	0
0.0317181 	-0.00376984 	-0.00539164 	0
0.0321648 	-0.0038323 	-0.00578323 	0
0.0326116 	-0.00389739 	-0.00618567 	0
0.0330583 	-0.00396282 	-0.00658974 	0
0.033505 	-0.00402904 	-0.00699798 	0
0.0339518 	-0.0040964 	-0.00741297 	0
0.0343985 	-0.00416377 	-0.00782795 	0
0.0348452 	-0.00423174 	-0.00824978 	0
0.035292 	-0.00429972 	-0.00867242 	0
0.0357387 	-0.00436732 	-0.00909609 	0
0.0361854 	-0.00443426 	-0.0095212 	0
0.0366322 	-0.0045012 	-0.00994631 	0
0.0370789 	-0.00456533 	-0.010367 	0
0.0375256 	-0.0046292 	-0.0107871 	0
0.0379724 	-0.00469064 	-0.011201 	7.78179e-27
0.0384191 	-0.0047489 	-0.0116062 	2.71111e-26
0.0388658 	-0.00480717 	-0.0120114 	4.64404e-26
0.0393126 	-0.00485702 	-0.01239 	6.32196e-26
0.0397593 	-0.00490642 	-0.0127668 	8.07088e-26
0.040206 	-0.00494972 	-0.0131228 	7.5791e-26
0.0406528 	-0.00498594 	-0.0134536 	4.27103e-26
0.0410995 	-0.00502217 	-0.0137844 	9.62955e-27
0.0415462 	-0.00504035 	-0.0140493 	-2.05671e-26
0.041993 	-0.00505812 	-0.0143119 	-4.95347e-26
0.0424397 	-0.00506437 	-0.0145302 	-5.74622e-26
0.0428864 	-0.0050588 	-0.0147001 	-4.37108e-26
0.0433332 	-0.00505288 	-0.0148693 	-2.98909e-26
0.0437799 	-0.0050223 	-0.0149279 	-1.69602e-26
0.0442266 	-0.00499161 	-0.0149848 	-5.48192e-27
0.0446734 	-0.00494865 	-0.0149784 	4.6713e-28
0.0451201 	-0.00489452 	-0.0149096 	1.44523e-27
0.0455668 	-0.00483945 	-0.0148378 	2.551e-27
0.0460136 	-0.0047586 	-0.0146126 	-1.35556e-27
0.0464603 	-0.00467757 	-0.0143864 	-5.31489e-27
0.046907 	-0.00456197 	-0.0140076 	-8.48361e-27
0.0473538 	-0.00441565 	-0.0134895 	-9.46171e-27
0.0478005 	-0.00426187 	-0.0129488 	-9.61163e-27
0.0482472 	-0.00390693 	-0.0118443 	-5.6523e-27
0.048694 	-0.00355198 	-0.0107399 	-1.69297e-27
0.0491407 	-0.00297302 	-0.00917662 	0
0.0495874 	-0.00221069 	-0.00724946 	0
0.0500342 	-0.00144491 	-0.0053049 	8.35417e-30
0.0504809 	-0.000892559 	-0.00361884 	2.16739e-28
0.0509276 	-0.000340207 	-0.00193278 	4.25124e-28
0.0513744 	-8.88762e-05 	-0.000953397 	5.81315e-28
0.0518211 	-4.18374e-05 	-0.000448971 	6.44542e-28
0.0522678 	2.18512e-08 	1.61973e-08 	6.61231e-28
0.0527146 	-5.87716e-08 	-1.82834e-08 	4.52846e-28
0.0531613 	-1.39394e-07 	-5.27642e-08 	2.44461e-28
0.053608 	-1.85386e-07 	-8.11075e-08 	1.17923e-28
0.0540548 	-2.09238e-07 	-1.07674e-07 	5.46965e-29
0.0545015 	-2.297e-07 	-1.31966e-07 	0
0.0549482 	-2.25335e-07 	-1.42967e-07 	0
0.055395 	-2.20969e-07 	-1.53969e-07 	0
0.0558417 	-2.13391e-07 	-1.6089e-07 	0
0.0562884 	-2.03826e-07 	-1.65546e-07 	0
0.0567352 	-1.94332e-07 	-1.6987e-07 	0
0.0571819 	-1.84973e-07 	-1.72142e-07 	0
0.0576286 	-1.75615e-07 	-1.74414e-07 	0
0.0580754 	-1.67033e-07 	-1.76157e-07 	0
0.0585221 	-1.58833e-07 	-1.77583e-07 	0
0.0589688 	-1.50828e-07 	-1.78988e-07 	0
0.0594156 	-1.43762e-07 	-1.80144e-07 	0
0.0598623 	-1.36696e-07 	-1.813e-07 	0
0.060309 	-1.3028e-07 	-1.82442e-07 	0
0.0607558 	-1.24171e-07 	-1.83548e-07 	0
0.0612025 	-1.18212e-07 	-1.8468e-07 	0
0.0616492 	-1.129e-07 	-1.85831e-07 	0
0.062096 	-1.07588e-07 	-1.86981e-07 	0
0.0625427 	-1.02744e-07 	-1.88214e-07 	0
0.0629894 	-9.81032e-08 	-1.8946e-07 	0
0.0634362 	-9.35815e-08 	-1.90746e-07 	0
0.0638829 	-8.95122e-08 	-1.92122e-07 	0
0.0643296 	-8.54429e-08 	-1.93497e-07 	0
0.0647764 	-8.17262e-08 	-1.94995e-07 	0
0.0652231 	-7.81471e-08 	-1.96524e-07 	0
0.0656698 	-7.46648e-08 	-1.98104e-07 	0
0.0661166 	-7.15074e-08 	-1.99807e-07 	0
0.0665633 	-6.83501e-08 	-2.0151e-07 	0
0.0670101 	-6.54612e-08 	-2.03362e-07 	0
0.0674568 	-6.2667e-08 	-2.05254e-07 	0
0.0679035 	-5.99507e-08 	-2.07205e-07 	0
0.0683503 	-5.74693e-08 	-2.09298e-07 	0
0.068797 	-5.49879e-08 	-2.11391e-07 	0
0.0692437 	-5.27109e-08 	-2.13652e-07 	0
0.0696905 	-5.04989e-08 	-2.15956e-07 	0
0.0701372 	-4.8349e-08 	-2.18327e-07 	0
0.0705839 	-4.6369e-08 	-2.20848e-07 	0
0.0710307 	-4.4389e-08 	-2.23369e-07 	0
0.0714774 	-4.25639e-08 	-2.26075e-07 	0
0.0719241 	-4.07836e-08 	-2.28821e-07 	0
0.0723709 	-3.90518e-08 	-2.31643e-07 	0
0.0728176 	-3.74431e-08 	-2.34619e-07 	0
0.0732643 	-3.58343e-08 	-2.37595e-07 	0
0.0737111 	-3.43418e-08 	-2.40768e-07 	0
0.0741578 	-3.28803e-08 	-2.43978e-07 	0
0.0746045 	-3.14559e-08 	-2.47273e-07 	1.67665e-29
0.0750513 	-3.01202e-08 	-2.50723e-07 	6.99784e-29
0.075498 	-2.87845e-08 	-2.54173e-07 	1.2319e-28
0.0759447 	-2.75345e-08 	-2.57831e-07 	1.85819e-28
0.0763915 	-2.6306e-08 	-2.61524e-07 	2.41764e-28
0.0768382 	-2.51048e-08 	-2.65309e-07 	2.58568e-28
0.0772849 	-2.39668e-08 	-2.69248e-07 	2.05356e-28
0.0777317 	-2.28288e-08 	-2.73188e-07 	1.52144e-28
0.0781784 	-2.17516e-08 	-2.77348e-07 	8.89574e-29
0.0786251 	-2.06894e-08 	-2.81538e-07 	3.30125e-29
0.0790719 	-1.96458e-08 	-2.85828e-07 	0
0.0795186 	-1.8646e-08 	-2.90271e-07 	0
0.0799653 	-1.76463e-08 	-2.94715e-07 	0
0.0804121 	-1.66863e-08 	-2.99391e-07 	0
0.0808588 	-1.57369e-08 	-3.04091e-07 	0
0.0813055 	-1.4798e-08 	-3.08899e-07 	5.1125e-29
0.0817523 	-1.38879e-08 	-3.13859e-07 	1.82184e-28
0.082199 	-1.29779e-08 	-3.18819e-07 	3.13244e-28
0.0826457 	-1.20888e-08 	-3.24022e-07 	4.52607e-28
0.0830925 	-1.12076e-08 	-3.29244e-07 	5.86262e-28
0.0835392 	-1.0329e-08 	-3.34582e-07 	5.47932e-28
0.0839859 	-9.46709e-09 	-3.40069e-07 	2.81137e-28
0.0844327 	-8.60514e-09 	-3.45556e-07 	1.43425e-29
0.0848794 	-7.74673e-09 	-3.51297e-07 	-2.68665e-28
0.0853261 	-6.8947e-09 	-3.57051e-07 	-5.39618e-28
0.0857729 	-6.03719e-09 	-3.62929e-07 	-6.19586e-28
0.0862196 	-5.18611e-09 	-3.68951e-07 	-4.8385e-28
0.0866663 	-4.33504e-09 	-3.74974e-07 	-3.48115e-28
0.0871131 	-3.47034e-09 	-3.81252e-07 	-2.04588e-28
0.0875598 	-2.61141e-09 	-3.87537e-07 	-6.72889e-29
0.0880065 	-1.74139e-09 	-3.17839e-07 	0
0.0884533 	-8.72259e-10 	-1.60742e-07 	0
0.0889 	0 	0 	0
