0 	0 	0 	0
0.000446734 	-1.37681e-05 	0.000305227 	-6.6057e-27
0.000893467 	-2.75361e-05 	0.000610455 	-1.32114e-26
0.0013402 	-4.77657e-05 	0.000775038 	-1.47546e-26
0.00178693 	-7.41418e-05 	0.00080584 	-1.14821e-26
0.00223367 	-0.00010046 	0.000833102 	-8.20817e-27
0.0026804 	-0.000124515 	0.000722369 	-4.8749e-27
0.00312714 	-0.00014857 	0.000611635 	-1.54164e-27
0.00357387 	-0.000168704 	0.000481746 	0
0.0040206 	-0.000185465 	0.000335374 	0
0.00446734 	-0.000202342 	0.000190633 	0
0.00491407 	-0.000221433 	7.68844e-05 	0
0.0053608 	-0.000240524 	-3.68645e-05 	0
0.00580754 	-0.000268362 	-0.000116614 	0
0.00625427 	-0.000303001 	-0.000169921 	0
0.00670101 	-0.000339364 	-0.000219059 	-4.43177e-28
0.00714774 	-0.000396976 	-0.000216781 	-6.3522e-27
0.00759447 	-0.000454589 	-0.000214504 	-1.22612e-26
0.00804121 	-0.000526474 	-0.000191122 	-1.79162e-26
0.00848794 	-0.000608381 	-0.000152924 	-2.33929e-26
0.00893467 	-0.000692541 	-0.000113063 	-2.7731e-26
0.00938141 	-0.000796981 	-5.82455e-05 	-2.1822e-26
0.00982814 	-0.000901422 	-3.42806e-06 	-1.59129e-26
0.0102749 	-0.00101801 	5.34563e-05 	-1.02687e-26
0.0107216 	-0.00114229 	0.000111648 	-4.79207e-27
0.0111683 	-0.00126867 	0.000169289 	-2.41982e-28
0.0116151 	-0.00140972 	0.000223074 	-2.17784e-27
0.0120618 	-0.00155076 	0.000276858 	-4.11369e-27
0.0125085 	-0.00170013 	0.000324924 	-5.85434e-27
0.0129553 	-0.00185424 	0.000369739 	-7.48399e-27
0.013402 	-0.00200962 	0.000412759 	-8.57882e-27
0.0138487 	-0.00217221 	0.000445611 	-6.64296e-27
0.0142955 	-0.00233481 	0.000478464 	-4.70711e-27
0.0147422 	-0.00249943 	0.000501983 	-2.97411e-27
0.0151889 	-0.00266509 	0.000520747 	-1.34446e-27
0.0156357 	-0.00283024 	0.000536799 	0
0.0160824 	-0.00299298 	0.000540066 	0
0.0165291 	-0.00315572 	0.000543333 	0
0.0169759 	-0.00331222 	0.00053553 	0
0.0174226 	-0.00346588 	0.000522696 	0
0.0178693 	-0.00361654 	0.000506703 	0
0.0183161 	-0.00375517 	0.000478077 	0
0.0187628 	-0.0038938 	0.000449452 	0
0.0192095 	-0.00401785 	0.000410473 	0
0.0196563 	-0.00413601 	0.000367318 	0
0.020103 	-0.00424851 	0.00032138 	0
0.0205497 	-0.00434148 	0.000265862 	0
0.0209965 	-0.00443444 	0.000210344 	0
0.0214432 	-0.00450594 	0.000147904 	0
0.0218899 	-0.0045698 	8.3e-05 	0
0.0223367 	-0.00462564 	1.66703e-05 	-6.7056e-29
0.0227834 	-0.00465743 	-5.39368e-05 	-3.3528e-28
0.0232302 	-0.00468922 	-0.000124544 	-6.03504e-28
0.0236769 	-0.00469495 	-0.000196277 	-8.28473e-28
0.0241236 	-0.00469256 	-0.000268362 	-1.03997e-27
0.0245704 	-0.00468046 	-0.000339619 	-1.11954e-27
0.0250171 	-0.00464277 	-0.000408696 	-8.5132e-28
0.0254638 	-0.00460509 	-0.000477773 	-5.83096e-28
0.0259106 	-0.00453968 	-0.000540943 	-6.56926e-28
0.0263573 	-0.0044668 	-0.00060252 	-8.23056e-28
0.026804 	-0.00438377 	-0.000660558 	-1.06657e-27
0.0272508 	-0.00427704 	-0.000710337 	-1.49067e-27
0.0276975 	-0.00417031 	-0.000760117 	-1.91476e-27
0.0281442 	-0.00403832 	-0.000797221 	-1.68745e-27
0.028591 	-0.0039005 	-0.0008314 	-1.30982e-27
0.0290377 	-0.00375398 	-0.000859549 	-9.17096e-28
0.0294844 	-0.00358937 	-0.000875175 	-4.93005e-28
0.0299312 	-0.00342476 	-0.000890802 	-6.89147e-29
0.0303779 	-0.00324267 	-0.000889434 	0
0.0308246 	-0.0030572 	-0.000884768 	0
0.0312714 	-0.00286705 	-0.000872933 	0
0.0317181 	-0.0026682 	-0.000847784 	0
0.0321648 	-0.00246936 	-0.000822634 	0
0.0326116 	-0.00226656 	-0.000781178 	-8.53929e-28
0.0330583 	-0.00206313 	-0.000737123 	-1.84399e-27
0.033505 	-0.00186155 	-0.000687252 	-2.88214e-27
0.0339518 	-0.00166306 	-0.000627687 	-4.00043e-27
0.0343985 	-0.00146457 	-0.000568122 	-5.11872e-27
0.0348452 	-0.00127884 	-0.000499233 	-4.36585e-27
0.035292 	-0.00109474 	-0.000429161 	-3.37579e-27
0.0357387 	-0.000919731 	-0.000357333 	-2.33443e-27
0.0361854 	-0.000758378 	-0.000282872 	-1.21614e-27
0.0366322 	-0.000597025 	-0.00020841 	-9.78505e-29
0.0370789 	-0.000462137 	-0.000135831 	2.0819e-28
0.0375256 	-0.000329788 	-6.34331e-05 	4.36344e-28
0.0379724 	-0.000211245 	5.4855e-06 	6.43677e-28
0.0384191 	-0.000111381 	6.96967e-05 	8.22839e-28
0.0388658 	-1.15169e-05 	0.000133908 	1.002e-27
0.0393126 	5.73538e-05 	0.000185508 	7.99306e-28
0.0397593 	0.000124158 	0.000236268 	5.71152e-28
0.040206 	0.000176916 	0.000279068 	3.65044e-28
0.0406528 	0.000212504 	0.00031214 	1.85881e-28
0.0410995 	0.000248093 	0.000345211 	6.7186e-30
0.0415462 	0.00025725 	0.000358465 	0
0.041993 	0.000265377 	0.000370947 	0
0.0424397 	0.000263013 	0.000373211 	0
0.0428864 	0.000249056 	0.00036418 	0
0.0433332 	0.000235099 	0.00035515 	0
0.0437799 	0.000205442 	0.000326424 	3.1014e-29
0.0442266 	0.000175586 	0.000297449 	6.24205e-29
0.0446734 	0.000140767 	0.000260917 	9.02954e-29
0.0451201 	0.000100986 	0.000216828 	1.14639e-28
0.0455668 	6.14108e-05 	0.0001727 	1.38285e-28
0.0460136 	3.80437e-05 	0.000125409 	1.06879e-28
0.0464603 	1.46767e-05 	7.81175e-05 	7.54722e-29
0.046907 	2.73772e-06 	4.39263e-05 	4.77739e-29
0.0473538 	1.13851e-06 	2.15876e-05 	2.34305e-29
0.0478005 	-3.97976e-07 	8.52748e-08 	8.21703e-32
0.0482472 	-3.24629e-07 	5.28802e-08 	2.27338e-30
0.048694 	-2.51281e-07 	2.04856e-08 	4.46459e-30
0.0491407 	-2.32597e-07 	7.02899e-09 	7.01986e-30
0.0495874 	-2.58638e-07 	9.06718e-09 	9.87299e-30
0.0500342 	-2.82991e-07 	1.10213e-08 	1.24109e-29
0.0504809 	-2.82023e-07 	1.17137e-08 	1.02196e-29
0.0509276 	-2.81055e-07 	1.24061e-08 	8.02844e-30
0.0513744 	-2.80746e-07 	1.27335e-08 	1.02218e-29
0.0518211 	-2.80923e-07 	1.27911e-08 	1.56558e-29
0.0522678 	-2.81144e-07 	1.28127e-08 	2.14478e-29
0.0527146 	-2.81815e-07 	1.24578e-08 	3.09714e-29
0.0531613 	-2.82485e-07 	1.2103e-08 	4.0495e-29
0.053608 	-2.83236e-07 	1.15571e-08 	3.93321e-29
0.0540548 	-2.84039e-07 	1.08838e-08 	3.10449e-29
0.0545015 	-2.84835e-07 	1.01814e-08 	2.26186e-29
0.0549482 	-2.85577e-07 	9.24928e-09 	1.3095e-29
0.055395 	-2.86318e-07 	8.31716e-09 	3.57136e-30
0.0558417 	-2.86954e-07 	7.25299e-09 	0
0.0562884 	-2.87526e-07 	6.10958e-09 	0
0.0567352 	-2.88067e-07 	4.94269e-09 	0
0.0571819 	-2.8841e-07 	3.62854e-09 	0
0.0576286 	-2.88752e-07 	2.3144e-09 	0
0.0580754 	-2.88923e-07 	9.11799e-10 	0
0.0585221 	-2.89002e-07 	-5.38424e-10 	0
0.0589688 	-2.89034e-07 	-2.00602e-09 	-2.65036e-30
0.0594156 	-2.88827e-07 	-3.56319e-09 	-1.89603e-29
0.0598623 	-2.88621e-07 	-5.12035e-09 	-3.52702e-29
0.060309 	-2.88214e-07 	-6.73356e-09 	-5.23226e-29
0.0607558 	-2.87711e-07 	-8.37376e-09 	-6.97324e-29
0.0612025 	-2.87151e-07 	-1.0026e-08 	-8.08198e-29
0.0616492 	-2.86345e-07 	-1.17301e-08 	-6.45099e-29
0.062096 	-2.85539e-07 	-1.34343e-08 	-4.82e-29
0.0625427 	-2.84519e-07 	-1.51731e-08 	-3.11201e-29
0.0629894 	-2.83407e-07 	-1.69267e-08 	-1.37103e-29
0.0634362 	-2.8223e-07 	-1.86886e-08 	0
0.0638829 	-2.80811e-07 	-2.04811e-08 	0
0.0643296 	-2.79393e-07 	-2.22736e-08 	0
0.0647764 	-2.77753e-07 	-2.40894e-08 	0
0.0652231 	-2.76029e-07 	-2.59139e-08 	0
0.0656698 	-2.74232e-07 	-2.77452e-08 	-2.7219e-30
0.0661166 	-2.72202e-07 	-2.95981e-08 	-1.41825e-29
0.0665633 	-2.70173e-07 	-3.14511e-08 	-2.56432e-29
0.0670101 	-2.67915e-07 	-3.33248e-08 	-3.75197e-29
0.0674568 	-2.65582e-07 	-3.52055e-08 	-4.95348e-29
0.0679035 	-2.63168e-07 	-3.70939e-08 	-5.53876e-29
0.0683503 	-2.60531e-07 	-3.90043e-08 	-4.39269e-29
0.068797 	-2.57893e-07 	-4.09146e-08 	-3.24663e-29
0.0692437 	-2.5502e-07 	-4.28512e-08 	-2.05759e-29
0.0696905 	-2.52078e-07 	-4.47955e-08 	-8.56079e-30
0.0701372 	-2.49048e-07 	-4.67514e-08 	0
0.0705839 	-2.458e-07 	-4.87363e-08 	0
0.0710307 	-2.42553e-07 	-5.07211e-08 	0
0.0714774 	-2.39059e-07 	-5.27455e-08 	-1.13814e-29
0.0719241 	-2.35503e-07 	-5.47797e-08 	-2.56081e-29
0.0723709 	-2.31849e-07 	-5.68327e-08 	-4.00051e-29
0.0728176 	-2.27981e-07 	-5.89273e-08 	-5.47769e-29
0.0732643 	-2.24113e-07 	-6.10218e-08 	-6.95487e-29
0.0737111 	-2.19983e-07 	-6.31771e-08 	-6.03967e-29
0.0741578 	-2.15797e-07 	-6.53453e-08 	-4.617e-29
0.0746045 	-2.11502e-07 	-6.75437e-08 	-3.17593e-29
0.0750513 	-2.06992e-07 	-6.98013e-08 	-1.69875e-29
0.075498 	-2.02482e-07 	-7.2059e-08 	-2.21576e-30
0.0759447 	-1.9769e-07 	-7.44088e-08 	0
0.0763915 	-1.92848e-07 	-7.67748e-08 	0
0.0768382 	-1.87882e-07 	-7.91882e-08 	0
0.0772849 	-1.82699e-07 	-8.16848e-08 	0
0.0777317 	-1.77516e-07 	-8.41815e-08 	0
0.0781784 	-1.72026e-07 	-8.68155e-08 	0
0.0786251 	-1.66493e-07 	-8.94692e-08 	0
0.0790719 	-1.60819e-07 	-9.21961e-08 	0
0.0795186 	-1.54925e-07 	-9.50385e-08 	0
0.0799653 	-1.4903e-07 	-9.78808e-08 	0
0.0804121 	-1.42803e-07 	-1.00927e-07 	0
0.0808588 	-1.36539e-07 	-1.03996e-07 	0
0.0813055 	-1.3012e-07 	-1.07177e-07 	0
0.0817523 	-1.23481e-07 	-1.10517e-07 	0
0.082199 	-1.16842e-07 	-1.13858e-07 	0
0.0826457 	-1.09854e-07 	-1.175e-07 	0
0.0830925 	-1.02839e-07 	-1.21166e-07 	0
0.0835392 	-9.56631e-08 	-1.25002e-07 	0
0.0839859 	-8.82807e-08 	-1.29058e-07 	0
0.0844327 	-8.08982e-08 	-1.33113e-07 	0
0.0848794 	-7.31897e-08 	-1.37605e-07 	0
0.0853261 	-6.54641e-08 	-1.42121e-07 	0
0.0857729 	-5.76006e-08 	-1.46885e-07 	0
0.0862196 	-4.95769e-08 	-1.51939e-07 	0
0.0866663 	-4.15532e-08 	-1.56992e-07 	0
0.0871131 	-3.33088e-08 	-1.62636e-07 	0
0.0875598 	-2.50588e-08 	-1.68296e-07 	0
0.0880065 	-1.67483e-08 	-1.37645e-07 	0
0.0884533 	-8.37413e-09 	-6.88225e-08 	0
0.0889 	-2.62295e-22 	-2.52519e-21 	0
