0 	0 	0 	0
0.000446734 	0.000172913 	0.00371397 	-2.02633e-26
0.000893467 	0.000344793 	0.00739771 	-3.92034e-26
0.0013402 	0.000450322 	0.0100568 	-4.20212e-26
0.00178693 	0.000494926 	0.0117631 	-3.05934e-26
0.00223367 	0.00053489 	0.0134287 	-1.83306e-26
0.0026804 	0.000488235 	0.0140831 	-1.08183e-26
0.00312714 	0.00044158 	0.0147375 	-3.30607e-27
0.00357387 	0.00038275 	0.0152023 	-5.47211e-27
0.0040206 	0.000315734 	0.0155113 	-1.60957e-26
0.00446734 	0.000247986 	0.0158113 	-2.79442e-26
0.00491407 	0.000181357 	0.015947 	-4.06756e-26
0.0053608 	0.000114727 	0.0160827 	-5.34069e-26
0.00580754 	4.90568e-05 	0.0161293 	-5.39656e-26
0.00625427 	-1.48046e-05 	0.0161065 	-4.51575e-26
0.00670101 	-7.89184e-05 	0.016073 	-3.48636e-26
0.00714774 	-0.000139811 	0.0159104 	-2.21323e-26
0.00759447 	-0.000200703 	0.0157478 	-9.40096e-27
0.00804121 	-0.000259933 	0.0155214 	-3.40869e-27
0.00848794 	-0.000317386 	0.0152507 	-1.59323e-27
0.00893467 	-0.000374698 	0.0149721 	0
0.00938141 	-0.000428176 	0.0146255 	0
0.00982814 	-0.000481654 	0.0142789 	0
0.0102749 	-0.000532641 	0.0139016 	0
0.0107216 	-0.000581768 	0.0135052 	0
0.0111683 	-0.000630435 	0.0131049 	0
0.0116151 	-0.000675049 	0.0126779 	0
0.0120618 	-0.000719663 	0.012251 	0
0.0125085 	-0.000761515 	0.0118137 	0
0.0129553 	-0.000801727 	0.0113708 	0
0.013402 	-0.000841331 	0.0109271 	0
0.0138487 	-0.000877503 	0.0104796 	0
0.0142955 	-0.000913674 	0.0100322 	0
0.0147422 	-0.000947475 	0.00958771 	0
0.0151889 	-0.000980125 	0.00914481 	0
0.0156357 	-0.0010122 	0.00870389 	0
0.0160824 	-0.00104192 	0.00827225 	0
0.0165291 	-0.00107165 	0.00784062 	0
0.0169759 	-0.00109972 	0.0074198 	0
0.0174226 	-0.00112715 	0.00700386 	0
0.0178693 	-0.00115416 	0.00659158 	0
0.0183161 	-0.00117996 	0.00619378 	0
0.0187628 	-0.00120575 	0.00579599 	0
0.0192095 	-0.00123078 	0.00541173 	0
0.0196563 	-0.00125561 	0.00503289 	0
0.020103 	-0.0012803 	0.00465823 	0
0.0205497 	-0.00130484 	0.00429785 	0
0.0209965 	-0.00132939 	0.00393747 	0
0.0214432 	-0.00135415 	0.00358955 	0
0.0218899 	-0.00137907 	0.00324603 	0
0.0223367 	-0.00140421 	0.00290613 	0
0.0227834 	-0.00143018 	0.00257703 	0
0.0232302 	-0.00145615 	0.00224794 	0
0.0236769 	-0.00148333 	0.0019275 	0
0.0241236 	-0.00151095 	0.00160975 	0
0.0245704 	-0.00153913 	0.00129414 	0
0.0250171 	-0.00156888 	0.000984189 	0
0.0254638 	-0.00159863 	0.000674235 	0
0.0259106 	-0.00163045 	0.000367348 	0
0.0263573 	-0.00166283 	6.13087e-05 	0
0.026804 	-0.0016962 	-0.000244766 	0
0.0272508 	-0.0017318 	-0.000550829 	0
0.0276975 	-0.0017674 	-0.000856893 	0
0.0281442 	-0.00180597 	-0.00116617 	0
0.028591 	-0.00184516 	-0.00147614 	0
0.0290377 	-0.00188565 	-0.00178863 	0
0.0294844 	-0.00192863 	-0.0021062 	0
0.0299312 	-0.00197161 	-0.00242378 	0
0.0303779 	-0.00201801 	-0.00275055 	0
0.0308246 	-0.00206497 	-0.00307904 	0
0.0312714 	-0.00211346 	-0.00341239 	0
0.0317181 	-0.0021645 	-0.00375456 	0
0.0321648 	-0.00221555 	-0.00409674 	0
0.0326116 	-0.00227019 	-0.00445257 	0
0.0330583 	-0.00232528 	-0.00481049 	0
0.033505 	-0.00238194 	-0.00517482 	0
0.0339518 	-0.00244088 	-0.00554963 	0
0.0343985 	-0.00249983 	-0.00592443 	0
0.0348452 	-0.002562 	-0.00631432 	0
0.035292 	-0.00262444 	-0.00670602 	0
0.0357387 	-0.00268818 	-0.00710404 	0
0.0361854 	-0.00275354 	-0.00751129 	0
0.0366322 	-0.0028189 	-0.00791854 	0
0.0370789 	-0.00288632 	-0.00833738 	0
0.0375256 	-0.00295381 	-0.00875723 	0
0.0379724 	-0.00302185 	-0.00918048 	-1.13679e-27
0.0384191 	-0.00309042 	-0.00960812 	-3.96049e-27
0.0388658 	-0.00315898 	-0.0100358 	-6.78419e-27
0.0393126 	-0.00322738 	-0.0104643 	-9.45245e-27
0.0397593 	-0.0032957 	-0.0108929 	-1.22446e-26
0.040206 	-0.00336319 	-0.0113177 	-1.45358e-26
0.0406528 	-0.00342959 	-0.0117378 	-1.6449e-26
0.0410995 	-0.003496 	-0.012158 	-1.83623e-26
0.0415462 	-0.0035585 	-0.0125583 	-2.05712e-26
0.041993 	-0.00362086 	-0.0129578 	-2.19868e-26
0.0424397 	-0.00367989 	-0.01334 	-2.04595e-26
0.0428864 	-0.00373538 	-0.0137028 	-1.57226e-26
0.0433332 	-0.00379075 	-0.0140654 	-1.10833e-26
0.0437799 	-0.00383569 	-0.014372 	-6.21734e-27
0.0442266 	-0.00388052 	-0.0146775 	-2.00958e-27
0.0446734 	-0.00391744 	-0.0149416 	-2.12485e-28
0.0451201 	-0.00394694 	-0.0151645 	-6.57395e-28
0.0455668 	-0.00397573 	-0.0153852 	-1.08424e-27
0.0460136 	-0.00398579 	-0.0154997 	-4.30191e-27
0.0464603 	-0.00399578 	-0.0156136 	-7.46867e-27
0.046907 	-0.00399482 	-0.0156605 	-9.16627e-27
0.0473538 	-0.00398501 	-0.0156476 	-8.72136e-27
0.0478005 	-0.00397398 	-0.0156295 	-7.68759e-27
0.0482472 	-0.00394913 	-0.0154839 	-4.52083e-27
0.048694 	-0.00392428 	-0.0153383 	-1.35407e-27
0.0491407 	-0.00388604 	-0.0150948 	0
0.0495874 	-0.00383762 	-0.0147698 	0
0.0500342 	-0.00378228 	-0.0144218 	6.40249e-28
0.0504809 	-0.00361717 	-0.0136993 	1.66105e-26
0.0509276 	-0.00345205 	-0.0129768 	3.25807e-26
0.0513744 	-0.00308553 	-0.0118108 	7.23723e-27
0.0518211 	-0.00257316 	-0.0103198 	-5.54423e-26
0.0522678 	-0.00203319 	-0.00874966 	-1.26373e-25
0.0527146 	-0.00141934 	-0.00646341 	-1.42343e-25
0.0531613 	-0.000805491 	-0.00417716 	-1.58313e-25
0.053608 	-0.000431021 	-0.0024568 	-1.16903e-25
0.0540548 	-0.000198674 	-0.00114994 	-5.42235e-26
0.0545015 	2.20523e-06 	-1.86814e-05 	0
0.0549482 	1.03339e-06 	-1.08523e-05 	0
0.055395 	-1.38454e-07 	-3.02329e-06 	0
0.0558417 	-5.22735e-07 	-2.64572e-07 	0
0.0562884 	-4.80015e-07 	-2.57767e-07 	0
0.0567352 	-4.34809e-07 	-2.52454e-07 	0
0.0571819 	-3.74697e-07 	-2.44507e-07 	0
0.0576286 	-3.14584e-07 	-2.3656e-07 	0
0.0580754 	-2.77138e-07 	-2.31367e-07 	0
0.0585221 	-2.5101e-07 	-2.26802e-07 	0
0.0589688 	-2.26831e-07 	-2.22861e-07 	0
0.0594156 	-2.12038e-07 	-2.2086e-07 	0
0.0598623 	-1.97245e-07 	-2.18859e-07 	0
0.060309 	-1.85403e-07 	-2.1791e-07 	0
0.0607558 	-1.74964e-07 	-2.17336e-07 	0
0.0612025 	-1.64915e-07 	-2.16948e-07 	0
0.0616492 	-1.56577e-07 	-2.17118e-07 	0
0.062096 	-1.48239e-07 	-2.17288e-07 	0
0.0625427 	-1.40813e-07 	-2.17781e-07 	0
0.0629894 	-1.33786e-07 	-2.1837e-07 	0
0.0634362 	-1.26963e-07 	-2.19043e-07 	0
0.0638829 	-1.20919e-07 	-2.19922e-07 	0
0.0643296 	-1.14875e-07 	-2.208e-07 	0
0.0647764 	-1.09411e-07 	-2.21878e-07 	0
0.0652231 	-1.04172e-07 	-2.23006e-07 	0
0.0656698 	-9.90908e-08 	-2.24207e-07 	0
0.0661166 	-9.45323e-08 	-2.2558e-07 	0
0.0665633 	-8.99738e-08 	-2.26953e-07 	0
0.0670101 	-8.58445e-08 	-2.28526e-07 	0
0.0674568 	-8.1865e-08 	-2.3015e-07 	0
0.0679035 	-7.80096e-08 	-2.31853e-07 	0
0.0683503 	-7.45232e-08 	-2.33737e-07 	0
0.068797 	-7.10368e-08 	-2.3562e-07 	0
0.0692437 	-6.78701e-08 	-2.3772e-07 	0
0.0696905 	-6.48034e-08 	-2.3987e-07 	0
0.0701372 	-6.18336e-08 	-2.42107e-07 	0
0.0705839 	-5.91238e-08 	-2.4453e-07 	0
0.0710307 	-5.6414e-08 	-2.46952e-07 	0
0.0714774 	-5.3941e-08 	-2.49602e-07 	0
0.0719241 	-5.15345e-08 	-2.523e-07 	0
0.0723709 	-4.92026e-08 	-2.55092e-07 	0
0.0728176 	-4.70537e-08 	-2.58068e-07 	0
0.0732643 	-4.49049e-08 	-2.61045e-07 	0
0.0737111 	-4.29304e-08 	-2.64258e-07 	0
0.0741578 	-4.10002e-08 	-2.67515e-07 	0
0.0746045 	-3.91265e-08 	-2.70871e-07 	1.21414e-29
0.0750513 	-3.73817e-08 	-2.7441e-07 	5.06746e-29
0.075498 	-3.56369e-08 	-2.77949e-07 	8.92078e-29
0.0759447 	-3.4019e-08 	-2.81733e-07 	1.35457e-28
0.0763915 	-3.24308e-08 	-2.85555e-07 	1.77053e-28
0.0768382 	-3.08842e-08 	-2.89484e-07 	1.90082e-28
0.0772849 	-2.94278e-08 	-2.93591e-07 	1.51549e-28
0.0777317 	-2.79714e-08 	-2.97699e-07 	1.13016e-28
0.0781784 	-2.6605e-08 	-3.0206e-07 	6.61413e-29
0.0786251 	-2.52587e-08 	-3.06454e-07 	2.45453e-29
0.0790719 	-2.39412e-08 	-3.10962e-07 	0
0.0795186 	-2.26857e-08 	-3.15644e-07 	0
0.0799653 	-2.14303e-08 	-3.20326e-07 	0
0.0804121 	-2.02348e-08 	-3.25272e-07 	0
0.0808588 	-1.90532e-08 	-3.30244e-07 	0
0.0813055 	-1.78891e-08 	-3.35338e-07 	4.07575e-29
0.0817523 	-1.67658e-08 	-3.40603e-07 	1.4524e-28
0.082199 	-1.56426e-08 	-3.45868e-07 	2.49722e-28
0.0826457 	-1.45538e-08 	-3.51405e-07 	3.616e-28
0.0830925 	-1.34748e-08 	-3.56963e-07 	4.68972e-28
0.0835392 	-1.24029e-08 	-3.62652e-07 	4.38317e-28
0.0839859 	-1.13551e-08 	-3.68506e-07 	2.24148e-28
0.0844327 	-1.03074e-08 	-3.7436e-07 	9.97894e-30
0.0848794 	-9.27106e-09 	-3.80497e-07 	-2.18538e-28
0.0853261 	-8.24225e-09 	-3.86648e-07 	-4.37334e-28
0.0857729 	-7.21019e-09 	-3.92938e-07 	-5.01915e-28
0.0862196 	-6.1886e-09 	-3.99388e-07 	-3.92229e-28
0.0866663 	-5.16702e-09 	-4.05838e-07 	-2.82542e-28
0.0871131 	-4.13477e-09 	-4.12573e-07 	-1.66034e-28
0.0875598 	-3.10903e-09 	-4.19315e-07 	-5.46085e-29
0.0880065 	-2.07228e-09 	-3.43876e-07 	0
0.0884533 	-1.03787e-09 	-1.73908e-07 	0
0.0889 	0 	0 	0
